	22	43	66	156	165	172
W	0.00141655481629009	0.00424692994057575	0.000581058895185277	4.85224723761256e-05	1.25994253823226e-30	0.0150811273672205
F	0.00195334399536005	0.00531096402880894	0.000367066263356806	7.73229271929746e-06	0.99726700790776	0.151728774482084
Y	0.00205718228164789	0.00289743643535171	0.000552666496045359	4.19631567587748e-05	0.00097471339048776	0.00970695165171564
M	0.00485643196032085	0.00644080160082667	0.00641452690720268	0.000328513611060920	0.000319616345845113	0.099216117966419
L	0.000873222862715662	0.0242970472193266	0.0033128650570841	0.000259058014299580	0.000120987414378861	0.208909404143479
I	1.67604962609481e-17	0.00166067013052411	8.23575909108333e-08	7.0568064912991e-10	1.93386499915737e-11	0.00839708372938219
V	1.03674364896970e-23	0.00274936829789272	8.88817664281991e-11	5.06143572561543e-06	3.44778027464645e-09	0.00871276802342353
A	0.0184300710756260	0.0269675956804198	0.0112526662925191	0.000177185979802955	0.000202462862057463	0.0182120521856868
G	0.00909893085756377	0.00317131885248537	0.00104947540905456	8.80079767698468e-06	1.15492292961696e-05	0.00331093075816387
S	0.073521500645606	0.0185888436013515	0.0128151452076775	3.78203716672767e-05	7.5772950439011e-05	0.00785203615828334
T	0.0140690821872889	0.0105186253748666	0.00240283798457346	0.000116630197511233	4.66906197850657e-06	0.00738492549809788
R	0.0234717531143291	0.0483011856139605	0.00795200394035001	0.997707527611093	2.61686947440945e-20	0.104427779695427
K	0.0264619543274993	0.650665369805567	0.00934808780994796	0.000347180506569780	3.99348761037839e-08	0.0530097197478226
H	0.0373988651641261	0.000376547175849799	0.000115007221213446	2.40057447507682e-05	0.000503626366483611	0.0115682140554909
N	0.255160388987085	0.0601266018576099	0.0123635382447656	4.03288639271042e-05	6.56501841015974e-05	0.0287040611691222
Q	0.0296122667750443	0.077174474531841	0.0566743425353509	0.000398733500697300	5.51597251737766e-05	0.0547477054025322
D	0.00698555240192036	0.0273327611048888	0.0170636405962906	0.000182419550681155	0.000133344671101377	0.0475965856014453
E	0.494632898547576	0.0291734587478531	0.857734988402066	0.000268515187001370	0.000265396488902802	0.161433762364204
P	2.04081177733083e-307	2.04642397813051e-119	2.9084446155334e-10	4.34805921534933e-167	4.23799018031339e-212	2.69275768926483e-178
C	0	0	0	0	0	0
