	-4	-3	-2	-1	0
W	0.0628272251308901	0	0.148148148148148	0.964285714285714	0
F	0.0628272251308901	0	0.537037037037037	0	0
Y	0.0628272251308901	0	0.185185185185185	0.0178571428571429	0
M	0.0314136125654450	0	0	0.0178571428571429	0
L	0.0209424083769634	0	0	0	0
I	0.0314136125654450	0.0301507537688442	0	0	0
V	0	0.0301507537688442	0	0	1
A	0.0314136125654450	0.0150753768844221	0	0	0
G	0.141361256544503	0.226130653266332	0	0	0
S	0.0418848167539267	0.130653266331658	0	0	0
T	0	0.0753768844221106	0.0370370370370370	0	0
R	0.0418848167539267	0.0402010050251256	0	0	0
K	0.094240837696335	0.0603015075376884	0	0	0
H	0.094240837696335	0.180904522613065	0.0925925925925926	0	0
N	0.0314136125654450	0.180904522613065	0	0	0
Q	0	0	0	0	0
D	0.18848167539267	0	0	0	0
E	0.0314136125654450	0.0301507537688442	0	0	0
P	0.0314136125654450	0	0	0	0
C	0	0	0	0	0
