Residue	No.correct core	No.native core	No.designed core	No.correct/ No.native core	No.correct/ No.designed core	No.correct	No.native	No.designed	No.correct/ No.native	No.correct/ No.designed	Residue	No.correct surface	No.native surface	No.designed surface	No.correct/ No.native	No.correct/ No.designed
ALA	133	175	218	0.76	0.61	262	400	456	0.65	0.57	ALA	9	40	29	0.22	0.31	
CYS	0	10	13	0.00	0.00	7	40	29	0.17	0.24	CYS	0	5	1	0.00	0.00	
ASP	43	70	89	0.61	0.48	205	390	449	0.53	0.46	ASP	65	120	155	0.54	0.42	
GLU	53	85	95	0.62	0.56	295	495	518	0.60	0.57	GLU	76	150	124	0.51	0.61	
PHE	77	95	109	0.81	0.71	181	235	274	0.77	0.66	PHE	5	15	11	0.33	0.45	
GLY	158	170	183	0.93	0.86	391	435	436	0.90	0.90	GLY	59	75	72	0.79	0.82	
HIS	68	100	134	0.68	0.51	89	195	242	0.46	0.37	HIS	1	30	6	0.03	0.17	
ILE	86	125	105	0.69	0.82	182	255	265	0.71	0.69	ILE	5	5	13	1.00	0.38	
LYS	8	50	17	0.16	0.47	138	375	338	0.37	0.41	LYS	19	85	54	0.22	0.35	
LEU	128	155	153	0.83	0.84	308	425	429	0.72	0.72	LEU	16	30	38	0.53	0.42	
MET	30	65	53	0.46	0.57	58	150	126	0.39	0.46	MET	1	15	20	0.07	0.05	
ASN	46	95	66	0.48	0.70	130	315	267	0.41	0.49	ASN	5	35	53	0.14	0.09	
PRO	48	65	48	0.74	1.00	181	275	206	0.66	0.88	PRO	60	70	68	0.86	0.88	
GLN	41	65	64	0.63	0.64	81	275	212	0.29	0.38	GLN	7	40	46	0.17	0.15	
ARG	40	75	82	0.53	0.49	179	365	449	0.49	0.40	ARG	18	75	43	0.24	0.42	
SER	148	225	215	0.66	0.69	237	465	388	0.51	0.61	SER	21	45	68	0.47	0.31	
THR	53	85	104	0.62	0.51	133	265	296	0.50	0.45	THR	23	45	68	0.51	0.34	
VAL	100	155	135	0.65	0.74	195	345	272	0.57	0.72	VAL	14	40	22	0.35	0.64	
TRP	45	65	62	0.69	0.73	96	130	178	0.74	0.54	TRP	5	5	23	1.00	0.22	
TYR	105	140	125	0.75	0.84	217	325	325	0.67	0.67	TYR	0	5	16	0.00	0.00	
Total	1410	2070		0.681		3565	6155		0.579		Total	409	930		0.440
