AA_TYPE	nat_ALA	nat_CYS	nat_ASP	nat_GLU	nat_PHE	nat_GLY	nat_HIS	nat_ILE	nat_LYS	nat_LEU	nat_MET	nat_ASN	nat_PRO	nat_GLN	nat_ARG	nat_SER	nat_THR	nat_VAL	nat_TRP	nat_TYR	
sub_ALA	262	8	6	11	1	9	4	2	8	3	2	7	8	10	18	75	6	12	1	3
sub_CYS	0	7	1	0	0	0	1	0	2	0	4	0	0	1	2	1	6	3	0	1
sub_ASP	16	1	205	22	6	8	14	2	32	10	4	31	18	8	15	31	7	4	3	12
sub_GLU	12	1	22	295	0	0	5	7	26	16	9	18	4	27	28	8	14	22	3	1
sub_PHE	3	0	0	1	181	0	21	0	1	4	4	14	0	6	5	1	3	2	5	23
sub_GLY	3	0	2	0	0	391	5	0	5	0	5	1	0	5	3	11	0	0	0	5
sub_HIS	9	0	19	4	9	1	89	3	12	9	18	19	11	4	6	7	0	7	6	9
sub_ILE	0	0	4	10	0	1	0	182	10	13	3	6	4	9	2	2	3	16	0	0
sub_LYS	11	4	21	43	2	3	9	0	138	7	4	11	2	19	20	8	16	13	0	7
sub_LEU	0	0	12	8	0	0	3	1	9	308	7	2	8	33	22	3	8	0	3	2
sub_MET	0	8	6	3	0	0	1	5	7	0	58	5	0	7	11	5	10	0	0	0
sub_ASN	10	0	20	14	0	4	9	0	15	1	2	130	12	12	3	19	0	1	1	14
sub_PRO	14	0	0	0	0	0	0	0	5	0	0	0	181	0	0	5	0	1	0	0
sub_GLN	1	0	10	12	0	3	5	0	26	3	7	12	0	81	19	9	4	13	1	6
sub_ARG	14	1	29	20	2	4	11	13	45	22	5	28	6	14	179	22	8	12	7	7
sub_SER	25	4	19	16	0	10	2	4	5	9	2	10	9	7	10	237	13	4	0	2
sub_THR	7	0	2	18	0	1	5	7	13	6	8	16	7	10	10	16	133	34	0	3
sub_VAL	5	6	0	9	0	0	0	28	0	3	1	0	1	3	1	0	19	195	0	1
sub_TRP	5	0	3	3	15	0	8	0	1	6	5	0	0	14	2	5	3	0	96	12
sub_TYR	3	0	9	6	19	0	3	1	15	5	2	5	4	5	9	0	12	6	4	217
