desc	energy	rmsd	ddg	sasa	p_sasa	h_sasa	unsats	hbond_energy	sc_HbondE	buried_HbondE	packstat	scvalue	(dg/sasa)	(sasa/unsat)
1a0o_chain_AB_0039	-442.441	0.986	-24.367	1167	496	671	0 	 0.371 	  	  	 0.606 	 0.731 	-0.0209 	 0.0
1a0o_chain_AB_0087	-441.924	0.932	-24.509	1169	504	666	0 	 0.367 	  	  	 0.566 	 0.736 	-0.0210 	 0.0
1a0o_chain_AB_0021	-441.849	0.950	-23.740	1144	478	666	0 	 0.334 	  	  	 0.491 	 0.745 	-0.0208 	 0.0
1a0o_chain_AB_0040	-441.805	0.768	-20.499	1149	404	745	0 	 0.147 	  	  	 0.584 	 0.763 	-0.0178 	 0.0
1a0o_chain_AB_0100	-441.522	0.923	-22.396	1279	561	717	0 	 0.318 	  	  	 0.602 	 0.668 	-0.0175 	 0.0
1ak4_chain_AD_0056	-683.567	1.084	-26.350	1026	412	614	1 	 0.323 	  	  	 0.662 	 0.849 	-0.0257 	 1025.5
1ak4_chain_AD_0026	-682.970	1.085	-26.970	1027	435	592	1 	 0.357 	  	  	 0.770 	 0.863 	-0.0263 	 1026.7
1ak4_chain_AD_0099	-682.888	1.245	-28.074	1052	480	573	2 	 0.353 	  	  	 0.711 	 0.868 	-0.0267 	 526.1
1ak4_chain_AD_0086	-682.064	1.059	-26.705	1040	446	594	4 	 0.341 	  	  	 0.670 	 0.842 	-0.0257 	 259.9
1ak4_chain_AD_0013	-681.543	1.094	-26.219	1006	430	576	2 	 0.327 	  	  	 0.759 	 0.842 	-0.0261 	 502.8
1ay7_chain_AB_0098	-425.266	0.687	-33.708	1193	559	634	1 	 0.414 	  	  	 0.694 	 0.704 	-0.0283 	 1192.8
1ay7_chain_AB_0016	-425.116	0.756	-36.544	1488	768	720	8 	 0.500 	  	  	 0.644 	 0.699 	-0.0246 	 186.0
1ay7_chain_AB_0050	-424.978	0.721	-33.111	1205	604	601	1 	 0.381 	  	  	 0.680 	 0.652 	-0.0275 	 1204.8
1ay7_chain_AB_0063	-424.853	0.680	-34.607	1264	674	590	2 	 0.497 	  	  	 0.616 	 0.703 	-0.0274 	 632.2
1ay7_chain_AB_0079	-424.181	0.701	-38.569	1319	715	604	3 	 0.475 	  	  	 0.661 	 0.745 	-0.0293 	 439.5
1eay_chain_AC_0067	-388.019	1.203	-32.387	1624	661	963	5 	 0.278 	  	  	 0.568 	 0.764 	-0.0199 	 324.8
1eay_chain_AC_0013	-387.743	1.292	-26.778	1380	474	906	2 	 0.105 	  	  	 0.562 	 0.770 	-0.0194 	 689.9
1eay_chain_AC_0048	-387.038	1.251	-27.316	1382	464	918	4 	 0.195 	  	  	 0.479 	 0.764 	-0.0198 	 345.6
1eay_chain_AC_0025	-386.395	1.181	-30.940	1483	599	884	4 	 0.261 	  	  	 0.521 	 0.754 	-0.0209 	 370.8
1eay_chain_AC_0054	-386.384	1.187	-27.696	1362	472	890	5 	 0.233 	  	  	 0.476 	 0.756 	-0.0203 	 272.4
1efn_chain_AB_0011	-334.173	0.703	-24.092	1256	505	751	7 	 0.094 	  	  	 0.752 	 0.804 	-0.0192 	 179.4
1efn_chain_AB_0086	-333.600	0.724	-21.257	1201	426	775	5 	 0.138 	  	  	 0.654 	 0.709 	-0.0177 	 240.2
1efn_chain_AB_0039	-333.443	0.645	-24.526	1193	497	696	6 	 0.146 	  	  	 0.766 	 0.773 	-0.0206 	 198.8
1efn_chain_AB_0031	-333.017	0.729	-21.278	1173	473	701	5 	 0.183 	  	  	 0.719 	 0.736 	-0.0181 	 234.6
1efn_chain_AB_0093	-332.431	0.679	-20.665	1178	409	769	4 	 0.143 	  	  	 0.736 	 0.730 	-0.0175 	 294.5
1emv_chain_AB_0087	-487.801	0.497	-40.525	1485	595	890	3 	 0.463 	  	  	 0.720 	 0.775 	-0.0273 	 495.0
1emv_chain_AB_0023	-486.132	0.516	-41.656	1524	655	870	6 	 0.469 	  	  	 0.670 	 0.780 	-0.0273 	 254.1
1emv_chain_AB_0001	-485.843	0.551	-39.801	1488	692	796	2 	 0.505 	  	  	 0.678 	 0.754 	-0.0268 	 743.9
1emv_chain_AB_0064	-485.793	0.482	-38.314	1510	681	830	2 	 0.494 	  	  	 0.710 	 0.738 	-0.0254 	 755.2
1emv_chain_AB_0068	-485.385	0.504	-39.643	1498	630	868	6 	 0.456 	  	  	 0.676 	 0.779 	-0.0265 	 249.7
1ffg_chain_AB_0081	-448.921	0.567	-22.735	1269	459	810	2 	 0.325 	  	  	 0.567 	 0.659 	-0.0179 	 634.4
1ffg_chain_AB_0077	-448.745	0.592	-22.535	1263	442	821	2 	 0.268 	  	  	 0.514 	 0.696 	-0.0178 	 631.6
1ffg_chain_AB_0082	-448.665	0.524	-22.328	1237	463	775	1 	 0.361 	  	  	 0.551 	 0.663 	-0.0180 	 1237.1
1ffg_chain_AB_0019	-448.605	0.533	-22.864	1229	455	774	1 	 0.349 	  	  	 0.542 	 0.699 	-0.0186 	 1229.4
1ffg_chain_AB_0032	-448.597	0.526	-22.090	1232	460	772	0 	 0.356 	  	  	 0.587 	 0.655 	-0.0179 	 0.0
1gcq_chain_BC_0082	-303.829	0.363	-29.201	1242	518	724	2 	 0.242 	  	  	 0.723 	 0.812 	-0.0235 	 621.0
1gcq_chain_BC_0007	-303.820	0.338	-25.465	1152	550	602	0 	 0.413 	  	  	 0.622 	 0.708 	-0.0221 	 0.0
1gcq_chain_BC_0023	-303.484	0.386	-28.361	1232	478	754	1 	 0.249 	  	  	 0.652 	 0.786 	-0.0230 	 1232.0
1gcq_chain_BC_0083	-302.688	0.316	-31.796	1290	438	852	2 	 0.217 	  	  	 0.695 	 0.797 	-0.0246 	 645.0
1gcq_chain_BC_0084	-302.463	0.364	-26.500	1223	448	775	0 	 0.350 	  	  	 0.669 	 0.755 	-0.0217 	 0.0
1gpw_chain_AB_0078	-1047.014	1.040	-41.807	2167	972	1195	6 	 0.384 	  	  	 0.628 	 0.617 	-0.0193 	 361.2
1gpw_chain_AB_0054	-1044.080	0.765	-41.898	2017	1090	926	4 	 0.507 	  	  	 0.641 	 0.585 	-0.0208 	 504.1
1gpw_chain_AB_0082	-1043.643	0.986	-46.176	2303	1106	1197	5 	 0.457 	  	  	 0.658 	 0.629 	-0.0201 	 460.6
1gpw_chain_AB_0062	-1042.754	0.860	-44.294	2159	1043	1116	4 	 0.393 	  	  	 0.680 	 0.640 	-0.0205 	 539.7
1gpw_chain_AB_0015	-1042.734	0.925	-40.154	2133	986	1146	7 	 0.412 	  	  	 0.700 	 0.598 	-0.0188 	 304.7
1j7d_chain_AB_0014	-617.827	1.055	-30.081	1400	508	892	5 	 0.233 	  	  	 0.682 	 0.718 	-0.0215 	 280.1
1j7d_chain_AB_0006	-617.559	1.052	-29.510	1396	505	891	5 	 0.240 	  	  	 0.651 	 0.719 	-0.0211 	 279.2
1j7d_chain_AB_0035	-617.093	1.032	-29.355	1390	510	880	5 	 0.236 	  	  	 0.628 	 0.718 	-0.0211 	 278.0
1j7d_chain_AB_0100	-612.908	0.917	-29.704	1426	536	890	6 	 0.244 	  	  	 0.607 	 0.704 	-0.0208 	 237.7
1j7d_chain_AB_0020	-612.865	1.006	-27.422	1381	489	892	6 	 0.170 	  	  	 0.598 	 0.717 	-0.0199 	 230.2
1jtd_chain_AB_0055	-1320.293	0.766	-46.966	2049	1120	929	4 	 0.412 	  	  	 0.705 	 0.615 	-0.0229 	 512.4
1jtd_chain_AB_0043	-1316.499	0.702	-50.797	2249	1424	825	5 	 0.525 	  	  	 0.688 	 0.580 	-0.0226 	 449.8
1jtd_chain_AB_0048	-1315.989	0.613	-36.772	1847	1121	726	5 	 0.482 	  	  	 0.711 	 0.536 	-0.0199 	 369.4
1jtd_chain_AB_0006	-1315.174	0.576	-43.675	2052	1314	737	8 	 0.428 	  	  	 0.670 	 0.681 	-0.0213 	 256.4
1jtd_chain_AB_0005	-1315.101	0.477	-42.268	1968	1215	753	4 	 0.435 	  	  	 0.683 	 0.559 	-0.0215 	 492.0
1jtg_chain_AB_0037	-1064.215	0.857	-56.546	2654	1264	1391	6 	 0.398 	  	  	 0.689 	 0.624 	-0.0213 	 442.4
1jtg_chain_AB_0094	-1060.751	0.774	-53.976	2694	1195	1499	7 	 0.334 	  	  	 0.637 	 0.597 	-0.0200 	 384.8
1jtg_chain_AB_0010	-1060.317	0.626	-55.210	2613	1277	1336	7 	 0.406 	  	  	 0.701 	 0.576 	-0.0211 	 373.3
1jtg_chain_AB_0067	-1059.929	0.779	-59.780	2805	1378	1427	4 	 0.427 	  	  	 0.678 	 0.573 	-0.0213 	 701.2
1jtg_chain_AB_0049	-1058.978	0.589	-57.812	2700	1094	1606	6 	 0.369 	  	  	 0.720 	 0.620 	-0.0214 	 450.0
1lw6_chain_EI_0064	-861.630	0.544	-41.488	1591	594	997	3 	 0.312 	  	  	 0.794 	 0.744 	-0.0261 	 530.4
1lw6_chain_EI_0099	-860.857	0.510	-40.475	1529	692	837	2 	 0.344 	  	  	 0.812 	 0.746 	-0.0265 	 764.6
1lw6_chain_EI_0053	-857.874	0.486	-40.855	1560	663	897	5 	 0.294 	  	  	 0.819 	 0.736 	-0.0262 	 312.0
1lw6_chain_EI_0073	-857.444	0.488	-39.344	1415	626	789	4 	 0.323 	  	  	 0.757 	 0.689 	-0.0278 	 353.8
1lw6_chain_EI_0008	-856.462	0.472	-39.245	1547	674	874	3 	 0.311 	  	  	 0.801 	 0.767 	-0.0254 	 515.7
1mg9_chain_AB_0078	-509.332	0.924	-32.261	1581	721	860	1 	 0.571 	  	  	 0.658 	 0.650 	-0.0204 	 1580.9
1mg9_chain_AB_0061	-504.754	1.037	-31.260	1566	755	811	1 	 0.527 	  	  	 0.632 	 0.557 	-0.0200 	 1565.9
1mg9_chain_AB_0001	-503.960	0.825	-32.991	1607	543	1064	1 	 0.324 	  	  	 0.643 	 0.713 	-0.0205 	 1606.9
1mg9_chain_AB_0085	-503.838	0.895	-29.677	1500	669	831	2 	 0.574 	  	  	 0.614 	 0.611 	-0.0198 	 750.0
1mg9_chain_AB_0089	-503.528	1.047	-28.787	1462	648	814	0 	 0.484 	  	  	 0.623 	 0.602 	-0.0197 	 0.0
1u0s_chain_AY_0091	-488.777	0.733	-34.573	1479	540	940	3 	 0.295 	  	  	 0.546 	 0.813 	-0.0234 	 493.1
1u0s_chain_AY_0054	-488.560	0.730	-34.735	1482	547	936	3 	 0.291 	  	  	 0.616 	 0.814 	-0.0234 	 494.1
1u0s_chain_AY_0067	-488.466	0.778	-34.169	1511	559	952	2 	 0.332 	  	  	 0.596 	 0.833 	-0.0226 	 755.6
1u0s_chain_AY_0018	-488.406	0.798	-35.710	1520	619	901	5 	 0.348 	  	  	 0.596 	 0.820 	-0.0235 	 304.0
1u0s_chain_AY_0039	-488.323	0.733	-33.581	1431	528	903	2 	 0.277 	  	  	 0.533 	 0.814 	-0.0235 	 715.6
1ugh_chain_EI_0088	-707.869	0.688	-44.670	2277	874	1402	7 	 0.347 	  	  	 0.662 	 0.711 	-0.0196 	 325.2
1ugh_chain_EI_0040	-706.644	0.745	-44.582	2171	831	1340	7 	 0.339 	  	  	 0.711 	 0.750 	-0.0205 	 310.2
1ugh_chain_EI_0052	-705.785	0.629	-45.265	2186	840	1346	6 	 0.346 	  	  	 0.647 	 0.753 	-0.0207 	 364.3
1ugh_chain_EI_0086	-705.252	0.585	-46.990	2268	885	1383	7 	 0.288 	  	  	 0.710 	 0.734 	-0.0207 	 324.0
1ugh_chain_EI_0064	-704.277	0.554	-42.376	2237	862	1374	5 	 0.387 	  	  	 0.682 	 0.656 	-0.0189 	 447.4
1us7_chain_AB_0069	-828.287	1.885	-24.427	1059	415	644	1 	 0.245 	  	  	 0.654 	 0.823 	-0.0231 	 1059.1
1us7_chain_AB_0081	-827.380	2.239	-26.363	1287	577	710	1 	 0.356 	  	  	 0.700 	 0.782 	-0.0205 	 1286.6
1us7_chain_AB_0064	-826.516	1.975	-21.241	956	344	612	1 	 0.275 	  	  	 0.760 	 0.823 	-0.0222 	 956.2
1us7_chain_AB_0017	-826.089	1.899	-23.141	1085	427	658	2 	 0.273 	  	  	 0.709 	 0.804 	-0.0213 	 542.3
1us7_chain_AB_0062	-825.334	2.076	-25.053	1103	447	656	2 	 0.228 	  	  	 0.652 	 0.778 	-0.0227 	 551.7
1uug_chain_AB_0091	-741.840	0.728	-54.604	2137	986	1150	5 	 0.395 	  	  	 0.667 	 0.634 	-0.0256 	 427.4
1uug_chain_AB_0021	-741.680	0.686	-52.380	2270	980	1290	5 	 0.321 	  	  	 0.665 	 0.645 	-0.0231 	 454.0
1uug_chain_AB_0054	-741.344	0.675	-55.487	2085	923	1162	3 	 0.367 	  	  	 0.664 	 0.684 	-0.0266 	 695.1
1uug_chain_AB_0085	-739.643	0.702	-54.320	2222	961	1261	3 	 0.370 	  	  	 0.598 	 0.573 	-0.0244 	 740.7
1uug_chain_AB_0076	-739.275	0.717	-48.968	2142	940	1202	3 	 0.422 	  	  	 0.659 	 0.631 	-0.0229 	 713.9
1v74_chain_AB_0038	-463.047	0.489	-45.544	2141	1039	1102	3 	 0.473 	  	  	 0.671 	 0.584 	-0.0213 	 713.7
1v74_chain_AB_0046	-460.528	0.401	-41.530	1976	1022	954	3 	 0.475 	  	  	 0.593 	 0.585 	-0.0210 	 658.7
1v74_chain_AB_0082	-460.388	0.452	-40.638	1941	910	1031	2 	 0.425 	  	  	 0.641 	 0.631 	-0.0209 	 970.5
1v74_chain_AB_0047	-460.224	0.400	-41.799	1827	838	989	2 	 0.460 	  	  	 0.646 	 0.724 	-0.0229 	 913.5
1v74_chain_AB_0054	-457.897	0.419	-38.705	2014	1098	916	5 	 0.404 	  	  	 0.664 	 0.634 	-0.0192 	 402.9
1zhi_chain_AB_0037	-651.106	1.541	-33.457	1172	593	580	5 	 0.436 	  	  	 0.648 	 0.691 	-0.0285 	 234.5
1zhi_chain_AB_0045	-647.574	1.727	-31.621	1125	546	578	4 	 0.377 	  	  	 0.706 	 0.672 	-0.0281 	 281.1
1zhi_chain_AB_0022	-645.771	1.452	-30.849	1139	525	614	3 	 0.361 	  	  	 0.641 	 0.662 	-0.0271 	 379.5
1zhi_chain_AB_0027	-644.122	1.704	-30.019	1108	527	581	4 	 0.352 	  	  	 0.583 	 0.659 	-0.0271 	 277.0
1zhi_chain_AB_0068	-643.903	2.023	-31.569	1209	573	636	2 	 0.384 	  	  	 0.658 	 0.702 	-0.0261 	 604.3
2gox_chain_AB_0081	-819.937	0.538	-42.079	2115	967	1148	4 	 0.404 	  	  	 0.638 	 0.659 	-0.0199 	 528.9
2gox_chain_AB_0002	-819.485	0.647	-39.576	1993	1000	993	7 	 0.494 	  	  	 0.528 	 0.648 	-0.0199 	 284.7
2gox_chain_AB_0064	-817.774	0.589	-42.249	2178	1078	1100	7 	 0.433 	  	  	 0.597 	 0.658 	-0.0194 	 311.1
2gox_chain_AB_0060	-817.635	0.583	-37.034	1940	1006	935	6 	 0.509 	  	  	 0.558 	 0.648 	-0.0191 	 323.4
2gox_chain_AB_0036	-817.582	0.580	-40.082	2034	935	1099	6 	 0.434 	  	  	 0.592 	 0.667 	-0.0197 	 338.9
2hle_chain_AB_0070	-670.665	0.874	-50.745	2174	851	1323	12 	 0.291 	  	  	 0.602 	 0.709 	-0.0233 	 181.2
2hle_chain_AB_0006	-669.810	0.809	-49.900	2261	1113	1148	12 	 0.457 	  	  	 0.642 	 0.663 	-0.0221 	 188.4
2hle_chain_AB_0053	-669.647	0.952	-47.240	2134	911	1223	10 	 0.365 	  	  	 0.683 	 0.691 	-0.0221 	 213.4
2hle_chain_AB_0058	-669.555	0.957	-47.360	2073	897	1176	4 	 0.277 	  	  	 0.617 	 0.727 	-0.0228 	 518.2
2hle_chain_AB_0008	-667.131	0.998	-48.165	2180	776	1404	7 	 0.248 	  	  	 0.635 	 0.702 	-0.0221 	 311.5
2hrk_chain_AB_0080	-585.007	0.754	-36.218	1754	608	1146	7 	 0.212 	  	  	 0.679 	 0.721 	-0.0206 	 250.6
2hrk_chain_AB_0073	-578.189	0.688	-31.367	1595	548	1047	5 	 0.182 	  	  	 0.607 	 0.701 	-0.0197 	 319.1
2hrk_chain_AB_0012	-578.041	0.677	-34.371	1797	580	1218	9 	 0.140 	  	  	 0.634 	 0.713 	-0.0191 	 199.7
2hrk_chain_AB_0022	-577.814	0.706	-32.776	1717	634	1083	8 	 0.193 	  	  	 0.684 	 0.696 	-0.0191 	 214.6
2hrk_chain_AB_0039	-577.246	0.650	-31.508	1702	653	1050	4 	 0.257 	  	  	 0.643 	 0.700 	-0.0185 	 425.6
2i25_chain_NL_0029	-573.699	0.590	-37.223	1614	844	770	9 	 0.433 	  	  	 0.753 	 0.669 	-0.0231 	 179.4
2i25_chain_NL_0058	-573.410	0.564	-35.044	1512	774	737	9 	 0.472 	  	  	 0.754 	 0.671 	-0.0232 	 168.0
2i25_chain_NL_0081	-572.792	0.626	-39.129	1558	820	738	10 	 0.458 	  	  	 0.747 	 0.678 	-0.0251 	 155.8
2i25_chain_NL_0002	-572.127	0.538	-33.725	1435	769	666	7 	 0.421 	  	  	 0.791 	 0.645 	-0.0235 	 205.0
2i25_chain_NL_0047	-571.749	0.671	-38.467	1513	765	748	9 	 0.449 	  	  	 0.769 	 0.663 	-0.0254 	 168.1
2oob_chain_AB_0026	-274.863	0.630	-18.839	953	274	679	1 	 0.183 	  	  	 0.628 	 0.804 	-0.0198 	 952.7
2oob_chain_AB_0008	-274.797	0.670	-19.868	975	337	638	0 	 0.201 	  	  	 0.633 	 0.771 	-0.0204 	 0.0
2oob_chain_AB_0054	-274.696	0.547	-17.618	855	192	663	1 	 0.125 	  	  	 0.652 	 0.818 	-0.0206 	 854.5
2oob_chain_AB_0044	-274.593	0.640	-17.403	891	212	679	1 	 0.126 	  	  	 0.675 	 0.793 	-0.0195 	 890.6
2oob_chain_AB_0069	-274.473	0.548	-18.381	919	277	641	1 	 0.196 	  	  	 0.615 	 0.802 	-0.0200 	 918.8
2oul_chain_AB_0096	-802.499	1.045	-46.418	2072	855	1217	4 	 0.255 	  	  	 0.666 	 0.660 	-0.0224 	 518.1
2oul_chain_AB_0023	-802.086	1.072	-46.558	2074	877	1197	5 	 0.257 	  	  	 0.712 	 0.689 	-0.0224 	 414.9
2oul_chain_AB_0056	-802.041	1.043	-50.502	2136	951	1185	6 	 0.294 	  	  	 0.732 	 0.681 	-0.0236 	 356.0
2oul_chain_AB_0060	-801.642	1.049	-46.013	2050	865	1185	6 	 0.257 	  	  	 0.670 	 0.685 	-0.0224 	 341.6
2oul_chain_AB_0077	-801.585	1.058	-46.873	2022	841	1182	4 	 0.278 	  	  	 0.712 	 0.705 	-0.0232 	 505.6
2wpt_chain_AB_0041	-436.259	0.483	-38.007	1650	734	916	4 	 0.440 	  	  	 0.670 	 0.718 	-0.0230 	 412.6
2wpt_chain_AB_0043	-434.182	0.476	-38.897	1642	690	952	8 	 0.387 	  	  	 0.709 	 0.745 	-0.0237 	 205.3
2wpt_chain_AB_0046	-432.925	0.441	-37.406	1641	704	937	6 	 0.422 	  	  	 0.671 	 0.716 	-0.0228 	 273.5
2wpt_chain_AB_0085	-432.283	0.451	-35.336	1621	709	912	7 	 0.417 	  	  	 0.671 	 0.721 	-0.0218 	 231.6
2wpt_chain_AB_0058	-431.734	0.435	-38.108	1600	697	904	6 	 0.433 	  	  	 0.738 	 0.701 	-0.0238 	 266.7
3ygs_chain_CP_0096	-403.750	0.898	-20.977	1122	610	512	0 	 0.451 	  	  	 0.629 	 0.628 	-0.0187 	 0.0
3ygs_chain_CP_0020	-403.511	0.841	-19.409	1005	464	542	2 	 0.279 	  	  	 0.624 	 0.756 	-0.0193 	 502.7
3ygs_chain_CP_0090	-401.486	0.836	-20.837	890	462	428	3 	 0.383 	  	  	 0.607 	 0.737 	-0.0234 	 296.7
3ygs_chain_CP_0083	-401.383	0.824	-16.322	891	480	411	0 	 0.434 	  	  	 0.656 	 0.722 	-0.0183 	 0.0
3ygs_chain_CP_0037	-400.921	0.726	-18.394	988	436	552	2 	 0.193 	  	  	 0.536 	 0.722 	-0.0186 	 493.9
