REMARK  Predicted order parameter (S2) from backbone chemical shifts for cs.talos
REMARK    from David Wishart's RCI method, JACS, 127(43), 14970-14971

VARS RESID RESNAME CS_CNT CS_CNT_R2 S2 
FORMAT %4d %1s %2d %2d %8.3f 

    1 G 16  5    0.130
    2 G 16  5    0.176
    3 S 17  6    0.298
    4 N 18  6    0.484
    5 A 18  6    0.676
    6 T 18  6    0.776
    7 A 16  6    0.820
    8 P 16  4    0.860
    9 F 16  6    0.857
   10 F 18  6    0.816
   11 E 18  6    0.769
   12 M 18  6    0.742
   13 K 18  6    0.757
   14 L 18  6    0.801
   15 K 18  6    0.855
   16 H 18  6    0.892
   17 Y 18  6    0.897
   18 K 18  6    0.896
   19 I 18  6    0.892
   20 F 18  6    0.879
   21 E 17  6    0.846
   22 G 16  5    0.799
   23 M 14  5    0.784
   24 P 15  4    0.803
   25 V 16  6    0.835
   26 T 18  6    0.851
   27 F 18  6    0.845
   28 T 18  6    0.862
   29 C 18  6    0.878
   30 R 18  6    0.899
   31 V 18  6    0.899
   32 A 17  6    0.872
   33 G 16  5    0.821
   34 N 14  5    0.761
   35 P 15  4    0.709
   36 K 14  6    0.664
   37 P 16  4    0.688
   38 K 16  6    0.746
   39 I 18  6    0.851
   40 Y 18  6    0.890
   41 W 18  6    0.910
   42 F 18  6    0.909
   43 K 18  6    0.896
   44 D 17  6    0.874
   45 G 17  5    0.837
   46 K 17  6    0.819
   47 Q 18  6    0.815
   48 I 18  6    0.819
   49 S 16  6    0.813
   50 P 16  4    0.754
   51 K 16  6    0.730
   52 S 18  6    0.684
   53 D 18  6    0.725
   54 H 18  6    0.735
   55 Y 18  6    0.802
   56 T 18  6    0.814
   57 I 18  6    0.855
   58 Q 18  6    0.871
   59 R 18  6    0.884
   60 D 18  6    0.862
   61 L 18  6    0.801
   62 D 17  6    0.785
   63 G 17  5    0.796
   64 T 17  6    0.863
   65 C 18  6    0.895
   66 S 18  6    0.911
   67 L 18  6    0.902
   68 H 18  6    0.903
   69 T 18  6    0.895
   70 T 18  6    0.877
   71 A 18  6    0.850
   72 S 18  6    0.844
   73 T 18  6    0.861
   74 L 18  6    0.880
   75 D 18  6    0.880
   76 D 18  6    0.874
   77 D 17  6    0.876
   78 G 17  5    0.886
   79 N 17  6    0.899
   80 Y 18  6    0.913
   81 T 18  6    0.928
   82 I 18  6    0.937
   83 M 18  6    0.937
   84 A 18  6    0.928
   85 A 18  6    0.903
   86 N 16  6    0.864
   87 P 16  4    0.828
   88 Q 15  6    0.828
   89 G 17  5    0.855
   90 R 17  6    0.897
   91 V 18  6    0.909
   92 S 18  6    0.904
   93 C 18  6    0.888
   94 T 16  6    0.886
   95 G 15  4    0.891
   96 R 15  5    0.908
   97 L 17  6    0.913
   98 M 18  6    0.900
   99 V 18  6    0.845
  100 Q 18  6    0.769
  101 A 18  6    0.726
  102 V 17  6    0.701
  103 N 17  5    0.655
  104 Q 17  6    0.397
  105 R 17  6    0.201
  106 G 17  5    0.069
  107 R 17  6    0.029
  108 S 18  6    0.019
