

VARS   RESID RESNAME PHI PSI DPHI DPSI DIST S2 COUNT CLASS 
FORMAT %4d %s %8.3f %8.3f %8.3f %8.3f %8.3f %5.3f %2d %s

   1 G 9999.000 9999.000    0.000    0.000    0.000 0.130  0 None
   2 G  -87.268  159.946   71.254   40.058   26.424 0.176  6 Dyn
   3 S -100.900  130.145   65.135   31.666   18.395 0.298 10 Dyn
   4 N  -98.563   -0.636   10.552   22.635   16.257 0.484 10 Dyn
   5 A  -85.721  128.953   58.294   16.456   19.980 0.676 10 Good
   6 T -119.445  140.675   11.906   17.977   38.008 0.776 10 Good
   7 A  -85.572  129.739   30.535   34.548   71.253 0.820 10 Good
   8 P  -65.545  151.860    8.998   11.193   59.134 0.860  8 Warn
   9 F -125.025  156.246   22.947   14.043   46.035 0.857 10 Good
  10 F -108.391  132.140   26.029   17.787   24.995 0.816 10 Good
  11 E  -85.777  -32.588   12.319   12.428   29.488 0.769 10 Good
  12 M -138.467  139.079   27.916   16.288   25.538 0.742 10 Good
  13 K  -75.764  -21.679   21.483   12.845   33.260 0.757  5 Warn
  14 L -148.322  141.749   25.810   22.038   30.496 0.801  9 Warn
  15 K -127.705  160.129   60.315   11.771   30.584 0.855  9 Warn
  16 H -136.423  154.132   48.034   14.191   28.486 0.892 10 Good
  17 Y -135.169  133.809   17.172   13.347   21.946 0.897 10 Good
  18 K -118.551  128.876   12.234   13.547   21.298 0.896 10 Good
  19 I -135.281  164.941   13.014    9.489   17.567 0.892 10 Good
  20 F -120.418  145.404   30.076   12.764   27.966 0.879 10 Good
  21 E  -80.149  131.468   24.098   14.626   32.344 0.846 10 Good
  22 G   92.707   -9.905    8.627   11.268   40.885 0.799 10 Good
  23 M  -88.207  122.751   16.390   33.723   69.198 0.784 10 Good
  24 P  -70.645  155.984    6.533   10.201   49.713 0.803  9 Warn
  25 V -144.762  146.338   47.305   36.073   42.892 0.835 10 Good
  26 T -112.111  129.855   18.987   15.217   18.227 0.851 10 Good
  27 F -110.049  139.432   19.924   14.314   15.268 0.845 10 Good
  28 T -131.496  144.319   14.585   12.036   17.588 0.862 10 Good
  29 C -139.788  153.810   10.343    7.702   23.203 0.878 10 Good
  30 R -127.371  131.247   21.051    9.093   23.959 0.899 10 Good
  31 V -123.948  126.125   13.617   10.461   20.049 0.899 10 Good
  32 A -126.969  159.455   22.933   12.372   32.316 0.872 10 Good
  33 G -110.208  152.723   61.259   25.321   36.247 0.821 10 Warn
  34 N -122.330  129.558   35.674   32.604   63.730 0.761 10 Good
  35 P  -71.928  153.354   11.222   10.951   54.041 0.709 10 Good
  36 K  -92.287  135.460   19.076   26.850   75.055 0.664 10 Good
  37 P  -65.455  146.911    9.634   10.258   45.390 0.688 10 Good
  38 K -100.862  130.946   18.277   17.537   34.352 0.746 10 Warn
  39 I -113.259  131.036   14.205   13.406   19.570 0.851 10 Good
  40 Y -127.347  149.907   11.172    8.645   18.836 0.890 10 Good
  41 W -140.075  150.987   16.191   14.536   17.578 0.910 10 Good
  42 F -132.730  145.446   14.802   10.145   16.857 0.909 10 Good
  43 K -133.016  131.185   22.268   18.948   27.922 0.896 10 Good
  44 D   51.583   44.548    3.962    4.199   91.473 0.874 10 Warn
  45 G   80.019    0.444   11.273   16.174   49.277 0.837 10 Good
  46 K -102.145  130.726   16.239    9.588   31.134 0.819 10 Good
  47 Q  -84.455  123.376   15.719   11.997   18.680 0.815 10 Good
  48 I -102.978  124.914   13.270   12.003   19.198 0.819 10 Good
  49 S  -98.346  126.543   28.408   23.420   52.304 0.813 10 Good
  50 P  -57.367  -31.954   11.230    9.753   47.322 0.754 10 Good
  51 K  -84.282   -6.261   19.394   19.204   37.400 0.730 10 Good
  52 S  -88.888  140.230   68.918   24.354   14.874 0.684  8 Warn
  53 D  -81.388  -20.354   21.007   26.645   15.193 0.725  9 Warn
  54 H  -95.749  -26.539   20.206   23.097   16.905 0.735  9 Warn
  55 Y -125.553  143.334   65.177   19.964   16.374 0.802 10 Good
  56 T -111.047  119.284   21.263    8.296   13.700 0.814 10 Good
  57 I -108.786  132.194   17.787   13.031   14.727 0.855 10 Good
  58 Q -119.838  129.698    9.368    8.870   14.965 0.871 10 Good
  59 R -118.708  127.912   12.128    7.001   15.941 0.884 10 Good
  60 D  -96.460  161.505   23.082   13.474   18.343 0.862 10 Good
  61 L  -61.679  -28.952    7.161    9.754   14.094 0.801 10 Good
  62 D  -79.913   -9.183   12.524   22.684   34.306 0.785 10 Good
  63 G   93.445    2.992   13.404   14.421   93.457 0.796  9 Warn
  64 T  -79.962  127.339   19.533    7.443   45.833 0.863 10 Good
  65 C -105.295  139.134   13.629    8.284   37.203 0.895 10 Good
  66 S -137.590  158.920   12.717   10.214   21.097 0.911 10 Good
  67 L -116.115  123.278   14.615    6.784   17.143 0.902 10 Good
  68 H -118.133  133.480   14.893    9.881   16.455 0.903 10 Good
  69 T -116.123  129.359   31.293   35.648   25.202 0.895 10 Good
  70 T  -76.078  -18.717   19.663   14.056   29.717 0.877 10 Good
  71 A  -90.979   -4.001    9.417   11.147   21.674 0.850  9 Warn
  72 S  -93.476  148.089   21.113   13.446   21.353 0.844 10 Good
  73 T  -95.265  169.232   18.299    7.667   19.816 0.861 10 Good
  74 L  -59.133  -35.501    4.930    9.259   16.594 0.880 10 Good
  75 D  -66.063  -26.432    6.843   11.264   15.256 0.880 10 Good
  76 D  -91.735   -0.157   13.677   16.753   23.936 0.874 10 Good
  77 D -115.309  135.437   44.947   14.083   46.271 0.876 10 Good
  78 G  -92.878  147.810   84.656   32.336   33.407 0.886  9 Warn
  79 N -117.325  121.239   19.983   11.945   28.821 0.899 10 Good
  80 Y -103.362  125.930   15.481    9.351   16.563 0.913 10 Good
  81 T -119.034  128.619    7.634    8.751   18.528 0.928 10 Good
  82 I -120.329  126.540   12.038    9.377   23.200 0.937 10 Good
  83 M -114.176  129.040   19.203   10.504   23.400 0.937 10 Good
  84 A -117.254  137.756    9.598    9.445   21.222 0.928 10 Good
  85 A -127.146  129.805    8.502   11.779   18.807 0.903 10 Good
  86 N  -83.804  150.502   12.526   17.535   61.130 0.864 10 Good
  87 P  -53.527  -32.397    6.717    8.923   42.191 0.828 10 Good
  88 Q  -84.056   -7.882   10.876   16.585   47.880 0.828 10 Good
  89 G   69.843   27.558   10.967   10.354   56.994 0.855 10 Warn
  90 R -125.102  154.166   19.744   10.412   32.842 0.897 10 Good
  91 V -144.294  156.183   11.761    6.971   16.186 0.909 10 Good
  92 S -130.469  149.565   24.345   10.167   20.203 0.904 10 Good
  93 C -142.517  149.525   21.261   11.513   19.869 0.888 10 Good
  94 T -135.784  127.292   10.988   10.094   30.417 0.886 10 Good
  95 G -116.002  122.768   16.202    9.573   40.152 0.891 10 Good
  96 R -117.874  126.121   15.271    7.045   36.854 0.908 10 Good
  97 L -120.403  121.204    6.860    7.398   23.403 0.913 10 Good
  98 M -116.474  126.567   10.611   13.834   15.432 0.900 10 Good
  99 V -115.624  126.120   15.340    7.834   14.735 0.845 10 Good
 100 Q -107.194  131.056   18.419   16.252   12.721 0.769 10 Good
 101 A  -93.561  131.038   23.536   20.183   20.545 0.726 10 Good
 102 V -104.355  -16.566   11.060   25.951   37.421 0.701 10 Good
 103 N -133.472  141.257   66.363   43.879   27.383 0.655 10 Good
 104 Q  -91.179  139.660   83.434   47.634   20.105 0.397  6 Dyn
 105 R  -96.549  135.029   33.817   28.998   20.502 0.201  8 Dyn
 106 G   87.856   -0.667   10.972   13.452   68.468 0.069 10 Dyn
 107 R  -79.341  141.766   24.906   15.538   35.784 0.029 10 Dyn
 108 S 9999.000 9999.000    0.000    0.000    0.000 0.019  0 None
