REMARK  Neural network secondary structure prediction for cs.talos 
REMARK     H-Helix    E-Strand   L-Coil 

DATA SEQUENCE     GGSNATAPFF EMKLKHYKIF EGMPVTFTCR VAGNPKPKIY WFKDGKQISP 
DATA PREDICTED_SS LLLLLELLLL LLLLLEEEEE LLLLLEEEEE EELLLLLLEE EEELLLLLLL 
DATA CONFIDENCE   0899717811 5566538995 6898368999 9579998179 9967841189 

DATA SEQUENCE     KSDHYTIQRD LDGTCSLHTT ASTLDDDGNY TIMAANPQGR VSCTGRLMVQ 
DATA PREDICTED_SS LLLLLEEEEE LLLLEEEELL LLLHHLLLEE EEEEELLLLE EEEEEEEEEE 
DATA CONFIDENCE   9997179984 6896599818 8975548169 9999778957 9888899998 


DATA SEQUENCE     AVNQRGRS
DATA PREDICTED_SS EELLLLLL
DATA CONFIDENCE   50789970

VARS RESID RESNAME CS_CNT CS_CNT_R2 Q_H Q_E Q_L CONFIDENCE SS_CLASS
FORMAT %4d %1s %2d %2d %8.3f %8.3f %8.3f %4.2f %s

    1 G 16  5    0.333    0.333    0.333 0.00 L
    2 G 16  5    0.018    0.054    0.928 0.87 L
    3 S 17  6    0.000    0.025    0.975 0.95 L
    4 N 18  6    0.000    0.043    0.957 0.91 L
    5 A 18  6    0.000    0.129    0.871 0.74 L
    6 T 18  6    0.000    0.575    0.425 0.15 E
    7 A 16  6    0.008    0.111    0.881 0.77 L
    8 P 16  4    0.000    0.099    0.901 0.80 L
    9 F 16  6    0.000    0.416    0.584 0.17 L
   10 F 18  6    0.000    0.428    0.572 0.14 L
   11 E 18  6    0.014    0.238    0.748 0.51 L
   12 M 18  6    0.001    0.212    0.786 0.57 L
   13 K 18  6    0.024    0.169    0.807 0.64 L
   14 L 18  6    0.012    0.144    0.844 0.70 L
   15 K 18  6    0.004    0.232    0.764 0.53 L
   16 H 18  6    0.000    0.662    0.338 0.32 E
   17 Y 18  6    0.000    0.923    0.077 0.85 E
   18 K 18  6    0.000    0.982    0.018 0.96 E
   19 I 18  6    0.000    0.975    0.025 0.95 E
   20 F 18  6    0.003    0.764    0.234 0.53 E
   21 E 17  6    0.010    0.179    0.811 0.63 L
   22 G 16  5    0.013    0.066    0.921 0.86 L
   23 M 14  5    0.002    0.010    0.988 0.98 L
   24 P 15  4    0.000    0.058    0.942 0.88 L
   25 V 16  6    0.000    0.325    0.675 0.35 L
   26 T 18  6    0.000    0.807    0.193 0.61 E
   27 F 18  6    0.000    0.931    0.069 0.86 E
   28 T 18  6    0.000    0.967    0.033 0.93 E
   29 C 18  6    0.000    0.971    0.029 0.94 E
   30 R 18  6    0.003    0.982    0.014 0.97 E
   31 V 18  6    0.000    0.968    0.032 0.94 E
   32 A 17  6    0.001    0.797    0.201 0.60 E
   33 G 16  5    0.000    0.125    0.875 0.75 L
   34 N 14  5    0.000    0.015    0.985 0.97 L
   35 P 15  4    0.000    0.031    0.969 0.94 L
   36 K 14  6    0.000    0.024    0.976 0.95 L
   37 P 16  4    0.000    0.059    0.941 0.88 L
   38 K 16  6    0.000    0.424    0.576 0.15 L
   39 I 18  6    0.000    0.897    0.103 0.79 E
   40 Y 18  6    0.000    0.976    0.024 0.95 E
   41 W 18  6    0.000    0.981    0.019 0.96 E
   42 F 18  6    0.000    0.979    0.021 0.96 E
   43 K 18  6    0.000    0.839    0.161 0.68 E
   44 D 17  6    0.000    0.131    0.869 0.74 L
   45 G 17  5    0.005    0.062    0.933 0.87 L
   46 K 17  6    0.000    0.293    0.707 0.41 L
   47 Q 18  6    0.000    0.438    0.562 0.12 L
   48 I 18  6    0.006    0.413    0.581 0.17 L
   49 S 16  6    0.010    0.085    0.905 0.82 L
   50 P 16  4    0.007    0.035    0.957 0.92 L
   51 K 16  6    0.016    0.024    0.960 0.94 L
   52 S 18  6    0.010    0.014    0.975 0.96 L
   53 D 18  6    0.005    0.027    0.969 0.94 L
   54 H 18  6    0.002    0.102    0.897 0.80 L
   55 Y 18  6    0.000    0.406    0.594 0.19 L
   56 T 18  6    0.000    0.866    0.134 0.73 E
   57 I 18  6    0.000    0.959    0.041 0.92 E
   58 Q 18  6    0.000    0.986    0.014 0.97 E
   59 R 18  6    0.000    0.948    0.052 0.90 E
   60 D 18  6    0.007    0.731    0.261 0.47 E
   61 L 18  6    0.060    0.141    0.799 0.66 L
   62 D 17  6    0.079    0.032    0.889 0.81 L
   63 G 17  5    0.031    0.017    0.952 0.92 L
   64 T 17  6    0.000    0.192    0.808 0.62 L
   65 C 18  6    0.000    0.783    0.217 0.57 E
   66 S 18  6    0.000    0.979    0.021 0.96 E
   67 L 18  6    0.004    0.983    0.013 0.97 E
   68 H 18  6    0.000    0.913    0.087 0.83 E
   69 T 18  6    0.004    0.430    0.566 0.14 L
   70 T 18  6    0.014    0.064    0.923 0.86 L
   71 A 18  6    0.045    0.045    0.909 0.86 L
   72 S 18  6    0.016    0.018    0.966 0.95 L
   73 T 18  6    0.041    0.087    0.872 0.79 L
   74 L 18  6    0.758    0.035    0.207 0.55 H
   75 D 18  6    0.757    0.000    0.243 0.51 H
   76 D 18  6    0.266    0.000    0.734 0.47 L
   77 D 17  6    0.033    0.059    0.908 0.85 L
   78 G 17  5    0.000    0.445    0.555 0.11 L
   79 N 17  6    0.000    0.842    0.158 0.68 E
   80 Y 18  6    0.000    0.971    0.029 0.94 E
   81 T 18  6    0.004    0.992    0.004 0.99 E
   82 I 18  6    0.006    0.985    0.009 0.98 E
   83 M 18  6    0.007    0.991    0.002 0.98 E
   84 A 18  6    0.007    0.986    0.007 0.98 E
   85 A 18  6    0.001    0.868    0.131 0.74 E
   86 N 16  6    0.000    0.126    0.874 0.75 L
   87 P 16  4    0.024    0.048    0.928 0.88 L
   88 Q 15  6    0.029    0.035    0.936 0.90 L
   89 G 17  5    0.009    0.212    0.779 0.57 L
   90 R 17  6    0.000    0.850    0.150 0.70 E
   91 V 18  6    0.000    0.980    0.020 0.96 E
   92 S 18  6    0.000    0.949    0.051 0.90 E
   93 C 18  6    0.000    0.921    0.079 0.84 E
   94 T 16  6    0.000    0.929    0.071 0.86 E
   95 G 15  4    0.000    0.940    0.060 0.88 E
   96 R 15  5    0.000    0.986    0.014 0.97 E
   97 L 17  6    0.006    0.989    0.006 0.98 E
   98 M 18  6    0.007    0.990    0.004 0.98 E
   99 V 18  6    0.001    0.978    0.020 0.96 E
  100 Q 18  6    0.000    0.924    0.076 0.85 E
  101 A 18  6    0.000    0.780    0.220 0.56 E
  102 V 17  6    0.013    0.498    0.488 0.01 E
  103 N 17  5    0.022    0.104    0.874 0.77 L
  104 Q 17  6    0.007    0.054    0.940 0.89 L
  105 R 17  6    0.006    0.039    0.955 0.92 L
  106 G 17  5    0.005    0.043    0.953 0.91 L
  107 R 17  6    0.004    0.119    0.878 0.76 L
  108 S 18  6    0.333    0.333    0.333 0.00 L
