	106	107	108	109	110
W	0.666705487679852	0.000178623650180135	0.000876757808829078	0.993592384193973	0
F	0.085169245985955	0.000173506455983830	0.00193372177126950	0.00522725842091967	1.93432985904894e-125
Y	0.0651473279422475	0.000142171387095469	0.00120153719527479	0.000633912115858853	5.17575047554761e-147
M	0.0418806577084813	0.00135989323617876	0.000571729753687875	3.55528744460483e-05	1.01280203921973e-06
L	0.00546986811125617	3.99918166531025e-14	0.000341937247375692	2.86777601479366e-05	6.54676427777405e-15
I	0.00146638133144534	2.25204603132126e-05	0.000482223551497873	2.58874621521113e-05	0.0322043875858597
V	0.00322506113365988	1.78601764365838e-05	0.000931171084848078	1.94070508166833e-05	0.965467385735041
A	0.00255075212929044	0.00312531966800035	0.000356346713702297	4.57715454407542e-06	0.00093758315672453
G	0.000366073986210837	0.000345162974678752	1.8841736003478e-06	2.11337187472631e-07	5.69838578450305e-05
S	0.0121817299909863	0.0205982211054258	0.0014665370144595	7.53231056034995e-06	7.23510910834765e-05
T	0.0159454428047217	0.00212536733244716	0.00254486448680296	3.72404800072259e-05	0.00105941326007185
R	0.0422062745524776	0.00315918381696643	0.000989887681854279	7.28004997995864e-05	4.3879268057282e-10
K	0.0139494987408422	0.000516553757531786	0.000306125878437091	1.97285563670099e-05	8.82077881957769e-08
H	0.00529128851814952	0.000264855434370593	0.00184985880619961	0.000262524340723669	2.94598166572465e-28
N	0.00649052022089157	0.00342516870455705	0.000653370053403601	5.05898319474528e-06	5.45531718812325e-07
Q	0.0136592444591415	0.0033203848738161	0.00970321066621718	1.26753797694966e-05	1.2204817345903e-06
D	0.0101729744604527	0.0928377593589067	0.0560785263232661	6.3963488428276e-06	3.27793800364564e-05
E	0.0081221702439387	0.868387447607041	0.919710309789274	8.1715789185803e-06	0.000166248471257572
P	5.84109299247587e-27	3.03274132793586e-14	1.9969251162229e-134	3.15177022739027e-09	4.22972595505359e-79
C	0	0	0	0	0
