	-4	-3	-2	-1	0
W	0.0204778156996587	0.0121951219512195	0	0	0
F	0.266211604095563	0.658536585365854	1	0	0
Y	0	0.329268292682927	0	0.0121951219512195	0
M	0.0204778156996587	0	0	0	0
L	0.0068259385665529	0	0	0	0
I	0.122866894197952	0	0	0	0.0240963855421687
V	0.102389078498293	0	0	0	0.975903614457831
A	0	0	0	0	0
G	0	0	0	0	0
S	0.0068259385665529	0	0	0	0
T	0.194539249146758	0	0	0	0
R	0.177474402730375	0	0	0	0
K	0.0204778156996587	0	0	0	0
H	0.0204778156996587	0	0	0	0
N	0	0	0	0.0121951219512195	0
Q	0.0409556313993174	0	0	0	0
D	0	0	0	0.97560975609756	0
E	0	0	0	0	0
P	0	0	0	0	0
C	0	0	0	0	0
