	-4	-3	-2	-1	0
W	0.158490566037736	0	0	1	0
F	0.271698113207547	0	0	0	0
Y	0.181132075471698	0	0	0	0
M	0.0679245283018868	0	0	0	0
L	0.0377358490566038	0	0.0103092783505155	0	0.0124223602484472
I	0.0226415094339623	0	0.309278350515464	0	0
V	0.0113207547169811	0	0.0618556701030928	0	0.987577639751553
A	0	0	0	0	0
G	0	0.00946372239747634	0	0	0
S	0.030188679245283	0.00630914826498423	0.0927835051546392	0	0
T	0	0	0.402061855670103	0	0
R	0.0377358490566038	0	0	0	0
K	0.0226415094339623	0	0	0	0
H	0.0679245283018868	0	0.0618556701030928	0	0
N	0	0.0189274447949527	0.0309278350515464	0	0
Q	0.0452830188679245	0.0189274447949527	0	0	0
D	0	0.908517350157729	0	0	0
E	0.0226415094339623	0.0378548895899054	0	0	0
P	0	0	0	0	0
C	0.0226415094339623	0	0.0309278350515464	0	0
