	-4	-3	-2	-1	0
W	0.0545454545454545	0	0	1	0
F	0.245454545454545	0	0	0	0
Y	0.354545454545455	0	0	0	0
M	0.0272727272727273	0	0.0437956204379562	0	0
L	0.0272727272727273	0	0	0	0.0476190476190476
I	0.0272727272727273	0	0.0875912408759124	0	0
V	0.0136363636363636	0	0.0218978102189781	0	0.952380952380952
A	0	0	0	0	0
G	0	0	0	0	0
S	0.0181818181818182	0.0078740157480315	0.0291970802919708	0	0
T	0.0136363636363636	0	0.744525547445256	0	0
R	0.0272727272727273	0	0.0291970802919708	0	0
K	0	0	0	0	0
H	0.0545454545454545	0	0.0437956204379562	0	0
N	0.0545454545454545	0	0	0	0
Q	0	0	0	0	0
D	0.0545454545454545	0.637795275590551	0	0	0
E	0	0.354330708661417	0	0	0
P	0	0	0	0	0
C	0.0272727272727273	0	0	0	0
