	-4	-3	-2	-1	0
W	0.0740740740740741	0	0.273972602739726	0.987951807228916	0
F	0.111111111111111	0	0.219178082191781	0	0
Y	0.185185185185185	0	0.0821917808219178	0	0
M	0.0740740740740741	0	0.0273972602739726	0	0
L	0.0617283950617284	0	0	0	0.031496062992126
I	0	0	0.164383561643836	0	0.047244094488189
V	0.0185185185185185	0	0.0273972602739726	0	0.921259842519685
A	0	0	0	0	0
G	0.0185185185185185	0.0265486725663717	0	0.0120481927710843	0
S	0.0987654320987654	0.0442477876106195	0.0091324200913242	0	0
T	0.0185185185185185	0	0.0684931506849315	0	0
R	0.0617283950617284	0	0.0182648401826484	0	0
K	0	0	0	0	0
H	0	0.0265486725663717	0	0	0
N	0.0740740740740741	0	0.0273972602739726	0	0
Q	0.0370370370370370	0	0	0	0
D	0.111111111111111	0.769911504424779	0	0	0
E	0.0370370370370370	0.106194690265487	0	0	0
P	0.0185185185185185	0	0	0	0
C	0	0.0265486725663717	0.0821917808219178	0	0
