	-4	-3	-2	-1	0
W	0.103448275862069	0	0	1	0
F	0.155172413793103	0	0	0	0
Y	0.0517241379310345	0	0	0	0
M	0	0	0	0	0
L	0.0172413793103448	0	0	0	0
I	0.0517241379310345	0	0.0674157303370786	0	0
V	0	0	0	0	1
A	0	0	0	0	0
G	0.0517241379310345	0.371428571428571	0	0	0
S	0	0	0.0898876404494382	0	0
T	0	0	0.842696629213483	0	0
R	0	0	0	0	0
K	0	0	0	0	0
H	0.0517241379310345	0	0	0	0
N	0.0517241379310345	0	0	0	0
Q	0.103448275862069	0	0	0	0
D	0.362068965517241	0.4	0	0	0
E	0	0.228571428571429	0	0	0
P	0	0	0	0	0
C	0	0	0	0	0
