	-4	-3	-2	-1	0
W	0.117647058823529	0	0.0245901639344262	1	0
F	0.294117647058823	0	0.295081967213115	0	0
Y	0.117647058823529	0.048	0.0737704918032787	0	0
M	0.0588235294117647	0	0.0245901639344262	0	0
L	0	0	0	0	0
I	0	0	0	0	0.0677966101694915
V	0	0.024	0	0	0.932203389830508
A	0	0	0	0	0
G	0.088235294117647	0.696	0.319672131147541	0	0
S	0.0588235294117647	0.064	0	0	0
T	0	0.024	0	0	0
R	0	0	0.0409836065573770	0	0
K	0	0	0	0	0
H	0.117647058823529	0.048	0.19672131147541	0	0
N	0	0.048	0.0245901639344262	0	0
Q	0	0	0	0	0
D	0.117647058823529	0	0	0	0
E	0	0.048	0	0	0
P	0.0294117647058824	0	0	0	0
C	0	0	0	0	0
