	-4	-3	-2	-1	0
W	0.371428571428571	0	0	1	0
F	0.0571428571428571	0	0	0	0
Y	0.0857142857142857	0	0	0	0
M	0	0	0	0	0
L	0	0	0	0	0
I	0	0	0	0	0
V	0	0	0	0	1
A	0	0	0	0	0
G	0.0142857142857143	0	1	0	0
S	0.0190476190476190	0.150442477876106	0	0	0
T	0.0142857142857143	0	0	0	0
R	0.123809523809524	0	0	0	0
K	0.0571428571428571	0	0	0	0
H	0.114285714285714	0	0	0	0
N	0	0.0265486725663717	0	0	0
Q	0.0285714285714286	0	0	0	0
D	0.0285714285714286	0.823008849557522	0	0	0
E	0	0	0	0	0
P	0.0857142857142857	0	0	0	0
C	0	0	0	0	0
