	-4	-3	-2	-1	0
W	0.102564102564103	0	0.0612244897959184	1	0
F	0.205128205128205	0	0	0	0
Y	0.256410256410256	0	0	0	0
M	0.0512820512820513	0	0	0	0
L	0.0341880341880342	0	0	0	0.0198019801980198
I	0	0	0	0	0
V	0.0256410256410256	0	0	0	0.98019801980198
A	0	0	0	0	0
G	0	0.222222222222222	0	0	0
S	0.0683760683760684	0.111111111111111	0.183673469387755	0	0
T	0	0	0.673469387755102	0	0
R	0	0	0.0204081632653061	0	0
K	0	0	0.0612244897959184	0	0
H	0.0512820512820513	0.0555555555555556	0	0	0
N	0.102564102564103	0	0	0	0
Q	0	0	0	0	0
D	0.0512820512820513	0.444444444444444	0	0	0
E	0	0.166666666666667	0	0	0
P	0	0	0	0	0
C	0.0512820512820513	0	0	0	0
