	-4	-3	-2	-1	0
W	0	0	0.268156424581006	0.941176470588235	0
F	0.0952380952380952	0	0.167597765363129	0.0294117647058824	0
Y	0.0476190476190476	0	0.268156424581006	0	0
M	0.0476190476190476	0	0	0	0
L	0.0317460317460318	0	0.0111731843575419	0	0.04
I	0.0952380952380952	0	0.0335195530726257	0	0
V	0.0238095238095238	0	0	0	0.96
A	0	0	0	0	0
G	0	0	0	0	0
S	0.0317460317460318	0.0210526315789474	0	0	0
T	0.0476190476190476	0	0.11731843575419	0	0
R	0.174603174603175	0	0	0	0
K	0.142857142857143	0	0.0335195530726257	0	0
H	0.0476190476190476	0.0315789473684211	0.0670391061452514	0.0294117647058824	0
N	0.0476190476190476	0	0	0	0
Q	0.0476190476190476	0	0	0	0
D	0.0476190476190476	0.821052631578947	0	0	0
E	0	0.126315789473684	0	0	0
P	0.0238095238095238	0	0	0	0
C	0.0476190476190476	0	0.0335195530726257	0	0
