	-4	-3	-2	-1	0
W	0.124137931034483	0	0	1	0
F	0.496551724137931	0	0	0	0
Y	0.165517241379310	0	0.0560747663551402	0	0
M	0	0	0	0	0
L	0	0	0	0	0
I	0	0	0.224299065420561	0	0
V	0	0	0.0280373831775701	0	1
A	0	0	0	0	0
G	0.0413793103448276	0.0402684563758389	0	0	0
S	0	0.0939597315436242	0.0934579439252337	0	0
T	0.0206896551724138	0.0201342281879195	0.504672897196262	0	0
R	0.0689655172413793	0	0.0373831775700935	0	0
K	0.0413793103448276	0	0	0	0
H	0	0.0805369127516779	0	0	0
N	0.0413793103448276	0.0402684563758389	0	0	0
Q	0	0	0	0	0
D	0	0.563758389261745	0.0560747663551402	0	0
E	0	0.161073825503356	0	0	0
P	0	0	0	0	0
C	0	0	0	0	0
