	-4	-3	-2	-1	0
W	0.0348837209302326	0	0.0229885057471264	1	0
F	0.279069767441860	0	0.436781609195402	0	0
Y	0.139534883720930	0	0.0689655172413793	0	0
M	0.0348837209302326	0	0	0	0.0309278350515464
L	0	0	0	0	0.0103092783505155
I	0	0	0.0919540229885057	0	0.185567010309278
V	0.0174418604651163	0	0	0	0.77319587628866
A	0	0	0	0	0
G	0.226744186046512	0.954545454545454	0	0	0
S	0.0116279069767442	0.0113636363636364	0.0306513409961686	0	0
T	0	0	0.0574712643678161	0	0
R	0.0116279069767442	0	0.10727969348659	0	0
K	0.0348837209302326	0	0.0459770114942529	0	0
H	0.104651162790698	0	0.0919540229885057	0	0
N	0.0348837209302326	0	0.0459770114942529	0	0
Q	0.0348837209302326	0	0	0	0
D	0	0.0340909090909091	0	0	0
E	0	0	0	0	0
P	0	0	0	0	0
C	0.0348837209302326	0	0	0	0
