	-4	-3	-2	-1	0
W	0.111801242236025	0	0	0.984269662921348	0
F	0.335403726708075	0	0	0	0
Y	0.279503105590062	0.0241935483870968	0	0	0
M	0.0186335403726708	0	0.0259740259740260	0	0
L	0.0248447204968944	0	0	0	0.0442477876106195
I	0.0372670807453416	0.0241935483870968	0.103896103896104	0	0.0265486725663717
V	0.0186335403726708	0	0	0	0.929203539823009
A	0	0	0	0	0
G	0	0.0967741935483871	0	0.00674157303370787	0
S	0.031055900621118	0.217741935483871	0.112554112554113	0	0
T	0.0093167701863354	0.120967741935484	0.714285714285714	0	0
R	0.031055900621118	0.0564516129032258	0.0173160173160173	0.00898876404494382	0
K	0	0	0	0	0
H	0.0559006211180124	0.0725806451612903	0	0	0
N	0	0.169354838709677	0.0259740259740260	0	0
Q	0.0186335403726708	0.120967741935484	0	0	0
D	0	0.0725806451612903	0	0	0
E	0	0	0	0	0
P	0.0279503105590062	0	0	0	0
C	0	0.0241935483870968	0	0	0
