	-4	-3	-2	-1	0
W	0.06739	0.142448	0.056739	0.993803	0
F	0.100697	0.029357	0.0366	0	0.001549
Y	0.05732	0.044074	0.004841	0	0.000775
M	0.021689	0.011541	0.022657	0	0
L	0.074361	0.025484	0.046669	0.002324	0.430674
I	0.021689	0.006119	0.007165	0	0.476375
V	0.030209	0.003796	0.004067	0	0.082881
A	0.017041	0.009218	0.002517	0.000775	0
G	0.041053	0.109915	0.062936	0	0
S	0.093726	0.173431	0.024206	0.000775	0.006971
T	0.049574	0.034005	0.018009	0	0
R	0.122386	0.154067	0.066809	0.001549	0
K	0.072812	0.034005	0.04512	0	0
H	0.063517	0.018513	0.030403	0	0
N	0.046476	0.111464	0.049768	0	0
Q	0.019365	0.011541	0.019558	0	0
D	0.046476	0.041751	0.357281	0.000775	0
E	0.014717	0.012316	0.114833	0	0
P	0.024012	0.006894	0.027304	0	0
C	0.015492	0.020062	0.002517	0	0.000775
