	-4	-3	-2	-1	0
W	0.194805194805195	0	0	0.966666666666667	0
F	0.584415584415584	0	0	0	0
Y	0.116883116883117	0	0	0	0
M	0	0	0	0	0
L	0	0	0	0	0.0224719101123595
I	0	0	0.0697674418604651	0	0
V	0.0389610389610390	0	0	0	0.97752808988764
A	0	0	0	0	0
G	0	0.1640625	0	0	0
S	0.0259740259740260	0.0625	0.162790697674419	0	0
T	0	0.0234375	0.767441860465116	0	0
R	0	0	0	0	0
K	0	0	0	0	0
H	0	0.140625	0	0	0
N	0	0.046875	0	0	0
Q	0.0389610389610390	0.09375	0	0	0
D	0	0.28125	0	0.0333333333333333	0
E	0	0.1875	0	0	0
P	0	0	0	0	0
C	0	0	0	0	0
