	-4	-3	-2	-1	0
W	0.173076923076923	0.0179640718562874	0	0.994897959183673	0
F	0.173076923076923	0.0179640718562874	0.391304347826087	0	0
Y	0.115384615384615	0	0.0745341614906832	0	0
M	0	0	0.0372670807453416	0	0
L	0.0256410256410256	0	0.0186335403726708	0	0.04
I	0.0769230769230769	0	0.186335403726708	0	0.06
V	0.0192307692307692	0	0.0652173913043478	0	0.9
A	0	0.00898203592814371	0	0	0
G	0.0288461538461538	0.0179640718562874	0	0	0
S	0.0192307692307692	0.0658682634730539	0	0	0
T	0.0384615384615385	0.00898203592814371	0.0279503105590062	0	0
R	0.0128205128205128	0	0.0496894409937888	0.00510204081632653	0
K	0	0	0	0	0
H	0.153846153846154	0.0359281437125748	0.093167701863354	0	0
N	0.0384615384615385	0.0179640718562874	0	0	0
Q	0.0384615384615385	0.0538922155688623	0.0372670807453416	0	0
D	0.0576923076923077	0.610778443113772	0	0	0
E	0	0.143712574850299	0	0	0
P	0.00961538461538462	0	0	0	0
C	0.0192307692307692	0	0.0186335403726708	0	0
