	-4	-3	-2	-1	0
W	0.0437956204379562	0	0	1	0
F	0.175182481751825	0	0.216494845360825	0	0
Y	0.131386861313869	0	0.0927835051546392	0	0
M	0	0	0.0309278350515464	0	0
L	0	0	0	0	0
I	0	0	0.309278350515464	0	0.097560975609756
V	0.0218978102189781	0	0.0463917525773196	0	0.902439024390244
A	0.0218978102189781	0	0	0	0
G	0.131386861313869	0.192982456140351	0	0	0
S	0.0437956204379562	0.0701754385964912	0	0	0
T	0.0218978102189781	0.0350877192982456	0.0618556701030928	0	0
R	0.0145985401459854	0	0.0412371134020619	0	0
K	0.0437956204379562	0.0350877192982456	0	0	0
H	0.131386861313869	0	0.0927835051546392	0	0
N	0.131386861313869	0.210526315789474	0	0	0
Q	0	0	0.0618556701030928	0	0
D	0	0.421052631578947	0	0	0
E	0.0437956204379562	0.0350877192982456	0	0	0
P	0.0437956204379562	0	0.0154639175257732	0	0
C	0	0	0.0309278350515464	0	0
