	-4	-3	-2	-1	0
W	0.155844155844156	0.0416666666666667	0	1	0
F	0.545454545454545	0	0	0	0
Y	0.0779220779220779	0	0	0	0
M	0	0	0	0	0
L	0.0129870129870130	0	0	0	0.0606060606060606
I	0	0	0	0	0.0606060606060606
V	0.0389610389610390	0.0208333333333333	0	0	0.848484848484849
A	0	0	0	0	0
G	0	0.0208333333333333	0	0	0.0303030303030303
S	0.0129870129870130	0.125	0.0625	0	0
T	0.0194805194805195	0.0208333333333333	0.9375	0	0
R	0	0	0	0	0
K	0	0	0	0	0
H	0.0389610389610390	0.0416666666666667	0	0	0
N	0.0389610389610390	0	0	0	0
Q	0	0.458333333333333	0	0	0
D	0.0389610389610390	0	0	0	0
E	0	0.25	0	0	0
P	0.0194805194805195	0.0208333333333333	0	0	0
C	0	0	0	0	0
