	-4	-3	-2	-1	0
W	0.254237288135593	0.0508474576271186	0	0.876923076923077	0
F	0.0508474576271186	0.0508474576271186	0	0	0
Y	0	0	0	0	0
M	0	0	0.0857142857142857	0	0
L	0.0338983050847458	0	0	0.0307692307692308	0.0597014925373134
I	0	0	0.171428571428571	0	0
V	0	0	0.171428571428571	0	0.940298507462687
A	0.0254237288135593	0.0254237288135593	0.0428571428571429	0	0
G	0.0508474576271186	0.0508474576271186	0.0857142857142857	0	0
S	0	0.0338983050847458	0.0285714285714286	0	0
T	0.0254237288135593	0.0254237288135593	0.0428571428571429	0	0
R	0	0	0.285714285714286	0	0
K	0	0	0	0	0
H	0	0	0	0.0461538461538462	0
N	0	0	0	0	0
Q	0.0508474576271186	0	0	0.0461538461538462	0
D	0.457627118644068	0	0	0	0
E	0	0.76271186440678	0	0	0
P	0	0	0	0	0
C	0.0508474576271186	0	0.0857142857142857	0	0
