	-4	-3	-2	-1	0
W	0.0588235294117647	0	0	0.989473684210526	0
F	0.441176470588235	0	0	0	0
Y	0.264705882352941	0	0	0	0
M	0	0	0	0	0
L	0.00980392156862745	0	0	0	0
I	0	0	0	0	0
V	0	0	0	0	1
A	0	0	0	0	0
G	0.0441176470588235	0.954545454545454	0	0.0105263157894737	0
S	0.0196078431372549	0	0.0281690140845070	0	0
T	0.0147058823529412	0	0.971830985915493	0	0
R	0	0	0	0	0
K	0.0294117647058824	0	0	0	0
H	0.0588235294117647	0	0	0	0
N	0	0	0	0	0
Q	0	0	0	0	0
D	0.0294117647058824	0.0454545454545454	0	0	0
E	0	0	0	0	0
P	0	0	0	0	0
C	0.0294117647058824	0	0	0	0
