	-4	-3	-2	-1	0
W	0.145454545454545	0	0	0.978723404255319	0
F	0.254545454545455	0	0	0.0212765957446809	0
Y	0.218181818181818	0	0	0	0
M	0	0.0368098159509202	0	0	0
L	0.0363636363636364	0	0	0	0.0547945205479452
I	0	0	0.0888888888888889	0	0.123287671232877
V	0	0	0	0	0.821917808219178
A	0	0.0184049079754601	0	0	0
G	0.0727272727272727	0.0184049079754601	0	0	0
S	0.0363636363636364	0.171779141104294	0.281481481481481	0	0
T	0	0.0552147239263804	0.466666666666667	0	0
R	0.0727272727272727	0	0.0296296296296296	0	0
K	0.0363636363636364	0.0368098159509202	0	0	0
H	0.0363636363636364	0.0368098159509202	0.0444444444444444	0	0
N	0	0.0736196319018405	0	0	0
Q	0	0.0736196319018405	0	0	0
D	0.0363636363636364	0.404907975460123	0	0	0
E	0	0.0736196319018405	0.0888888888888889	0	0
P	0.0181818181818182	0	0	0	0
C	0.0363636363636364	0	0	0	0
