	-4	-3	-2	-1	0
W	0.205882352941176	0	0.128342245989305	0.991935483870968	0
F	0.235294117647059	0	0.128342245989305	0	0
Y	0.147058823529412	0	0.0641711229946524	0	0
M	0.0294117647058824	0	0.192513368983957	0	0
L	0	0	0.0427807486631016	0	0.048780487804878
I	0.0294117647058824	0	0.160427807486631	0	0
V	0.0147058823529412	0	0.0802139037433155	0	0.951219512195122
A	0	0	0	0	0
G	0	0	0	0	0
S	0.0196078431372549	0	0	0	0
T	0.0147058823529412	0	0.0320855614973262	0	0
R	0.0686274509803921	0	0.0748663101604278	0.00806451612903226	0
K	0.0588235294117647	0	0.0320855614973262	0	0
H	0.117647058823529	0.0238095238095238	0.0320855614973262	0	0
N	0	0.0238095238095238	0	0	0
Q	0	0	0	0	0
D	0.0294117647058824	0.80952380952381	0	0	0
E	0	0.142857142857143	0	0	0
P	0.0294117647058824	0	0	0	0
C	0	0	0.0320855614973262	0	0
