	-4	-3	-2	-1	0
W	0.107623318385650	0	0.578778135048232	0.97452229299363	0
F	0.188340807174888	0.138996138996139	0.231511254019293	0	0
Y	0.0538116591928251	0.0231660231660232	0.0771704180064309	0	0
M	0.0269058295964126	0.0231660231660232	0	0	0
L	0.0179372197309417	0	0	0.00636942675159236	0
I	0.0269058295964126	0	0.0385852090032154	0	0
V	0.0269058295964126	0	0	0	1
A	0.0269058295964126	0	0	0	0
G	0.0269058295964126	0.0115830115830116	0	0	0
S	0.0448430493273543	0.084942084942085	0	0	0
T	0.0807174887892377	0.0347490347490347	0.00964630225080386	0	0
R	0.0358744394618834	0	0.00643086816720257	0	0
K	0.0269058295964126	0	0	0	0
H	0.107623318385650	0.138996138996139	0.0192926045016077	0	0
N	0.0538116591928251	0.0694980694980695	0	0	0
Q	0	0.115830115830116	0	0	0
D	0.0538116591928251	0.277992277992278	0	0.0191082802547771	0
E	0	0.0694980694980695	0	0	0
P	0.0403587443946188	0.0115830115830116	0	0	0
C	0.0538116591928251	0	0.0385852090032154	0	0
