	-4	-3	-2	-1	0
W	0.148148148148148	0	0	0.98360655737705	0
F	0.185185185185185	0	0	0	0
Y	0.185185185185185	0	0.0625	0	0
M	0	0	0	0	0
L	0.0370370370370370	0.0109890109890110	0	0	0
I	0.0370370370370370	0	0	0	0.708333333333333
V	0	0	0	0	0.291666666666667
A	0	0	0	0.0163934426229508	0
G	0	0	0	0	0
S	0	0	0	0	0
T	0	0	0.9375	0	0
R	0.0370370370370370	0	0	0	0
K	0.111111111111111	0	0	0	0
H	0.0740740740740741	0	0	0	0
N	0.0370370370370370	0	0	0	0
Q	0	0	0	0	0
D	0.0740740740740741	0.791208791208791	0	0	0
E	0.0740740740740741	0.197802197802198	0	0	0
P	0	0	0	0	0
C	0	0	0	0	0
