	-4	-3	-2	-1	0
W	0.105263157894737	0	0.347826086956522	1	0
F	0.0701754385964912	0	0.144927536231884	0	0
Y	0.280701754385965	0.0315789473684211	0.115942028985507	0	0
M	0	0	0.0289855072463768	0	0
L	0	0	0	0	0
I	0	0	0.231884057971014	0	0.108108108108108
V	0	0	0	0	0.891891891891892
A	0.0175438596491228	0	0	0	0
G	0	0	0	0	0
S	0.0233918128654971	0.0526315789473684	0	0	0
T	0.0526315789473684	0	0.0144927536231884	0	0
R	0.0116959064327485	0	0	0	0
K	0.140350877192982	0	0	0	0
H	0.0701754385964912	0.126315789473684	0.0869565217391304	0	0
N	0.105263157894737	0	0	0	0
Q	0	0	0	0	0
D	0.0350877192982456	0.757894736842105	0.0289855072463768	0	0
E	0	0.0315789473684211	0	0	0
P	0.0526315789473684	0	0	0	0
C	0.0350877192982456	0	0	0	0
