	-4	-3	-2	-1	0
W	0.134328358208955	0.055045871559633	0	1	0
F	0.402985074626866	0	0	0	0
Y	0.179104477611940	0	0	0	0
M	0.0447761194029851	0	0	0	0
L	0.0149253731343284	0	0	0	0.0204081632653061
I	0	0	0.123711340206186	0	0.122448979591837
V	0	0	0	0	0.857142857142857
A	0	0	0	0	0
G	0.0447761194029851	0.165137614678899	0	0	0
S	0	0.091743119266055	0.0618556701030928	0	0
T	0	0.0275229357798165	0.711340206185567	0	0
R	0	0	0.0412371134020619	0	0
K	0	0	0	0	0
H	0.0447761194029851	0.055045871559633	0	0	0
N	0.0895522388059701	0.055045871559633	0	0	0
Q	0	0.110091743119266	0	0	0
D	0.0447761194029851	0.275229357798165	0	0	0
E	0	0.165137614678899	0.0618556701030928	0	0
P	0	0	0	0	0
C	0	0	0	0	0
