	-4	-3	-2	-1	0
W	0.162711864406780	0	0	0.993865030674847	0
F	0.162711864406780	0	0.216393442622951	0	0
Y	0.488135593220339	0	0.295081967213115	0	0
M	0	0	0	0	0
L	0.00677966101694915	0	0	0.00613496932515337	0.113207547169811
I	0	0	0.39344262295082	0	0.0377358490566038
V	0	0.0106007067137809	0.0688524590163934	0	0.849056603773585
A	0	0	0	0	0
G	0.0508474576271186	0	0	0	0
S	0.00677966101694915	0.0777385159010601	0	0	0
T	0	0	0	0	0
R	0	0	0.00655737704918033	0	0
K	0	0	0	0	0
H	0	0	0	0	0
N	0	0	0.019672131147541	0	0
Q	0	0.0636042402826855	0	0	0
D	0.0813559322033898	0.381625441696113	0	0	0
E	0	0.46643109540636	0	0	0
P	0.0406779661016949	0	0	0	0
C	0	0	0	0	0
