	-4	-3	-2	-1	0
W	0.137614678899083	0	0	1	0
F	0.302752293577982	0	0	0	0
Y	0.137614678899083	0	0	0	0
M	0	0.0394736842105263	0	0	0
L	0.018348623853211	0	0	0	0
I	0	0	0.0869565217391304	0	0.0416666666666667
V	0	0	0	0	0.958333333333333
A	0	0	0	0	0
G	0	0.0789473684210526	0	0	0
S	0	0.289473684210526	0.115942028985507	0	0
T	0.0275229357798165	0.0789473684210526	0.782608695652174	0	0
R	0.018348623853211	0	0.0144927536231884	0	0
K	0.055045871559633	0	0	0	0
H	0.165137614678899	0.0394736842105263	0	0	0
N	0.0275229357798165	0.197368421052632	0	0	0
Q	0.0275229357798165	0.118421052631579	0	0	0
D	0.055045871559633	0.157894736842105	0	0	0
E	0	0	0	0	0
P	0.0275229357798165	0	0	0	0
C	0	0	0	0	0
