	-4	-3	-2	-1	0
W	0.251497005988024	0	0	1	0
F	0.323353293413174	0	0	0	0
Y	0.179640718562874	0	0	0	0
M	0.0359281437125748	0	0	0	0
L	0	0	0	0	0
I	0	0	0	0	0
V	0	0	0	0	1
A	0	0	0	0	0
G	0	0.0927835051546392	0	0	0
S	0	0.412371134020619	0.170212765957447	0	0
T	0.0359281437125748	0.0618556701030928	0.829787234042553	0	0
R	0.0119760479041916	0	0	0	0
K	0.0718562874251497	0	0	0	0
H	0	0.0618556701030928	0	0	0
N	0.0359281437125748	0.0618556701030928	0	0	0
Q	0.0359281437125748	0.123711340206186	0	0	0
D	0	0.185567010309278	0	0	0
E	0	0	0	0	0
P	0.0179640718562874	0	0	0	0
C	0	0	0	0	0
