	-4	-3	-2	-1	0
W	0.0179104477611940	0.0211267605633803	0.128048780487805	0.484615384615385	0
F	0.0537313432835821	0.0633802816901408	0.676829268292683	0	0
Y	0	0.422535211267606	0.073170731707317	0	0
M	0.0179104477611940	0.0422535211267606	0.0182926829268293	0	0
L	0.00597014925373134	0.0211267605633803	0.00609756097560976	0	0
I	0.0179104477611940	0	0	0.0230769230769231	0
V	0	0	0.0365853658536585	0	1
A	0	0.0105633802816901	0	0	0
G	0.0179104477611940	0	0	0	0
S	0.00597014925373134	0.0915492957746479	0	0.0692307692307692	0
T	0.00895522388059702	0.0316901408450704	0	0	0
R	0.0119402985074627	0.0211267605633803	0.0426829268292683	0.146153846153846	0
K	0.0179104477611940	0	0	0.184615384615385	0
H	0.0179104477611940	0	0.0182926829268293	0.0230769230769231	0
N	0.0358208955223881	0	0	0.0230769230769231	0
Q	0.0358208955223881	0.126760563380282	0	0.0461538461538462	0
D	0.483582089552239	0.0211267605633803	0	0	0
E	0.143283582089552	0.105633802816901	0	0	0
P	0.0358208955223881	0	0	0	0
C	0.0716417910447761	0.0211267605633803	0	0	0
