	-4	-3	-2	-1	0
W	0.143712574850299	0.0483870967741935	0	0.99	0
F	0.359281437125749	0	0.058252427184466	0	0
Y	0.215568862275449	0	0	0	0
M	0.0359281437125748	0	0	0	0
L	0	0	0	0	0.0606060606060606
I	0	0	0.058252427184466	0	0
V	0	0	0	0	0.93939393939394
A	0	0	0	0	0
G	0	0.193548387096774	0	0	0
S	0	0.177419354838710	0.0970873786407767	0	0
T	0.0179640718562874	0.0483870967741935	0.786407766990291	0	0
R	0.0119760479041916	0	0	0.01	0
K	0.0359281437125748	0	0	0	0
H	0.0718562874251497	0.0483870967741935	0	0	0
N	0	0	0	0	0
Q	0.0359281437125748	0.0483870967741935	0	0	0
D	0.0718562874251497	0.290322580645161	0	0	0
E	0	0.145161290322581	0	0	0
P	0	0	0	0	0
C	0	0	0	0	0
