	-4	-3	-2	-1	0
W	0	0	0	0.98076923076923	0.279069767441860
F	0.177049180327869	0	0.0731707317073171	0	0
Y	0.432786885245902	0.0454545454545455	0.121951219512195	0	0
M	0	0	0	0.0192307692307692	0
L	0.00655737704918033	0	0	0	0.697674418604651
I	0	0	0.170731707317073	0	0
V	0	0.0681818181818182	0.0853658536585366	0	0.0232558139534884
A	0	0	0	0	0
G	0.0098360655737705	0	0.182926829268293	0	0
S	0	0.636363636363636	0	0	0
T	0	0.0227272727272727	0	0	0
R	0	0	0	0	0
K	0	0	0	0	0
H	0.295081967213115	0	0	0	0
N	0.019672131147541	0	0	0	0
Q	0.019672131147541	0.136363636363636	0	0	0
D	0.039344262295082	0.0454545454545455	0.146341463414634	0	0
E	0	0.0454545454545455	0.219512195121951	0	0
P	0	0	0	0	0
C	0	0	0	0	0
