	-4	-3	-2	-1	0
W	0	0	0	0.952380952380952	0
F	0	0	0.176470588235294	0	0
Y	0	0	0.088235294117647	0	0
M	0	0	0	0	0
L	0	0.0655737704918033	0	0	0.0526315789473684
I	0	0	0	0	0.947368421052632
V	0.0491803278688525	0.0491803278688525	0	0	0
A	0	0	0.088235294117647	0	0
G	0.885245901639344	0.885245901639344	0	0	0
S	0.0655737704918033	0	0	0	0
T	0	0	0	0	0
R	0	0	0.382352941176471	0	0
K	0	0	0.176470588235294	0	0
H	0	0	0.088235294117647	0	0
N	0	0	0	0	0
Q	0	0	0	0	0
D	0	0	0	0	0
E	0	0	0	0.0476190476190476	0
P	0	0	0	0	0
C	0	0	0	0	0
