	-4	-3	-2	-1	0
W	0.0377358490566038	0	0.771428571428571	1	0
F	0.226415094339623	0	0.171428571428571	0	0
Y	0.0754716981132075	0	0.0571428571428571	0	0
M	0.0377358490566038	0	0	0	0
L	0.0125786163522013	0	0	0	0
I	0.113207547169811	0	0	0	0
V	0.0377358490566038	0	0	0	1
A	0	0.0297029702970297	0	0	0
G	0	0.0297029702970297	0	0	0
S	0.0377358490566038	0.495049504950495	0	0	0
T	0.0754716981132075	0.0297029702970297	0	0	0
R	0.0251572327044025	0	0	0	0
K	0.0377358490566038	0	0	0	0
H	0.0377358490566038	0.297029702970297	0	0	0
N	0	0	0	0	0
Q	0.0754716981132075	0.118811881188119	0	0	0
D	0.0377358490566038	0	0	0	0
E	0	0	0	0	0
P	0.0566037735849057	0	0	0	0
C	0.0754716981132075	0	0	0	0
