	-4	-3	-2	-1	0
W	0.12	0	0	0.982456140350877	0
F	0.18	0	0.0377358490566038	0.0175438596491228	0
Y	0.06	0	0	0	0
M	0.12	0	0	0	0
L	0.04	0	0	0	0.0236686390532544
I	0	0	0.0377358490566038	0	0
V	0.03	0	0	0	0.976331360946746
A	0	0	0	0	0
G	0.06	0.443478260869565	0	0	0
S	0.12	0.0347826086956522	0.213836477987421	0	0
T	0	0	0.69811320754717	0	0
R	0.06	0	0.0125786163522013	0	0
K	0.06	0	0	0	0
H	0	0.0521739130434783	0	0	0
N	0.06	0	0	0	0
Q	0	0.0521739130434783	0	0	0
D	0.06	0.208695652173913	0	0	0
E	0	0.208695652173913	0	0	0
P	0.03	0	0	0	0
C	0	0	0	0	0
