	-4	-3	-2	-1	0
W	0	0	0	1	0
F	0.325123152709360	0	0	0	0
Y	0.0886699507389162	0	0	0	0
M	0	0	0	0	0
L	0	0	0	0	0
I	0	0	0	0	0
V	0.0147783251231527	0	0	0	1
A	0	0	0	0	0
G	0.38423645320197	0.894736842105263	0.0357142857142857	0	0
S	0.00985221674876847	0	0	0	0
T	0	0	0.892857142857143	0	0
R	0.0886699507389162	0	0	0	0
K	0.0591133004926108	0	0	0	0
H	0	0	0	0	0
N	0.0295566502463054	0	0	0	0
Q	0	0	0	0	0
D	0	0.0350877192982456	0	0	0
E	0	0.0701754385964912	0.0357142857142857	0	0
P	0	0	0	0	0
C	0	0	0.0357142857142857	0	0
