	-4	-3	-2	-1	0
W	0.066078	0.005065	0.013464	0.969412	3.3e-05
F	0.106601	0.006373	0.080131	0.002745	0.006569
Y	0.083725	0.005065	0.038954	0.001438	0.000686
M	0.028824	0.005065	0.032418	0.000784	0.019641
L	0.08634	0.012908	0.038954	0.002745	0.530098
I	0.066078	0.005065	0.037647	0.002092	0.162778
V	0.069346	0.004412	0.039608	0.003399	0.258203
A	0.015098	0.010948	0.021307	0.001438	0.002647
G	0.039935	0.156699	0.14549	0.000784	0.002647
S	0.098758	0.670425	0.092549	0.004706	0.003301
T	0.069346	0.02598	0.059216	0.000131	0.00134
R	0.057582	0.012908	0.110196	0.003399	0.002647
K	0.02817	0.007026	0.065752	0.000131	0.00134
H	0.048431	0.00768	0.034379	0.000131	0.000686
N	0.043856	0.027288	0.050065	0.000131	0.001993
Q	0.021634	0.005719	0.023922	0.001438	0.000686
D	0.017059	0.018137	0.032418	0.000131	0.00134
E	0.009216	0.006373	0.027843	0.000131	0.001993
P	0.022288	0.002451	0.043529	0.001438	0.000686
C	0.021634	0.004412	0.012157	0.003399	0.000686
