	-4	-3	-2	-1	0
W	0.0188679245283019	0	0	0.990654205607477	0
F	0	0	0	0	0
Y	0	0	0	0	0
M	0	0	0	0	0
L	0	0	0.00851063829787234	0	0.765625
I	0	0	0	0	0.234375
V	0	0	0	0	0
A	0	0	0.0127659574468085	0	0
G	0.0188679245283019	0.0272727272727273	0.165957446808511	0	0
S	0	0.945454545454546	0	0	0
T	0	0.0272727272727273	0	0.00934579439252336	0
R	0	0	0.00851063829787234	0	0
K	0	0	0.025531914893617	0	0
H	0	0	0	0	0
N	0	0	0	0	0
Q	0.0188679245283019	0	0.025531914893617	0	0
D	0	0	0.357446808510638	0	0
E	0.943396226415094	0	0.229787234042553	0	0
P	0	0	0.165957446808511	0	0
C	0	0	0	0	0
