	-4	-3	-2	-1	0
W	0.220183486238532	0	0	1	0
F	0.110091743119266	0	0	0	0
Y	0.330275229357798	0	0	0	0
M	0.055045871559633	0	0	0	0
L	0.073394495412844	0	0	0	0.0217391304347826
I	0	0	0.1875	0	0
V	0	0	0.0625	0	0.978260869565217
A	0	0	0	0	0
G	0	0.0434782608695652	0	0	0
S	0.036697247706422	0.0434782608695652	0.125	0	0
T	0.055045871559633	0	0.625	0	0
R	0.036697247706422	0	0	0	0
K	0	0	0	0	0
H	0	0	0	0	0
N	0	0	0	0	0
Q	0	0.0434782608695652	0	0	0
D	0	0.608695652173913	0	0	0
E	0	0.260869565217391	0	0	0
P	0.0275229357798165	0	0	0	0
C	0.055045871559633	0	0	0	0
