	-4	-3	-2	-1	0
W	0.181818181818182	0	0	1	0
F	0.285714285714286	0	0.0454545454545455	0	0
Y	0.311688311688312	0	0	0	0
M	0	0	0	0	0
L	0	0	0	0	0.0869565217391304
I	0.0259740259740260	0.0710059171597633	0	0	0.130434782608696
V	0	0.0177514792899408	0	0	0.782608695652174
A	0	0.0177514792899408	0	0	0
G	0.0129870129870130	0	0	0	0
S	0	0.201183431952663	0.090909090909091	0	0
T	0.0129870129870130	0.0355029585798817	0.863636363636364	0	0
R	0	0	0	0	0
K	0.0779220779220779	0	0	0	0
H	0.0259740259740260	0	0	0	0
N	0	0.0710059171597633	0	0	0
Q	0	0.142011834319527	0	0	0
D	0.0519480519480520	0.177514792899408	0	0	0
E	0	0.21301775147929	0	0	0
P	0.0129870129870130	0.0177514792899408	0	0	0
C	0	0.0355029585798817	0	0	0
