	-4	-3	-2	-1	0
W	0.090909090909091	0	0.155844155844156	1	0
F	0.227272727272727	0	0.155844155844156	0	0
Y	0.181818181818182	0	0.194805194805195	0	0
M	0	0.0370370370370370	0.0779220779220779	0	0
L	0.0757575757575758	0	0.0259740259740260	0	0.0625
I	0	0	0.0779220779220779	0	0
V	0.0227272727272727	0	0.0584415584415584	0	0.9375
A	0	0.0185185185185185	0	0	0
G	0.0227272727272727	0.0185185185185185	0	0	0
S	0.090909090909091	0.0740740740740741	0	0	0
T	0	0.0370370370370370	0.0974025974025974	0	0
R	0.0151515151515152	0	0.0389610389610390	0	0
K	0	0	0.0779220779220779	0	0
H	0.136363636363636	0.111111111111111	0.0389610389610390	0	0
N	0.0454545454545455	0.0370370370370370	0	0	0
Q	0	0	0	0	0
D	0.0454545454545455	0.555555555555556	0	0	0
E	0	0.111111111111111	0	0	0
P	0.0454545454545455	0	0	0	0
C	0	0	0	0	0
