	-4	-3	-2	-1	0
W	0.113924050632911	0.048	0.192513368983957	0.93	0
F	0.113924050632911	0	0.352941176470588	0	0
Y	0.189873417721519	0.048	0.256684491978610	0	0
M	0.0379746835443038	0	0.0320855614973262	0	0
L	0	0	0	0	0
I	0.0379746835443038	0	0.0320855614973262	0	0.162162162162162
V	0	0.024	0.0160427807486631	0	0.837837837837838
A	0.0189873417721519	0.024	0	0	0
G	0	0.048	0.0160427807486631	0	0
S	0.0506329113924051	0.208	0.0106951871657754	0	0
T	0.0189873417721519	0.072	0.0160427807486631	0	0
R	0.0379746835443038	0	0.0106951871657754	0.01	0
K	0.113924050632911	0	0	0.03	0
H	0.0759493670886076	0.144	0.0320855614973262	0	0
N	0.0759493670886076	0.096	0	0.03	0
Q	0.0379746835443038	0.048	0	0	0
D	0.0759493670886076	0.24	0	0	0
E	0	0	0	0	0
P	0	0	0	0	0
C	0	0	0.0320855614973262	0	0
