	-4	-3	-2	-1	0
W	0	0	0	0.985074626865672	0
F	0.309278350515464	0	0	0	0
Y	0.0618556701030928	0	0	0	0
M	0.123711340206186	0	0	0	0
L	0.0412371134020619	0	0	0	0.0198019801980198
I	0	0	0	0	0
V	0.0309278350515464	0	0	0	0.98019801980198
A	0	0	0	0	0
G	0	0.5625	0	0.0149253731343284	0
S	0.0618556701030928	0	0.147368421052632	0	0
T	0	0	0.852631578947368	0	0
R	0	0	0	0	0
K	0	0	0	0	0
H	0.123711340206186	0	0	0	0
N	0.185567010309278	0	0	0	0
Q	0.0618556701030928	0	0	0	0
D	0	0.25	0	0	0
E	0	0.1875	0	0	0
P	0	0	0	0	0
C	0	0	0	0	0
