	-4	-3	-2	-1	0
W	0.115942028985507	0	0	0.98360655737705	0
F	0.289855072463768	0	0	0	0
Y	0.144927536231884	0	0	0	0
M	0.0289855072463768	0	0	0	0
L	0.0289855072463768	0	0	0.00819672131147541	0.016
I	0.0289855072463768	0.0245901639344262	0.0967741935483871	0	0
V	0.0144927536231884	0	0.0725806451612903	0	0.984
A	0.0144927536231884	0	0	0	0
G	0	0	0	0	0
S	0.00966183574879227	0.0163934426229508	0.129032258064516	0	0
T	0.0144927536231884	0	0.701612903225806	0	0
R	0.0483091787439614	0	0	0.00819672131147541	0
K	0.0289855072463768	0	0	0	0
H	0.0869565217391304	0.0245901639344262	0	0	0
N	0.0579710144927536	0	0	0	0
Q	0	0	0	0	0
D	0.0579710144927536	0.762295081967213	0	0	0
E	0	0.147540983606557	0	0	0
P	0	0	0	0	0
C	0.0289855072463768	0.0245901639344262	0	0	0
