	-4	-3	-2	-1	0
W	0.049192	0.062479	0.16136	0.723051	0.001244
F	0.103503	0.017289	0.311028	0.021144	0.002073
Y	0.06619	0.017703	0.106633	0.021144	0
M	0.020585	0.011899	0.01791	0.000829	0.001244
L	0.050021	0.003192	0.021227	0.002073	0.18325
I	0.033437	0.007338	0.036567	0.000829	0.145108
V	0.039656	0.01024	0.01335	0.001244	0.658789
A	0.014366	0.027653	0.003814	0.000415	0.000829
G	0.063288	0.170274	0.07471	0.002902	0
S	0.147036	0.388765	0.01335	0.015755	0.000415
T	0.065361	0.050871	0.03325	0.001244	0.001658
R	0.083603	0.040506	0.083002	0.156302	0.001244
K	0.033852	0.01107	0.022056	0.028192	0.000829
H	0.055825	0.031385	0.045688	0.019071	0.000415
N	0.059556	0.068284	0.019983	0.003317	0.000415
Q	0.021414	0.02102	0.00796	0.001658	0
D	0.035925	0.03636	0.00796	0.000415	0.000829
E	0.009805	0.013972	0.007546	0	0
P	0.026389	0.002778	0.010033	0	0.000829
C	0.020999	0.006924	0.00257	0.000415	0.000829
