	-4	-3	-2	-1	0
W	0.155172413793103	0	0	0.954545454545455	0
F	0.543103448275862	0	0	0.0454545454545455	0
Y	0.0905172413793103	0	0	0	0
M	0.0129310344827586	0	0	0	0
L	0.0344827586206897	0	0	0	0.0544747081712062
I	0.0258620689655172	0	0	0	0
V	0.00646551724137931	0	0	0	0.945525291828794
A	0.00646551724137931	0.00571428571428571	0	0	0
G	0	0	0	0	0
S	0.0129310344827586	0	0.146153846153846	0	0
T	0.00646551724137931	0	0.738461538461539	0	0
R	0.00862068965517241	0	0	0	0
K	0	0	0	0	0
H	0.0258620689655172	0.0114285714285714	0	0	0
N	0.0387931034482759	0	0	0	0
Q	0	0.0114285714285714	0	0	0
D	0.0258620689655172	0.822857142857143	0.0692307692307692	0	0
E	0	0.148571428571429	0.0461538461538462	0	0
P	0.00646551724137931	0	0	0	0
C	0	0	0	0	0
