	-4	-3	-2	-1	0
W	0.121621621621622	0	0.127659574468085	0.912280701754386	0
F	0.243243243243243	0	0.340425531914894	0	0
Y	0.121621621621622	0	0.0425531914893617	0	0
M	0.121621621621622	0	0	0	0
L	0	0	0.0141843971631206	0	0
I	0	0	0.170212765957447	0	0
V	0.0202702702702703	0	0.0212765957446809	0	1
A	0	0	0	0	0
G	0	0.0179640718562874	0	0.0175438596491228	0
S	0.0270270270270270	0.0119760479041916	0	0	0
T	0.0202702702702703	0	0.0425531914893617	0	0
R	0.0405405405405405	0	0.0709219858156028	0	0
K	0.121621621621622	0	0	0	0
H	0.0405405405405405	0.0718562874251497	0.170212765957447	0	0
N	0	0	0	0	0
Q	0	0	0	0	0
D	0.121621621621622	0.862275449101796	0	0.0701754385964912	0
E	0	0.0359281437125748	0	0	0
P	0	0	0	0	0
C	0	0	0	0	0
