	-4	-3	-2	-1	0
W	0.037191	0.003068	0.015339	0.976372	0.00113
F	0.17282	0.000915	0.091765	0.00113	0.00436
Y	0.073789	0.000915	0.063778	0.003283	5.4e-05
M	0.013509	0.040743	0.011033	5.4e-05	0.006512
L	0.064101	0.003068	0.051938	0.003283	0.048493
I	0.037191	0.003068	0.043326	0.002207	0.059257
V	0.037191	0.004144	0.013186	0.002207	0.864424
A	0.008127	0.013832	0.000269	5.4e-05	0.00113
G	0.093165	0.30662	0.004575	0.002207	0.002207
S	0.08563	0.135468	0.004575	0.002207	0.003283
T	0.039343	0.007374	0.028256	5.4e-05	0.00113
R	0.056566	0.025673	0.589074	0.00113	0.002207
K	0.016738	0.000915	0.036868	5.4e-05	0.00113
H	0.054413	0.009526	0.020721	5.4e-05	5.4e-05
N	0.058719	0.00845	0.007804	5.4e-05	0.002207
Q	0.011356	0.06873	0.003498	5.4e-05	5.4e-05
D	0.07056	0.212971	0.008881	0.002207	5.4e-05
E	0.008127	0.148385	0.002422	0.002207	5.4e-05
P	0.031808	0.005221	0.001346	0.00113	5.4e-05
C	0.029656	0.000915	0.001346	5.4e-05	0.002207
