	-4	-3	-2	-1	0
W	0.0648648648648649	0.0342857142857143	0	1	0
F	0.389189189189189	0	0	0	0
Y	0.194594594594595	0	0	0	0
M	0.0324324324324324	0	0	0	0
L	0	0	0	0	0
I	0.0324324324324324	0	0.06	0	0.0555555555555556
V	0	0	0	0	0.944444444444445
A	0	0	0	0	0
G	0.0162162162162162	0.0171428571428571	0	0	0
S	0.0108108108108108	0.0914285714285714	0.18	0	0
T	0	0	0.66	0	0
R	0.0324324324324324	0	0.04	0	0
K	0.0324324324324324	0	0	0	0
H	0.0972972972972973	0.0342857142857143	0	0	0
N	0	0.102857142857143	0	0	0
Q	0	0	0	0	0
D	0	0.548571428571429	0	0	0
E	0	0.171428571428571	0.06	0	0
P	0.0324324324324324	0	0	0	0
C	0.0648648648648649	0	0	0	0
