	-4	-3	-2	-1	0
W	0.320665083135392	0.0281690140845070	0.62046204620462	0.154506437768240	0.408575031525851
F	0.0712589073634204	0.0375586854460094	0	0.225321888412017	0.0378310214375788
Y	0	0	0.0066006600660066	0.148068669527897	0
M	0	0.00938967136150235	0.0924092409240924	0	0.00756620428751576
L	0.0190023752969121	0.00938967136150235	0.0594059405940594	0.0879828326180258	0.042875157629256
I	0.0213776722090261	0.0375586854460094	0.066006600660066	0.0772532188841202	0.128625472887768
V	0.00356294536817102	0.0140845070422535	0	0.00321888412017167	0.366960907944514
A	0.0213776722090261	0.0422535211267606	0	0	0.00378310214375788
G	0.00712589073634204	0.154929577464789	0.0132013201320132	0	0.00378310214375788
S	0.0332541567695962	0.0719874804381847	0.0066006600660066	0	0
T	0.0178147268408551	0.112676056338028	0.112211221122112	0.0128755364806867	0
R	0.0641330166270784	0.00312989045383412	0.0066006600660066	0.0236051502145923	0
K	0.206650831353919	0	0.0132013201320132	0.00643776824034335	0
H	0.00712589073634204	0.0281690140845070	0	0.0257510729613734	0
N	0.0712589073634204	0	0	0.0193133047210300	0
Q	0	0	0	0	0
D	0.114014251781473	0.0281690140845070	0	0.199570815450644	0
E	0.00712589073634204	0.169014084507042	0	0.0128755364806867	0
P	0.00712589073634204	0.234741784037559	0.0033003300330033	0.00321888412017167	0
C	0.00712589073634204	0.0187793427230047	0	0	0
