	-4	-3	-2	-1	0
W	0	0.376383763837638	0	0.97860962566845	0
F	0.222222222222222	0.022140221402214	0	0.0160427807486631	0.0410958904109589
Y	0.0888888888888889	0	0	0	0
M	0	0	0	0	0
L	0.0148148148148148	0.007380073800738	0	0	0.671232876712329
I	0	0.243542435424354	0	0	0.0410958904109589
V	0	0.0774907749077491	0	0	0.246575342465753
A	0	0	0	0	0
G	0	0.011070110701107	0	0	0
S	0.0148148148148148	0	0	0	0
T	0.0222222222222222	0	1	0	0
R	0.237037037037037	0.007380073800738	0	0.0053475935828877	0
K	0.222222222222222	0	0	0	0
H	0	0.022140221402214	0	0	0
N	0	0	0	0	0
Q	0	0.022140221402214	0	0	0
D	0.0888888888888889	0	0	0	0
E	0	0.132841328413284	0	0	0
P	0.0888888888888889	0.055350553505535	0	0	0
C	0	0.022140221402214	0	0	0
