Rows are residues, columns are chains, data are neighbors in that chain for each residue
residue	chain	PDBdata	DSSP	1	2
1	1	33 A	L	6	0
2	1	34 A	H	14	0
3	1	35 A	H	9	0
4	1	36 A	H	7	0
5	1	37 A	L	13	0
6	1	38 A	E	22	0
7	1	39 A	E	14	0
8	1	40 A	E	13	0
9	1	41 A	E	11	0
10	1	42 A	E	8	0
11	1	43 A	E	11	0
12	1	44 A	E	16	0
13	1	45 A	E	14	0
14	1	46 A	E	12	0
15	1	47 A	E	7	2
16	1	48 A	L	11	2
17	1	49 A	L	20	2
18	1	50 A	E	15	0
19	1	51 A	E	16	0
20	1	52 A	E	21	0
21	1	53 A	E	19	0
22	1	54 A	E	17	0
23	1	55 A	E	21	0
24	1	56 A	E	16	0
25	1	57 A	E	16	0
26	1	58 A	L	11	0
27	1	59 A	L	8	0
28	1	60 A	L	6	0
29	1	61 A	L	9	0
30	1	62 A	E	14	0
31	1	63 A	E	13	0
32	1	64 A	E	22	0
33	1	65 A	E	21	0
34	1	66 A	E	25	0
35	1	67 A	E	26	0
36	1	68 A	E	17	0
37	1	69 A	E	21	0
38	1	70 A	E	12	0
39	1	71 A	H	13	0
40	1	72 A	H	8	0
41	1	73 A	H	12	0
42	1	74 A	L	17	0
43	1	75 A	L	11	0
44	1	76 A	L	16	0
45	1	77 A	E	13	0
46	1	78 A	E	15	0
47	1	79 A	E	9	0
48	1	80 A	L	10	0
49	1	81 A	L	6	0
50	1	84 A	L	9	0
51	1	85 A	E	9	0
52	1	86 A	E	18	0
53	1	87 A	E	23	0
54	1	88 A	H	20	0
55	1	89 A	H	24	0
56	1	90 A	H	23	0
57	1	91 A	H	20	0
58	1	92 A	H	28	0
59	1	93 A	H	22	0
60	1	94 A	H	16	0
61	1	95 A	H	19	0
62	1	96 A	L	24	0
63	1	97 A	L	16	0
64	1	98 A	L	11	0
65	1	99 A	L	8	0
66	1	100 A	L	8	0
67	1	101 A	L	20	0
68	1	102 A	L	21	0
69	1	103 A	E	27	0
70	1	104 A	L	24	0
71	1	105 A	L	18	0
72	1	106 A	E	20	0
73	1	107 A	E	18	0
74	1	108 A	E	14	0
75	1	109 A	E	21	0
76	1	110 A	E	16	0
77	1	111 A	E	15	0
78	1	112 A	E	11	0
79	1	113 A	L	5	0
80	1	114 A	L	9	0
81	1	115 A	E	18	0
82	1	116 A	E	19	0
83	1	117 A	E	17	0
84	1	118 A	E	24	0
85	1	119 A	E	21	0
86	1	120 A	E	21	0
87	1	121 A	E	16	0
88	1	122 A	L	23	0
89	1	123 A	L	21	0
90	1	124 A	L	11	0
91	1	125 A	L	10	0
92	1	126 A	E	17	0
93	1	127 A	E	17	0
94	1	128 A	E	19	0
95	1	129 A	H	22	0
96	1	130 A	H	14	4
97	1	131 A	H	12	1
98	1	132 A	H	20	0
99	1	133 A	H	21	1
100	1	134 A	H	13	3
101	1	135 A	H	8	0
102	1	136 A	H	13	0
103	1	137 A	L	12	1
104	1	138 A	L	18	0
105	1	139 A	L	22	0
106	1	140 A	L	13	0
107	1	141 A	H	17	0
108	1	142 A	H	15	0
109	1	143 A	H	19	0
110	1	144 A	H	23	0
111	1	145 A	H	22	0
112	1	146 A	H	22	0
113	1	147 A	H	26	0
114	1	148 A	H	26	0
115	1	149 A	H	18	0
116	1	150 A	H	23	0
117	1	151 A	H	23	0
118	1	152 A	H	20	0
119	1	153 A	H	17	0
120	1	154 A	H	22	0
121	1	155 A	H	24	0
122	1	156 A	H	15	0
123	1	157 A	H	19	0
124	1	158 A	H	23	0
125	1	159 A	H	17	0
126	1	160 A	H	12	0
127	1	161 A	L	17	0
128	1	162 A	L	14	0
129	1	163 A	E	23	0
130	1	164 A	E	23	0
131	1	165 A	L	27	0
132	1	166 A	L	25	1
133	1	167 A	L	22	1
134	1	168 A	L	28	0
135	1	169 A	L	20	3
136	1	170 A	H	23	1
137	1	171 A	H	16	4
138	1	172 A	H	25	1
139	1	173 A	E	24	0
140	1	174 A	E	22	0
141	1	175 A	E	25	0
142	1	176 A	E	18	0
143	1	177 A	L	17	0
144	1	178 A	L	14	0
145	1	179 A	L	14	0
146	1	180 A	L	23	0
147	1	181 A	E	20	0
148	1	182 A	E	23	0
149	1	183 A	E	24	0
150	1	184 A	E	23	0
151	1	185 A	L	21	0
152	1	186 A	L	21	1
153	1	187 A	L	28	0
154	1	188 A	L	27	1
155	1	189 A	L	23	1
156	1	190 A	L	21	0
157	1	191 A	E	20	0
158	1	192 A	E	14	0
159	1	193 A	L	19	0
160	1	194 A	L	11	0
161	1	195 A	L	7	0
162	1	196 A	L	7	0
163	1	197 A	L	12	0
164	1	198 A	E	16	0
165	1	199 A	L	10	0
166	1	200 A	L	13	0
167	1	201 A	L	19	1
168	1	202 A	L	13	1
169	1	203 A	L	18	3
170	1	204 A	L	17	4
171	1	205 A	H	14	3
172	1	206 A	H	16	2
173	1	207 A	H	25	2
174	1	208 A	L	21	0
175	1	209 A	L	26	0
176	1	210 A	H	22	0
177	1	211 A	H	19	0
178	1	212 A	H	20	0
179	1	213 A	H	18	0
180	1	214 A	H	12	0
181	1	215 A	H	10	0
182	1	216 A	L	12	0
183	1	217 A	L	15	0
184	1	218 A	E	23	0
185	1	219 A	L	17	0
186	1	220 A	H	21	0
187	1	221 A	H	16	0
188	1	222 A	H	19	0
189	1	223 A	H	24	0
190	1	224 A	H	24	0
191	1	225 A	H	24	0
192	1	226 A	H	25	0
193	1	227 A	H	24	0
194	1	228 A	H	24	0
195	1	229 A	H	27	0
196	1	230 A	H	25	0
197	1	231 A	H	25	0
198	1	232 A	H	25	0
199	1	233 A	H	26	0
200	1	234 A	H	23	1
201	1	235 A	H	29	0
202	1	236 A	H	26	0
203	1	237 A	H	23	0
204	1	238 A	L	17	2
205	1	239 A	L	15	4
206	1	240 A	L	19	3
207	1	241 A	L	21	0
208	1	242 A	L	23	0
209	1	243 A	L	11	3
210	1	244 A	L	11	0
211	1	245 A	H	14	0
212	1	246 A	H	9	0
213	1	247 A	H	17	0
214	1	248 A	H	23	0
215	1	249 A	H	15	0
216	1	250 A	H	14	0
217	1	251 A	L	13	0
218	1	252 A	L	10	0
219	1	253 A	L	18	0
220	1	254 A	L	8	0
221	1	255 A	L	14	0
222	1	256 A	L	11	1
223	1	257 A	L	12	0
224	1	258 A	L	9	0
225	1	259 A	L	19	0
226	1	260 A	L	11	0
227	1	262 A	L	13	0
228	1	263 A	H	22	0
229	1	264 A	H	14	0
230	1	265 A	H	13	0
231	1	266 A	H	22	0
232	1	267 A	H	24	0
233	1	268 A	H	15	0
234	1	269 A	H	16	0
235	1	270 A	H	25	0
236	1	271 A	L	26	0
237	1	272 A	L	18	0
238	1	273 A	L	16	0
239	1	274 A	L	9	0
240	1	275 A	H	18	0
241	1	276 A	H	7	0
242	1	277 A	H	11	0
243	1	278 A	L	22	0
244	1	279 A	L	18	0
245	1	280 A	L	11	0
246	1	281 A	H	16	0
247	1	282 A	H	10	0
248	1	283 A	H	14	0
249	1	284 A	H	23	0
250	1	285 A	H	16	0
251	1	286 A	L	11	0
252	1	287 A	L	16	0
253	1	288 A	H	10	0
254	1	289 A	H	19	0
255	1	290 A	H	17	0
256	1	291 A	L	10	0
257	1	292 A	L	6	0
258	1	293 A	L	18	0
259	1	294 A	L	19	0
260	1	295 A	L	10	0
261	1	296 A	H	18	0
262	1	297 A	H	14	0
263	1	298 A	H	13	0
264	1	299 A	H	24	0
265	1	300 A	H	19	0
266	1	301 A	H	12	0
267	1	302 A	H	14	0
268	1	303 A	H	18	0
269	1	304 A	H	18	0
270	1	305 A	L	10	0
271	2	2 B	L	3	2
272	2	3 B	L	2	3
273	2	4 B	L	8	4
274	2	5 B	L	6	4
275	2	6 B	L	7	4
276	2	7 B	L	10	4
277	2	8 B	L	7	3
278	2	9 B	L	17	2

