Rows are residues, columns are chains, data are neighbors in that chain for each residue
residue	chain	PDBdata	DSSP	1	2	3	4
1	1	1 A	L	7	0	5	0
2	1	2 A	L	16	0	0	0
3	1	3 A	L	11	0	2	0
4	1	4 A	H	9	0	0	0
5	1	5 A	H	12	0	1	0
6	1	6 A	H	20	0	0	0
7	1	7 A	H	17	0	0	0
8	1	8 A	H	12	0	0	0
9	1	9 A	H	22	0	0	0
10	1	10 A	H	23	0	0	0
11	1	11 A	H	14	0	0	0
12	1	12 A	H	12	0	0	0
13	1	13 A	H	21	0	0	0
14	1	14 A	H	22	0	0	0
15	1	15 A	H	15	0	0	0
16	1	16 A	H	15	0	0	0
17	1	17 A	H	21	0	0	0
18	1	18 A	H	12	0	0	0
19	1	19 A	H	11	0	0	0
20	1	20 A	H	17	0	0	0
21	1	21 A	H	19	0	0	0
22	1	22 A	H	20	0	0	0
23	1	23 A	H	16	0	0	0
24	1	24 A	H	23	0	0	0
25	1	25 A	H	29	0	0	0
26	1	26 A	H	23	0	0	0
27	1	27 A	H	22	2	0	0
28	1	28 A	H	24	1	0	0
29	1	29 A	H	27	1	0	0
30	1	30 A	H	20	5	0	0
31	1	31 A	H	19	9	0	0
32	1	32 A	H	24	2	0	0
33	1	33 A	H	22	2	0	0
34	1	34 A	H	13	8	0	0
35	1	35 A	H	12	10	0	0
36	1	36 A	L	16	3	0	2
37	1	37 A	H	9	1	0	4
38	1	38 A	H	11	0	0	7
39	1	39 A	H	20	0	0	2
40	1	40 A	H	13	0	0	1
41	1	41 A	H	8	0	0	5
42	1	42 A	H	15	0	0	2
43	1	43 A	L	15	0	0	0
44	1	44 A	L	7	0	0	0
45	1	45 A	L	7	0	0	0
46	1	46 A	L	15	0	0	0
47	1	47 A	L	10	0	0	0
48	1	48 A	L	17	0	0	0
49	1	49 A	L	10	0	0	0
50	1	50 A	L	8	3	0	0
51	1	51 A	L	11	0	0	0
52	1	52 A	L	14	0	0	0
53	1	53 A	H	9	0	0	0
54	1	54 A	H	16	0	0	0
55	1	55 A	H	21	0	0	0
56	1	56 A	H	16	0	0	0
57	1	57 A	H	16	0	0	0
58	1	58 A	H	17	0	0	0
59	1	59 A	H	21	0	0	0
60	1	60 A	H	15	0	0	0
61	1	61 A	H	13	0	0	0
62	1	62 A	H	19	0	0	0
63	1	63 A	H	26	0	0	0
64	1	64 A	H	14	0	0	0
65	1	65 A	H	17	0	0	0
66	1	66 A	H	21	0	0	0
67	1	67 A	H	15	0	0	0
68	1	68 A	H	13	0	0	0
69	1	69 A	H	21	0	0	0
70	1	70 A	H	18	0	0	0
71	1	71 A	L	15	0	0	0
72	1	72 A	L	12	0	0	0
73	1	73 A	L	19	0	0	0
74	1	74 A	L	10	0	0	0
75	1	75 A	L	10	0	0	0
76	1	76 A	H	22	0	0	0
77	1	77 A	H	13	0	1	0
78	1	78 A	H	11	0	0	0
79	1	79 A	H	18	0	0	0
80	1	80 A	L	22	0	0	0
81	1	81 A	H	12	0	0	0
82	1	82 A	H	10	0	0	0
83	1	83 A	H	18	0	0	0
84	1	84 A	H	21	0	0	0
85	1	85 A	H	15	0	0	0
86	1	86 A	H	14	0	0	0
87	1	87 A	H	22	0	0	1
88	1	88 A	H	18	0	0	2
89	1	89 A	H	11	0	0	1
90	1	90 A	H	9	0	0	0
91	1	91 A	L	11	0	0	2
92	1	92 A	L	10	0	0	9
93	1	93 A	L	18	0	0	2
94	1	94 A	L	13	0	0	10
95	1	95 A	H	13	0	0	5
96	1	96 A	H	12	0	0	5
97	1	97 A	H	18	0	0	3
98	1	98 A	H	18	0	0	0
99	1	99 A	H	14	2	0	1
100	1	100 A	H	17	1	0	1
101	1	101 A	H	22	0	0	0
102	1	102 A	H	19	0	0	0
103	1	103 A	H	17	7	0	0
104	1	104 A	H	23	5	0	0
105	1	105 A	H	25	0	0	0
106	1	106 A	H	16	7	0	0
107	1	107 A	H	15	12	0	0
108	1	108 A	H	22	5	0	0
109	1	109 A	H	25	3	0	0
110	1	110 A	H	14	11	0	0
111	1	111 A	H	13	13	0	0
112	1	112 A	H	15	4	0	0
113	1	113 A	L	19	1	0	0
114	1	114 A	L	8	5	0	0
115	1	115 A	L	6	1	0	0
116	1	116 A	L	15	0	0	0
117	1	117 A	L	17	5	0	0
118	1	118 A	L	12	6	0	0
119	1	119 A	H	7	12	0	0
120	1	120 A	H	11	7	0	0
121	1	121 A	H	19	0	0	0
122	1	122 A	H	15	8	0	0
123	1	123 A	H	13	6	2	0
124	1	124 A	H	22	1	0	0
125	1	125 A	H	22	1	0	0
126	1	126 A	H	15	5	0	0
127	1	127 A	H	18	1	1	0
128	1	128 A	H	25	0	0	0
129	1	129 A	H	22	0	0	0
130	1	130 A	H	13	0	0	0
131	1	131 A	H	18	0	0	0
132	1	132 A	H	24	0	0	0
133	1	133 A	H	19	0	0	0
134	1	134 A	H	15	0	2	0
135	1	135 A	H	20	0	1	0
136	1	136 A	H	22	0	0	0
137	1	137 A	L	17	0	0	2
138	1	138 A	L	14	0	3	0
139	1	139 A	L	17	0	1	1
140	1	140 A	L	12	0	1	7
141	1	141 A	L	5	0	1	12
142	2	2 B	L	0	8	0	3
143	2	3 B	L	0	17	0	0
144	2	4 B	L	0	10	0	0
145	2	5 B	H	0	7	0	0
146	2	6 B	H	0	10	0	0
147	2	7 B	H	0	18	0	0
148	2	8 B	H	0	16	0	0
149	2	9 B	H	0	12	0	0
150	2	10 B	H	0	17	0	0
151	2	11 B	H	0	22	0	0
152	2	12 B	H	0	17	0	0
153	2	13 B	H	0	10	0	0
154	2	14 B	H	0	20	0	0
155	2	15 B	H	0	17	0	0
156	2	16 B	H	0	11	0	0
157	2	17 B	H	0	8	0	0
158	2	18 B	L	0	17	0	0
159	2	19 B	L	0	10	0	0
160	2	20 B	H	0	18	0	0
161	2	21 B	H	0	12	0	0
162	2	22 B	H	0	13	0	0
163	2	23 B	H	0	21	0	0
164	2	24 B	H	0	26	0	0
165	2	25 B	H	0	24	0	0
166	2	26 B	H	1	20	0	0
167	2	27 B	H	0	24	0	0
168	2	28 B	H	0	30	0	0
169	2	29 B	H	1	25	0	0
170	2	30 B	H	7	20	0	0
171	2	31 B	H	1	26	0	0
172	2	32 B	H	1	22	0	0
173	2	33 B	H	5	18	1	0
174	2	34 B	H	9	13	1	0
175	2	35 B	L	2	15	3	0
176	2	36 B	H	1	11	6	0
177	2	37 B	H	0	9	12	0
178	2	38 B	H	0	19	2	0
179	2	39 B	H	0	15	2	0
180	2	40 B	H	0	9	6	0
181	2	41 B	H	0	14	2	0
182	2	42 B	L	0	18	0	0
183	2	43 B	H	0	8	1	0
184	2	44 B	H	0	6	0	0
185	2	45 B	H	0	17	0	0
186	2	46 B	L	0	13	0	0
187	2	47 B	L	0	13	0	0
188	2	48 B	L	0	19	0	0
189	2	49 B	L	0	9	1	0
190	2	50 B	L	1	10	1	0
191	2	51 B	H	5	13	1	0
192	2	52 B	H	3	10	0	0
193	2	53 B	H	0	14	0	0
194	2	54 B	H	1	23	0	0
195	2	55 B	H	3	16	0	0
196	2	56 B	L	0	12	0	0
197	2	57 B	L	0	20	0	0
198	2	58 B	H	0	10	0	0
199	2	59 B	H	0	14	0	0
200	2	60 B	H	0	24	0	0
201	2	61 B	H	0	17	0	0
202	2	62 B	H	0	14	0	0
203	2	63 B	H	0	16	0	0
204	2	64 B	H	0	23	0	0
205	2	65 B	H	0	16	0	0
206	2	66 B	H	0	12	0	0
207	2	67 B	H	0	19	0	0
208	2	68 B	H	0	20	0	0
209	2	69 B	H	0	12	0	0
210	2	70 B	H	0	15	0	0
211	2	71 B	H	0	20	0	0
212	2	72 B	H	0	13	0	0
213	2	73 B	H	0	12	0	0
214	2	74 B	H	0	20	0	0
215	2	75 B	H	0	19	0	0
216	2	76 B	H	0	10	0	0
217	2	77 B	L	0	13	0	0
218	2	78 B	L	0	18	0	0
219	2	79 B	L	0	9	0	0
220	2	80 B	L	0	12	0	0
221	2	81 B	H	0	21	0	1
222	2	82 B	H	0	15	0	1
223	2	83 B	H	0	13	0	0
224	2	84 B	H	0	19	0	0
225	2	85 B	L	0	26	0	0
226	2	86 B	H	0	14	0	0
227	2	87 B	H	0	10	0	0
228	2	88 B	H	0	18	0	0
229	2	89 B	H	0	22	0	0
230	2	90 B	H	0	14	0	0
231	2	91 B	H	0	13	0	0
232	2	92 B	H	0	21	0	0
233	2	93 B	H	0	19	2	0
234	2	94 B	H	0	10	1	0
235	2	95 B	H	0	9	1	0
236	2	96 B	L	0	10	2	0
237	2	97 B	L	0	9	8	0
238	2	98 B	L	0	18	3	0
239	2	99 B	L	0	12	9	0
240	2	100 B	H	0	18	2	0
241	2	101 B	H	0	10	4	0
242	2	102 B	H	0	19	3	0
243	2	103 B	H	0	23	0	0
244	2	104 B	H	2	17	0	0
245	2	105 B	H	1	17	0	0
246	2	106 B	H	0	23	0	0
247	2	107 B	H	0	24	0	0
248	2	108 B	H	5	18	0	0
249	2	109 B	H	5	23	0	0
250	2	110 B	H	0	25	0	0
251	2	111 B	H	7	18	0	0
252	2	112 B	H	10	15	0	0
253	2	113 B	H	4	21	0	0
254	2	114 B	H	3	23	0	0
255	2	115 B	H	10	14	0	0
256	2	116 B	H	12	12	0	0
257	2	117 B	H	3	14	0	0
258	2	118 B	H	3	16	0	0
259	2	119 B	H	6	10	0	0
260	2	120 B	H	3	7	0	0
261	2	121 B	H	1	11	0	0
262	2	122 B	L	4	16	0	0
263	2	123 B	L	5	13	0	0
264	2	124 B	H	14	8	0	0
265	2	125 B	H	5	12	0	0
266	2	126 B	H	1	17	0	0
267	2	127 B	H	8	17	0	0
268	2	128 B	H	9	13	0	0
269	2	129 B	H	2	20	0	0
270	2	130 B	H	1	23	0	0
271	2	131 B	H	8	14	0	0
272	2	132 B	H	1	16	0	0
273	2	133 B	H	0	24	0	0
274	2	134 B	H	0	19	0	0
275	2	135 B	H	2	16	0	2
276	2	136 B	H	0	21	0	1
277	2	137 B	H	0	24	0	0
278	2	138 B	H	0	20	0	0
279	2	139 B	H	0	17	0	4
280	2	140 B	H	0	21	0	1
281	2	141 B	H	0	26	0	0
282	2	142 B	L	0	21	0	1
283	2	143 B	H	0	17	0	0
284	2	144 B	H	0	18	0	1
285	2	145 B	H	0	13	2	3
286	2	146 B	L	0	9	0	6
287	3	1 C	L	5	0	7	0
288	3	2 C	L	0	0	19	0
289	3	3 C	L	2	0	11	0
290	3	4 C	H	0	0	9	0
291	3	5 C	H	0	0	10	0
292	3	6 C	H	0	0	19	0
293	3	7 C	H	0	0	16	0
294	3	8 C	H	0	0	11	0
295	3	9 C	H	0	0	20	0
296	3	10 C	H	0	0	22	0
297	3	11 C	H	0	0	14	0
298	3	12 C	H	0	0	13	0
299	3	13 C	H	0	0	20	0
300	3	14 C	H	0	0	22	0
301	3	15 C	H	0	0	14	0
302	3	16 C	H	0	0	14	0
303	3	17 C	H	0	0	21	0
304	3	18 C	H	0	0	11	0
305	3	19 C	H	0	0	10	0
306	3	20 C	H	0	0	14	0
307	3	21 C	H	0	0	18	0
308	3	22 C	H	0	0	19	0
309	3	23 C	H	0	0	16	0
310	3	24 C	H	0	0	23	0
311	3	25 C	H	0	0	29	0
312	3	26 C	H	0	0	24	0
313	3	27 C	H	0	0	22	2
314	3	28 C	H	0	0	24	1
315	3	29 C	H	0	0	29	1
316	3	30 C	H	0	0	20	5
317	3	31 C	H	0	0	20	9
318	3	32 C	H	0	0	25	2
319	3	33 C	H	0	0	22	2
320	3	34 C	H	0	0	13	8
321	3	35 C	H	0	0	12	11
322	3	36 C	L	0	2	16	2
323	3	37 C	H	0	4	9	1
324	3	38 C	H	0	7	12	0
325	3	39 C	H	0	2	20	0
326	3	40 C	H	0	1	13	0
327	3	41 C	H	0	5	7	0
328	3	42 C	H	0	2	15	0
329	3	43 C	L	0	0	14	0
330	3	44 C	L	0	0	7	0
331	3	45 C	L	0	0	6	0
332	3	46 C	L	0	0	14	0
333	3	47 C	L	0	0	10	0
334	3	48 C	L	0	0	17	0
335	3	49 C	L	0	0	10	0
336	3	50 C	L	0	0	9	3
337	3	51 C	L	0	0	11	0
338	3	52 C	L	0	0	15	0
339	3	53 C	H	0	0	9	0
340	3	54 C	H	0	0	16	0
341	3	55 C	H	0	0	23	0
342	3	56 C	H	0	0	16	0
343	3	57 C	H	0	0	16	0
344	3	58 C	H	0	0	18	0
345	3	59 C	H	0	0	21	0
346	3	60 C	H	0	0	17	0
347	3	61 C	H	0	0	13	0
348	3	62 C	H	0	0	21	0
349	3	63 C	H	0	0	26	0
350	3	64 C	H	0	0	14	0
351	3	65 C	H	0	0	17	0
352	3	66 C	H	0	0	22	0
353	3	67 C	H	0	0	14	0
354	3	68 C	H	0	0	12	0
355	3	69 C	H	0	0	24	0
356	3	70 C	H	0	0	19	0
357	3	71 C	L	0	0	15	0
358	3	72 C	L	0	0	12	0
359	3	73 C	L	0	0	18	0
360	3	74 C	L	0	0	11	0
361	3	75 C	L	0	0	12	0
362	3	76 C	H	0	0	23	0
363	3	77 C	H	1	0	13	0
364	3	78 C	H	0	0	13	0
365	3	79 C	H	0	0	19	0
366	3	80 C	L	0	0	23	0
367	3	81 C	H	0	0	13	0
368	3	82 C	H	0	0	10	0
369	3	83 C	H	0	0	20	0
370	3	84 C	H	0	0	20	0
371	3	85 C	H	0	0	14	0
372	3	86 C	H	0	0	14	0
373	3	87 C	H	0	1	23	0
374	3	88 C	H	0	2	18	0
375	3	89 C	H	0	2	11	0
376	3	90 C	H	0	0	8	0
377	3	91 C	L	0	2	13	0
378	3	92 C	L	0	7	9	0
379	3	93 C	L	0	2	17	0
380	3	94 C	L	0	10	13	0
381	3	95 C	H	0	5	13	0
382	3	96 C	H	0	5	12	0
383	3	97 C	H	0	2	18	0
384	3	98 C	H	0	0	19	0
385	3	99 C	H	0	2	14	1
386	3	100 C	H	0	1	17	2
387	3	101 C	H	0	0	22	0
388	3	102 C	H	0	0	19	0
389	3	103 C	H	0	0	17	6
390	3	104 C	H	0	0	23	3
391	3	105 C	H	0	0	25	0
392	3	106 C	H	0	0	17	7
393	3	107 C	H	0	0	15	11
394	3	108 C	H	0	0	23	4
395	3	109 C	H	0	0	24	3
396	3	110 C	H	0	0	13	11
397	3	111 C	H	0	0	12	13
398	3	112 C	H	0	0	15	4
399	3	113 C	L	0	0	18	2
400	3	114 C	L	0	0	9	5
401	3	115 C	L	0	0	7	1
402	3	116 C	L	0	0	18	0
403	3	117 C	L	0	0	18	5
404	3	118 C	L	0	0	12	6
405	3	119 C	H	0	0	6	11
406	3	120 C	H	0	0	11	6
407	3	121 C	H	0	0	20	1
408	3	122 C	H	0	0	15	8
409	3	123 C	H	2	0	12	6
410	3	124 C	H	0	0	21	1
411	3	125 C	H	0	0	22	1
412	3	126 C	H	0	0	15	5
413	3	127 C	H	1	0	16	1
414	3	128 C	H	0	0	26	0
415	3	129 C	H	0	0	22	0
416	3	130 C	H	0	0	13	0
417	3	131 C	H	0	0	20	0
418	3	132 C	H	0	0	24	0
419	3	133 C	H	0	0	19	0
420	3	134 C	H	2	0	17	0
421	3	135 C	H	1	0	22	0
422	3	136 C	H	0	0	22	0
423	3	137 C	L	0	1	17	0
424	3	138 C	L	2	0	14	0
425	3	139 C	L	0	1	14	0
426	3	140 C	L	2	5	10	0
427	3	141 C	L	3	5	4	0
428	4	2 D	L	0	3	0	8
429	4	3 D	L	0	0	0	17
430	4	4 D	L	0	0	0	9
431	4	5 D	H	0	0	0	7
432	4	6 D	H	0	0	0	10
433	4	7 D	H	0	0	0	18
434	4	8 D	H	0	0	0	16
435	4	9 D	H	0	0	0	12
436	4	10 D	H	0	0	0	14
437	4	11 D	H	0	0	0	18
438	4	12 D	H	0	0	0	14
439	4	13 D	H	0	0	0	10
440	4	14 D	H	0	0	0	18
441	4	15 D	H	0	0	0	17
442	4	16 D	H	0	0	0	10
443	4	17 D	H	0	0	0	11
444	4	18 D	L	0	0	0	19
445	4	19 D	L	0	0	0	10
446	4	20 D	H	0	0	0	20
447	4	21 D	H	0	0	0	14
448	4	22 D	H	0	0	0	15
449	4	23 D	H	0	0	0	21
450	4	24 D	H	0	0	0	26
451	4	25 D	H	0	0	0	23
452	4	26 D	H	0	0	1	21
453	4	27 D	H	0	0	0	24
454	4	28 D	H	0	0	0	30
455	4	29 D	H	0	0	1	26
456	4	30 D	H	0	0	7	20
457	4	31 D	H	0	0	0	26
458	4	32 D	H	1	0	1	23
459	4	33 D	H	2	0	6	19
460	4	34 D	H	1	0	9	13
461	4	35 D	L	5	0	2	14
462	4	36 D	H	7	0	1	11
463	4	37 D	H	12	0	0	9
464	4	38 D	H	3	0	0	20
465	4	39 D	H	3	0	0	16
466	4	40 D	H	6	0	0	9
467	4	41 D	H	3	0	0	14
468	4	42 D	H	1	0	0	18
469	4	43 D	H	1	0	0	8
470	4	44 D	H	0	0	0	6
471	4	45 D	H	0	0	0	17
472	4	46 D	L	0	0	0	12
473	4	47 D	L	0	0	0	12
474	4	48 D	L	1	0	0	19
475	4	49 D	L	1	0	0	10
476	4	50 D	L	1	0	2	10
477	4	51 D	H	1	0	6	13
478	4	52 D	H	0	0	3	10
479	4	53 D	H	1	0	0	14
480	4	54 D	H	1	0	1	21
481	4	55 D	H	0	0	3	16
482	4	56 D	H	0	0	0	12
483	4	57 D	L	0	0	0	21
484	4	58 D	H	0	0	0	9
485	4	59 D	H	0	0	0	14
486	4	60 D	H	0	0	0	25
487	4	61 D	H	0	0	0	17
488	4	62 D	H	0	0	0	13
489	4	63 D	H	0	0	0	16
490	4	64 D	H	0	0	0	24
491	4	65 D	H	0	0	0	16
492	4	66 D	H	0	0	0	12
493	4	67 D	H	0	0	0	20
494	4	68 D	H	0	0	0	23
495	4	69 D	H	0	0	0	13
496	4	70 D	H	0	0	0	17
497	4	71 D	H	0	0	0	24
498	4	72 D	H	0	0	0	13
499	4	73 D	H	0	0	0	14
500	4	74 D	H	0	0	0	19
501	4	75 D	H	0	0	0	21
502	4	76 D	H	0	0	0	11
503	4	77 D	H	0	0	0	13
504	4	78 D	L	0	0	0	19
505	4	79 D	L	0	0	0	7
506	4	80 D	L	0	0	0	12
507	4	81 D	H	0	0	0	22
508	4	82 D	H	0	0	0	16
509	4	83 D	H	0	0	0	13
510	4	84 D	H	0	0	0	19
511	4	85 D	L	0	0	0	27
512	4	86 D	H	0	0	0	15
513	4	87 D	H	0	0	0	10
514	4	88 D	H	0	0	0	18
515	4	89 D	H	0	0	0	22
516	4	90 D	H	0	0	0	13
517	4	91 D	H	0	0	0	14
518	4	92 D	H	0	0	0	21
519	4	93 D	H	2	0	0	19
520	4	94 D	H	1	0	0	10
521	4	95 D	H	0	0	0	9
522	4	96 D	L	2	0	0	9
523	4	97 D	L	8	0	0	9
524	4	98 D	L	3	0	0	18
525	4	99 D	L	8	0	0	13
526	4	100 D	H	2	0	0	18
527	4	101 D	H	5	0	0	10
528	4	102 D	H	3	0	0	18
529	4	103 D	H	0	0	0	24
530	4	104 D	H	0	0	0	17
531	4	105 D	H	0	0	1	17
532	4	106 D	H	0	0	0	24
533	4	107 D	H	0	0	0	25
534	4	108 D	H	0	0	5	17
535	4	109 D	H	0	0	3	23
536	4	110 D	H	0	0	0	26
537	4	111 D	H	0	0	6	17
538	4	112 D	H	0	0	10	15
539	4	113 D	H	0	0	3	23
540	4	114 D	H	0	0	3	23
541	4	115 D	H	0	0	10	15
542	4	116 D	H	0	0	12	12
543	4	117 D	H	0	0	3	16
544	4	118 D	H	0	0	3	16
545	4	119 D	H	0	0	6	9
546	4	120 D	H	0	0	2	5
547	4	121 D	H	0	0	1	11
548	4	122 D	L	0	0	4	17
549	4	123 D	L	0	0	6	14
550	4	124 D	H	0	0	14	6
551	4	125 D	H	0	0	5	10
552	4	126 D	H	0	0	1	18
553	4	127 D	H	0	0	8	14
554	4	128 D	H	0	0	8	12
555	4	129 D	H	0	0	2	19
556	4	130 D	H	0	0	1	22
557	4	131 D	H	0	0	8	13
558	4	132 D	H	0	1	1	16
559	4	133 D	H	0	0	0	23
560	4	134 D	H	0	0	1	20
561	4	135 D	H	0	2	1	17
562	4	136 D	H	0	1	0	21
563	4	137 D	H	0	0	0	25
564	4	138 D	H	0	0	0	20
565	4	139 D	H	0	4	0	17
566	4	140 D	H	0	1	0	21
567	4	141 D	H	0	0	0	26
568	4	142 D	L	0	1	0	22
569	4	143 D	H	0	0	0	16
570	4	144 D	H	0	1	0	18
571	4	145 D	H	2	3	0	13
572	4	146 D	L	0	7	0	9

