Rows are residues, columns are chains, data are neighbors in that chain for each residue
residue	chain	PDBdata	DSSP	1	2
1	1	36 A	L	3	0
2	1	37 A	L	7	0
3	1	38 A	L	7	0
4	1	39 A	L	10	0
5	1	40 A	L	18	0
6	1	41 A	E	18	0
7	1	42 A	E	12	0
8	1	43 A	E	14	0
9	1	44 A	E	11	0
10	1	45 A	E	11	0
11	1	46 A	E	10	0
12	1	47 A	E	12	0
13	1	48 A	E	12	0
14	1	49 A	E	11	0
15	1	50 A	L	10	0
16	1	51 A	L	8	0
17	1	52 A	L	17	0
18	1	53 A	E	23	0
19	1	54 A	E	16	0
20	1	55 A	E	19	0
21	1	56 A	E	16	0
22	1	57 A	E	20	0
23	1	58 A	E	17	0
24	1	59 A	E	17	0
25	1	60 A	E	23	0
26	1	61 A	E	16	0
27	1	62 A	E	21	0
28	1	63 A	L	12	0
29	1	64 A	L	11	0
30	1	65 A	L	17	0
31	1	66 A	L	11	0
32	1	67 A	L	14	0
33	1	68 A	H	12	0
34	1	69 A	H	9	0
35	1	70 A	H	17	0
36	1	71 A	H	17	0
37	1	72 A	H	12	0
38	1	73 A	H	12	0
39	1	74 A	H	19	0
40	1	75 A	H	16	0
41	1	76 A	H	11	0
42	1	77 A	H	10	1
43	1	78 A	H	17	0
44	1	79 A	H	15	0
45	1	80 A	H	10	2
46	1	81 A	H	14	4
47	1	82 A	H	17	0
48	1	83 A	H	12	0
49	1	84 A	H	10	5
50	1	85 A	H	18	2
51	1	86 A	H	20	0
52	1	87 A	H	12	0
53	1	88 A	H	14	2
54	1	89 A	H	23	0
55	1	90 A	H	17	0
56	1	91 A	H	16	0
57	1	92 A	H	18	0
58	1	93 A	H	24	0
59	1	94 A	H	14	0
60	1	95 A	H	11	0
61	1	96 A	H	17	0
62	1	97 A	H	16	0
63	1	98 A	H	11	0
64	1	99 A	L	8	0
65	1	100 A	L	6	0
66	1	101 A	L	8	0
67	1	102 A	L	19	0
68	1	103 A	L	8	0
69	1	104 A	L	9	0
70	1	105 A	L	15	0
71	1	106 A	E	23	0
72	1	107 A	E	19	0
73	1	108 A	E	25	0
74	1	109 A	E	19	0
75	1	110 A	E	24	0
76	1	111 A	E	17	0
77	1	112 A	E	20	0
78	1	113 A	E	15	0
79	1	114 A	E	15	0
80	1	115 A	E	19	0
81	1	116 A	E	19	0
82	1	117 A	E	13	0
83	1	118 A	L	18	0
84	1	119 A	L	15	0
85	1	120 A	L	15	0
86	1	121 A	E	22	0
87	1	122 A	E	22	0
88	1	123 A	E	22	0
89	1	124 A	E	20	0
90	1	125 A	E	21	0
91	1	126 A	E	20	1
92	1	127 A	E	15	0
93	1	128 A	E	19	1
94	1	129 A	E	17	0
95	1	130 A	E	19	0
96	1	131 A	E	20	0
97	1	132 A	L	17	0
98	1	133 A	L	17	0
99	1	134 A	L	9	0
100	1	135 A	L	6	0
101	1	136 A	L	10	0
102	1	137 A	L	15	0
103	1	138 A	E	15	0
104	1	139 A	E	17	0
105	1	140 A	E	14	1
106	1	141 A	E	17	1
107	1	142 A	E	12	1
108	1	143 A	E	20	0
109	1	144 A	E	20	0
110	1	145 A	E	22	0
111	1	146 A	E	24	0
112	1	147 A	E	19	0
113	1	148 A	L	20	0
114	1	149 A	L	13	0
115	1	150 A	L	14	0
116	1	151 A	L	16	0
117	1	152 A	E	13	0
118	1	153 A	E	14	1
119	1	154 A	L	18	0
120	1	155 A	L	12	1
121	1	156 A	H	21	0
122	1	157 A	H	15	0
123	1	158 A	H	13	0
124	1	159 A	H	21	0
125	1	160 A	E	22	0
126	1	161 A	L	13	0
127	1	162 A	H	10	0
128	1	163 A	H	9	0
129	1	164 A	H	23	0
130	1	165 A	H	18	0
131	1	166 A	H	11	0
132	1	167 A	H	15	0
133	1	168 A	H	23	0
134	1	169 A	H	18	0
135	1	170 A	H	13	0
136	1	171 A	H	19	0
137	1	172 A	H	22	0
138	1	173 A	H	17	0
139	1	174 A	H	9	0
140	1	175 A	H	17	0
141	1	176 A	H	19	0
142	1	177 A	H	11	0
143	1	178 A	H	9	0
144	1	179 A	H	8	0
145	1	180 A	H	13	0
146	1	181 A	H	5	0
147	1	182 A	H	15	0
148	1	183 A	L	20	0
149	1	184 A	L	16	0
150	1	185 A	L	7	0
151	1	186 A	L	10	0
152	1	187 A	H	21	0
153	1	188 A	H	17	0
154	1	189 A	H	12	0
155	1	190 A	H	13	0
156	1	191 A	H	24	0
157	1	192 A	H	12	0
158	1	193 A	H	9	0
159	1	194 A	L	18	0
160	1	195 A	L	9	2
161	1	196 A	H	20	0
162	1	197 A	H	17	1
163	1	198 A	H	10	3
164	1	199 A	L	17	0
165	1	200 A	L	19	0
166	1	201 A	E	23	0
167	1	202 A	E	21	0
168	1	203 A	E	25	0
169	1	204 A	L	14	0
170	1	205 A	L	12	0
171	1	206 A	L	12	0
172	1	207 A	E	18	0
173	1	208 A	E	22	0
174	1	209 A	E	19	0
175	1	210 A	E	23	0
176	1	211 A	E	16	0
177	1	212 A	L	21	0
178	1	213 A	L	16	0
179	1	214 A	L	18	0
180	1	215 A	L	13	0
181	1	216 A	L	15	0
182	1	217 A	L	24	0
183	1	218 A	L	18	0
184	1	219 A	L	11	0
185	1	220 A	L	14	0
186	1	221 A	L	8	0
187	1	222 A	L	14	0
188	1	223 A	L	15	0
189	1	224 A	L	19	0
190	1	225 A	L	19	0
191	1	226 A	E	14	0
192	1	227 A	E	21	0
193	1	228 A	E	15	0
194	1	229 A	E	20	0
195	1	230 A	E	11	0
196	1	231 A	H	15	0
197	1	232 A	H	8	0
198	1	233 A	H	16	0
199	1	234 A	L	19	0
200	1	235 A	H	11	0
201	1	236 A	H	11	0
202	1	237 A	H	15	0
203	1	238 A	E	13	0
204	1	239 A	L	10	0
205	1	240 A	L	12	0
206	1	241 A	L	14	0
207	1	242 A	L	13	0
208	1	243 A	L	9	0
209	1	244 A	L	20	0
210	1	245 A	L	18	0
211	1	246 A	L	14	0
212	1	247 A	L	11	0
213	1	248 A	L	5	0
214	1	249 A	L	5	0
215	1	250 A	L	3	0
216	2	38 B	L	9	5
217	2	39 B	L	4	9
218	2	40 B	L	0	16
219	2	41 B	E	0	19
220	2	42 B	E	1	13
221	2	43 B	E	0	14
222	2	44 B	E	0	11
223	2	45 B	E	0	12
224	2	46 B	E	0	10
225	2	47 B	E	0	12
226	2	48 B	E	0	12
227	2	49 B	E	0	11
228	2	50 B	L	0	9
229	2	51 B	L	0	8
230	2	52 B	L	0	14
231	2	53 B	E	0	21
232	2	54 B	E	0	17
233	2	55 B	E	0	18
234	2	56 B	E	0	16
235	2	57 B	E	0	20
236	2	58 B	E	0	17
237	2	59 B	E	0	17
238	2	60 B	E	0	22
239	2	61 B	E	0	16
240	2	62 B	E	0	20
241	2	63 B	L	3	10
242	2	64 B	L	4	11
243	2	65 B	L	0	17
244	2	66 B	L	2	8
245	2	67 B	L	0	14
246	2	68 B	H	0	8
247	2	69 B	H	0	9
248	2	70 B	H	0	17
249	2	71 B	H	0	18
250	2	72 B	H	0	13
251	2	73 B	H	0	12
252	2	74 B	H	0	19
253	2	75 B	H	0	16
254	2	76 B	H	0	11
255	2	77 B	H	0	11
256	2	78 B	H	0	18
257	2	79 B	H	0	15
258	2	80 B	H	0	10
259	2	81 B	H	0	14
260	2	82 B	H	0	19
261	2	83 B	H	0	14
262	2	84 B	H	0	10
263	2	85 B	H	0	18
264	2	86 B	H	0	20
265	2	87 B	H	0	11
266	2	88 B	H	0	12
267	2	89 B	H	0	22
268	2	90 B	H	0	15
269	2	91 B	H	0	11
270	2	92 B	H	0	14
271	2	93 B	H	0	18
272	2	94 B	L	0	10
273	2	102 B	L	0	11
274	2	103 B	L	0	7
275	2	104 B	L	0	10
276	2	105 B	L	0	14
277	2	106 B	E	0	20
278	2	107 B	E	0	18
279	2	108 B	E	0	24
280	2	109 B	E	0	19
281	2	110 B	E	0	24
282	2	111 B	E	0	16
283	2	112 B	E	0	21
284	2	113 B	E	0	15
285	2	114 B	E	0	16
286	2	115 B	E	0	21
287	2	116 B	E	0	15
288	2	117 B	E	0	14
289	2	118 B	L	0	13
290	2	119 B	L	1	13
291	2	120 B	L	2	10
292	2	121 B	E	0	15
293	2	122 B	E	0	20
294	2	123 B	E	0	21
295	2	124 B	E	0	20
296	2	125 B	E	0	22
297	2	126 B	E	0	20
298	2	127 B	E	0	15
299	2	128 B	E	0	19
300	2	129 B	E	0	17
301	2	130 B	E	0	19
302	2	131 B	E	0	19
303	2	132 B	L	0	15
304	2	133 B	L	0	13
305	2	134 B	L	0	9
306	2	135 B	L	0	5
307	2	136 B	L	0	10
308	2	137 B	L	0	14
309	2	138 B	E	0	13
310	2	139 B	E	0	17
311	2	140 B	E	0	14
312	2	141 B	E	0	15
313	2	142 B	E	0	13
314	2	143 B	E	0	20
315	2	144 B	E	0	19
316	2	145 B	E	0	22
317	2	146 B	E	0	20
318	2	147 B	E	0	14
319	2	148 B	L	0	20
320	2	149 B	L	3	10
321	2	150 B	L	0	11
322	2	151 B	L	0	16
323	2	152 B	E	0	12
324	2	153 B	E	0	12
325	2	154 B	L	0	17
326	2	155 B	L	0	12
327	2	156 B	H	0	21
328	2	157 B	H	0	10
329	2	158 B	H	0	11
330	2	159 B	L	0	17
331	2	160 B	L	0	20
332	2	161 B	L	0	11
333	2	162 B	H	0	11
334	2	163 B	H	0	10
335	2	164 B	H	0	22
336	2	165 B	H	0	16
337	2	166 B	H	0	11
338	2	167 B	H	0	15
339	2	168 B	H	0	24
340	2	169 B	H	0	19
341	2	170 B	H	0	13
342	2	171 B	H	0	19
343	2	172 B	H	0	24
344	2	173 B	H	0	15
345	2	174 B	H	0	10
346	2	175 B	H	0	17
347	2	176 B	H	0	19
348	2	177 B	H	0	10
349	2	178 B	H	0	7
350	2	179 B	H	0	11
351	2	180 B	L	0	11
352	2	181 B	L	0	6
353	2	182 B	L	0	15
354	2	183 B	L	0	21
355	2	184 B	L	0	16
356	2	185 B	L	0	7
357	2	186 B	L	0	9
358	2	187 B	H	0	21
359	2	188 B	H	0	16
360	2	189 B	H	0	11
361	2	190 B	H	0	14
362	2	191 B	H	0	24
363	2	192 B	H	0	11
364	2	193 B	H	0	7
365	2	194 B	L	0	19
366	2	195 B	L	0	8
367	2	196 B	H	0	20
368	2	197 B	H	0	16
369	2	198 B	H	0	9
370	2	199 B	L	0	17
371	2	200 B	L	0	18
372	2	201 B	E	0	23
373	2	202 B	E	0	21
374	2	203 B	L	0	20
375	2	204 B	L	0	14
376	2	205 B	L	0	9
377	2	206 B	L	0	11
378	2	207 B	E	0	17
379	2	208 B	E	0	25
380	2	209 B	E	0	20
381	2	210 B	E	0	22
382	2	211 B	E	0	16
383	2	212 B	L	0	22
384	2	213 B	L	0	14
385	2	214 B	L	0	18
386	2	215 B	L	0	12
387	2	216 B	L	0	15
388	2	217 B	L	0	23
389	2	218 B	L	0	19
390	2	219 B	L	0	11
391	2	220 B	H	0	12
392	2	221 B	H	0	8
393	2	222 B	H	0	17
394	2	223 B	L	0	15
395	2	224 B	L	0	19
396	2	225 B	L	0	21
397	2	226 B	E	0	15
398	2	227 B	E	0	22
399	2	228 B	E	0	17
400	2	229 B	E	0	23
401	2	230 B	E	0	12
402	2	231 B	L	0	14
403	2	232 B	L	0	9
404	2	233 B	L	0	15
405	2	234 B	L	0	19
406	2	235 B	L	0	12
407	2	236 B	L	0	11
408	2	237 B	L	0	14
409	2	238 B	L	0	9

