Rows are residues, columns are chains, data are neighbors in that chain for each residue
residue	chain	PDBdata	DSSP	1	2	3	4
1	1	183 A	L	2	2	0	0
2	1	184 A	L	3	8	0	0
3	1	185 A	E	4	11	0	0
4	1	186 A	E	4	7	0	0
5	1	187 A	E	4	12	0	0
6	1	188 A	E	4	6	0	0
7	1	189 A	E	7	12	0	1
8	1	190 A	E	5	6	0	0
9	1	191 A	L	9	6	0	0
10	1	192 A	L	6	2	0	0
11	1	193 A	L	6	1	0	0
12	1	194 A	L	5	2	0	0
13	1	195 A	L	6	0	0	0
14	1	196 A	L	8	3	0	0
15	1	197 A	L	8	4	0	2
16	1	198 A	L	8	12	0	2
17	1	199 A	L	6	10	0	2
18	1	200 A	E	6	14	0	3
19	1	201 A	E	6	8	0	6
20	1	202 A	E	5	12	0	4
21	1	203 A	E	6	8	0	5
22	1	204 A	E	10	13	0	3
23	1	205 A	E	12	7	0	0
24	1	206 A	E	20	5	1	0
25	1	207 A	E	11	5	0	0
26	1	208 A	E	15	5	0	0
27	1	209 A	E	8	8	6	0
28	1	210 A	E	7	5	4	0
29	1	211 A	E	16	4	0	0
30	1	212 A	L	8	5	1	0
31	1	213 A	L	6	1	0	0
32	1	214 A	L	8	1	0	0
33	1	215 A	L	10	6	0	0
34	1	216 A	H	10	9	0	0
35	1	217 A	H	14	7	1	0
36	1	218 A	H	13	3	0	0
37	1	219 A	H	7	2	0	0
38	1	220 A	L	9	5	0	0
39	1	221 A	L	12	5	0	0
40	1	222 A	L	6	3	0	0
41	1	223 A	L	14	6	0	0
42	1	224 A	L	12	1	0	0
43	1	225 A	L	10	2	0	0
44	1	226 A	L	14	1	0	0
45	1	227 A	L	18	2	0	0
46	1	228 A	E	14	2	0	0
47	1	229 A	E	20	5	0	0
48	1	230 A	E	15	2	0	0
49	1	231 A	E	14	3	0	0
50	1	232 A	E	22	2	0	0
51	1	233 A	L	15	0	0	0
52	1	234 A	L	11	0	0	0
53	1	235 A	E	13	0	0	0
54	1	236 A	E	11	0	0	1
55	1	237 A	L	23	2	0	0
56	1	238 A	L	13	2	0	4
57	1	239 A	L	11	6	0	5
58	1	240 A	L	19	3	0	1
59	1	241 A	L	11	7	1	0
60	1	242 A	H	9	6	3	0
61	1	243 A	H	8	2	2	0
62	1	244 A	H	14	1	0	0
63	1	245 A	H	16	2	2	0
64	1	246 A	H	12	1	3	0
65	1	247 A	H	10	0	0	0
66	1	248 A	H	16	0	0	0
67	1	249 A	H	16	3	2	0
68	1	250 A	H	10	0	1	0
69	1	251 A	L	10	0	0	0
70	1	252 A	L	11	0	0	0
71	1	253 A	L	7	2	0	0
72	1	254 A	L	6	8	0	0
73	1	255 A	E	7	4	0	0
74	1	256 A	E	14	7	1	0
75	1	257 A	E	11	5	0	0
76	1	258 A	E	18	8	0	0
77	1	259 A	E	14	4	0	0
78	1	260 A	E	19	4	0	0
79	1	261 A	E	10	3	0	0
80	1	262 A	L	6	3	0	0
81	2	183 B	L	2	2	0	0
82	2	184 B	L	7	3	0	0
83	2	185 B	E	11	4	0	0
84	2	186 B	E	8	4	0	0
85	2	187 B	E	15	6	0	0
86	2	188 B	E	6	4	0	0
87	2	189 B	E	12	8	1	0
88	2	190 B	E	6	6	0	0
89	2	191 B	L	5	9	0	0
90	2	192 B	L	2	5	0	0
91	2	193 B	L	1	5	0	0
92	2	194 B	L	2	5	0	0
93	2	195 B	L	0	5	0	0
94	2	196 B	L	3	10	0	0
95	2	197 B	L	4	7	2	0
96	2	198 B	L	12	10	2	0
97	2	199 B	L	10	6	2	0
98	2	200 B	E	15	7	3	0
99	2	201 B	E	8	6	6	0
100	2	202 B	E	13	6	4	0
101	2	203 B	E	9	6	7	0
102	2	204 B	E	12	10	3	0
103	2	205 B	E	7	13	0	0
104	2	206 B	E	5	19	0	1
105	2	207 B	E	5	13	0	0
106	2	208 B	E	4	16	0	0
107	2	209 B	E	8	8	0	6
108	2	210 B	E	5	9	0	3
109	2	211 B	E	4	17	0	0
110	2	212 B	L	5	8	0	1
111	2	213 B	L	1	7	0	0
112	2	214 B	L	1	7	0	0
113	2	215 B	L	6	11	0	0
114	2	216 B	H	9	11	0	0
115	2	217 B	H	7	15	0	1
116	2	218 B	H	3	11	0	0
117	2	219 B	H	1	8	0	0
118	2	220 B	H	5	9	0	0
119	2	221 B	L	2	9	0	0
120	2	222 B	L	5	8	0	0
121	2	223 B	L	6	16	0	0
122	2	224 B	L	1	12	0	0
123	2	225 B	L	1	10	0	0
124	2	226 B	L	1	15	0	0
125	2	227 B	L	3	19	0	0
126	2	228 B	E	2	15	0	0
127	2	229 B	E	4	20	0	0
128	2	230 B	E	3	15	0	0
129	2	231 B	E	2	15	0	0
130	2	232 B	E	1	22	0	1
131	2	233 B	L	0	15	0	0
132	2	234 B	L	0	11	0	0
133	2	235 B	E	0	12	0	0
134	2	236 B	E	0	11	2	0
135	2	237 B	L	2	23	0	0
136	2	238 B	L	1	12	4	0
137	2	239 B	L	6	11	5	0
138	2	240 B	L	3	16	1	0
139	2	241 B	L	7	11	0	1
140	2	242 B	H	7	9	0	3
141	2	243 B	H	3	8	0	2
142	2	244 B	H	1	13	0	0
143	2	245 B	H	2	16	0	2
144	2	246 B	H	1	11	0	3
145	2	247 B	H	0	9	0	0
146	2	248 B	H	0	17	0	0
147	2	249 B	H	3	16	0	2
148	2	250 B	H	0	9	0	1
149	2	251 B	L	0	12	0	0
150	2	252 B	L	1	11	0	0
151	2	253 B	L	2	7	0	0
152	2	254 B	L	8	5	0	0
153	2	255 B	E	4	8	0	0
154	2	256 B	E	7	14	0	1
155	2	257 B	E	5	11	0	0
156	2	258 B	E	7	18	0	0
157	2	259 B	E	4	14	0	0
158	2	260 B	E	4	18	0	0
159	2	261 B	E	3	12	0	0
160	2	262 B	L	3	7	0	0
161	2	263 B	L	0	11	0	0
162	3	1 C	L	2	2	3	0
163	3	2 C	L	2	2	5	0
164	3	3 C	L	1	5	6	0
165	3	4 C	L	0	1	4	0
166	3	5 C	L	2	6	4	0
167	3	6 C	L	3	6	7	0
168	3	7 C	E	8	6	5	0
169	3	8 C	E	4	7	4	0
170	3	9 C	L	6	7	2	0
171	4	1 D	L	1	1	0	3
172	4	2 D	L	2	2	0	5
173	4	3 D	L	5	1	0	6
174	4	4 D	L	1	0	0	4
175	4	5 D	L	5	2	0	4
176	4	6 D	L	6	3	0	7
177	4	7 D	E	6	8	0	5
178	4	8 D	E	6	4	0	4
179	4	9 D	L	7	7	0	2

