	25	41	46	63	161
W	0.201468728802351	4.44055169319095e-07	3.51345262917759e-27	1.95719634648725e-11	1.14770327040855e-96
F	0.589840590416125	0.00104365995512734	6.07304338539327e-05	9.3660913587698e-11	4.77687980777612e-65
Y	0.207226613444245	4.06934096580732e-05	9.80785700338916e-68	1.43471485129817e-12	3.58825454746097e-186
M	2.69320744421665e-05	0.000814373178522669	0.0643631855636722	0.00443665764240726	0.0328801841444038
L	7.41108908281604e-97	0.000202234473834239	0.00172064476448830	2.67908348384505e-05	1.31911367437619e-14
I	3.41733983875054e-14	5.59357718402747e-13	5.39673367015039e-05	4.43336444142526e-05	4.92264509758877e-06
V	3.65852709880243e-07	1.46289992428968e-11	2.36654050092995e-06	3.9429511773944e-05	3.42053734211696e-08
A	9.07436695787448e-05	0.00295856790983405	0.00549583862626358	0.000490428855750959	0.00241574058361626
G	6.80130607316927e-07	0.000118456691573899	0.000870220193666856	0.000188325816378862	1.59613117638646e-05
S	2.35723348856478e-05	0.000526270352217832	0.00238999069654448	0.00182563366363893	0.000381694413533674
T	3.68656386728665e-05	4.93595564633283e-05	0.000214356439881152	0.00901189763510524	5.56909851145952e-07
R	0.000248081734644532	0.0115831613421182	0.560254598398277	0.300774802778197	0.00116885240246105
K	4.18317582863165e-05	0.976790348690907	0.331568609394181	0.662693646404226	0.95495142083079
H	0.000842848296001969	0.00115543863577821	0.000421878900660926	6.28532866612389e-05	1.23232646386097e-35
N	3.43481578596744e-05	0.000175201776377141	0.00183455777196816	0.00737921564577623	1.72890404413239e-08
Q	3.55117950160246e-05	0.000884383981280164	0.0126101858420720	0.00767029572159521	0.00344178668248915
D	4.9425217068863e-05	0.000263291165350285	0.000970348061240775	0.00345165660279881	3.28070352820192e-06
E	3.28606774705734e-05	0.00339411481059979	0.0171685210360276	0.00190403184176954	0.00473554787803871
P	6.6358784837478e-262	7.27868678495074e-195	9.22211019482626e-209	6.86547849500061e-104	3.79525148661872e-231
C	0	0	0	0	0
