REMARK  Neural network secondary structure prediction for 1d3z.tab
REMARK     H-Helix    E-Strand   L-Coil 

DATA FIRST_RESID 1

DATA SEQUENCE     MQIFVKTLTG KTITLEVEPS DTIENVKAKI QDKEGIPPDQ QRLIFAGKQL 
DATA PREDICTED_SS LEEEEEELLL LEEEEEELLL LLHHHHHHHH HHHLLLLLHL LEEEELLLEL 
DATA CONFIDENCE   0699982679 8389985699 9779999999 9835889512 7699769624 


DATA SEQUENCE     EDGRTLSDYN IQKESTLHLV LRLRGG
DATA PREDICTED_SS LLLLLHHHHL LLLLLEEEEE EELLLL
DATA CONFIDENCE   8989889707 9996569999 841780

VARS RESID RESNAME CS_CNT CS_CNT_R2 Q_H Q_E Q_L CONFIDENCE SS_CLASS
FORMAT %4d %1s %2d %2d %8.3f %8.3f %8.3f %4.2f %s

    1 M 10  4    0.333    0.333    0.333 0.00 L
    2 Q 16  6    0.000    0.820    0.180 0.64 E
    3 I 18  6    0.000    0.968    0.032 0.94 E
    4 F 18  6    0.003    0.987    0.010 0.98 E
    5 V 18  6    0.004    0.987    0.010 0.98 E
    6 K 18  6    0.000    0.920    0.080 0.84 E
    7 T 18  6    0.013    0.632    0.355 0.28 E
    8 L 18  6    0.102    0.120    0.779 0.66 L
    9 T 17  6    0.113    0.031    0.856 0.74 L
   10 G 17  5    0.032    0.010    0.958 0.93 L
   11 K 17  6    0.003    0.097    0.899 0.80 L
   12 T 18  6    0.000    0.655    0.345 0.31 E
   13 I 18  6    0.000    0.924    0.076 0.85 E
   14 T 18  6    0.000    0.969    0.031 0.94 E
   15 L 18  6    0.000    0.954    0.046 0.91 E
   16 E 18  6    0.000    0.930    0.070 0.86 E
   17 V 18  6    0.005    0.789    0.206 0.58 E
   18 E 17  6    0.011    0.187    0.802 0.62 L
   19 P 17  5    0.013    0.035    0.952 0.92 L
   20 S 17  6    0.023    0.022    0.954 0.93 L
   21 D 18  6    0.023    0.020    0.957 0.93 L
   22 T 18  6    0.100    0.050    0.849 0.75 L
   23 I 18  6    0.865    0.010    0.125 0.74 H
   24 E 18  6    0.989    0.000    0.011 0.98 H
   25 N 18  6    0.994    0.001    0.005 0.99 H
   26 V 18  6    0.997    0.000    0.003 0.99 H
   27 K 18  6    0.992    0.002    0.006 0.99 H
   28 A 18  6    0.994    0.001    0.005 0.99 H
   29 K 18  6    0.994    0.002    0.004 0.99 H
   30 I 18  6    0.998    0.000    0.002 1.00 H
   31 Q 18  6    0.991    0.000    0.009 0.98 H
   32 D 18  6    0.931    0.000    0.069 0.86 H
   33 K 18  6    0.663    0.000    0.337 0.33 H
   34 E 17  6    0.210    0.018    0.772 0.56 L
   35 G 17  5    0.032    0.072    0.896 0.82 L
   36 I 16  6    0.008    0.055    0.938 0.88 L
   37 P 16  5    0.004    0.036    0.961 0.92 L
   38 P 16  5    0.205    0.071    0.724 0.52 L
   39 D 17  6    0.543    0.017    0.439 0.10 H
   40 Q 18  6    0.376    0.010    0.614 0.24 L
   41 Q 18  6    0.096    0.099    0.805 0.71 L
   42 R 18  6    0.000    0.835    0.165 0.67 E
   43 L 18  6    0.008    0.992    0.000 0.98 E
   44 I 18  6    0.009    0.989    0.002 0.98 E
   45 F 18  6    0.000    0.884    0.116 0.77 E
   46 A 17  6    0.000    0.189    0.811 0.62 L
   47 G 17  5    0.000    0.042    0.958 0.92 L
   48 K 17  6    0.000    0.199    0.801 0.60 L
   49 Q 18  6    0.000    0.623    0.377 0.25 E
   50 L 18  6    0.008    0.267    0.724 0.46 L
   51 E 18  6    0.009    0.089    0.902 0.81 L
   52 D 17  6    0.012    0.028    0.959 0.93 L
   53 G 17  5    0.042    0.047    0.911 0.86 L
   54 R 17  6    0.015    0.041    0.944 0.90 L
   55 T 18  6    0.065    0.066    0.869 0.80 L
   56 L 18  6    0.897    0.010    0.092 0.81 H
   57 S 18  6    0.977    0.000    0.023 0.95 H
   58 D 18  6    0.870    0.000    0.130 0.74 H
   59 Y 18  6    0.527    0.003    0.470 0.06 H
   60 N 18  6    0.119    0.007    0.874 0.75 L
   61 I 18  6    0.034    0.019    0.948 0.91 L
   62 Q 18  6    0.009    0.034    0.958 0.92 L
   63 K 18  6    0.023    0.037    0.940 0.90 L
   64 E 18  6    0.137    0.057    0.806 0.67 L
   65 S 18  6    0.154    0.096    0.751 0.60 L
   66 T 18  6    0.000    0.811    0.189 0.62 E
   67 L 18  6    0.000    0.986    0.014 0.97 E
   68 H 18  6    0.007    0.992    0.002 0.98 E
   69 L 18  6    0.010    0.987    0.003 0.98 E
   70 V 18  6    0.007    0.990    0.002 0.98 E
   71 L 18  6    0.000    0.945    0.055 0.89 E
   72 R 18  6    0.000    0.748    0.252 0.50 E
   73 L 18  6    0.022    0.402    0.576 0.17 L
   74 R 17  6    0.019    0.132    0.849 0.72 L
   75 G 16  5    0.011    0.078    0.911 0.83 L
   76 G 10  5    0.333    0.333    0.333 0.00 L
