Residue	No.correct core	No.native core	No.designed core	No.correct/ No.native core	No.correct/ No.designed core	No.correct	No.native	No.designed	No.correct/ No.native	No.correct/ No.designed	Residue	No.correct surface	No.native surface	No.designed surface	No.correct/ No.native	No.correct/ No.designed
ALA	125	175	227	0.71	0.55	214	400	395	0.54	0.54	ALA	4	40	12	0.10	0.33	
CYS	0	10	16	0.00	0.00	1	40	35	0.03	0.03	CYS	0	5	4	0.00	0.00	
ASP	36	70	90	0.51	0.40	171	390	402	0.44	0.43	ASP	50	120	124	0.42	0.40	
GLU	50	85	85	0.59	0.59	250	495	513	0.51	0.49	GLU	55	150	98	0.37	0.56	
PHE	58	95	120	0.61	0.48	129	235	244	0.55	0.53	PHE	5	15	7	0.33	0.71	
GLY	154	170	191	0.91	0.81	386	435	457	0.89	0.84	GLY	57	75	80	0.76	0.71	
HIS	58	100	145	0.58	0.40	65	195	223	0.33	0.29	HIS	0	30	4	0.00	0.00	
ILE	84	125	105	0.67	0.80	170	255	234	0.67	0.73	ILE	0	5	1	0.00	0.00	
LYS	7	50	19	0.14	0.37	90	375	308	0.24	0.29	LYS	5	85	37	0.06	0.14	
LEU	104	155	137	0.67	0.76	265	425	390	0.62	0.68	LEU	10	30	26	0.33	0.38	
MET	19	65	42	0.29	0.45	47	150	117	0.31	0.40	MET	0	15	5	0.00	0.00	
ASN	39	95	69	0.41	0.57	123	315	300	0.39	0.41	ASN	5	35	66	0.14	0.08	
PRO	50	65	55	0.77	0.91	198	275	259	0.72	0.76	PRO	56	70	81	0.80	0.69	
GLN	30	65	61	0.46	0.49	73	275	291	0.27	0.25	GLN	13	40	65	0.32	0.20	
ARG	36	75	87	0.48	0.41	140	365	429	0.38	0.33	ARG	22	75	66	0.29	0.33	
SER	125	225	211	0.56	0.59	200	465	470	0.43	0.43	SER	21	45	101	0.47	0.21	
THR	50	85	119	0.59	0.42	118	265	330	0.45	0.36	THR	15	45	93	0.33	0.16	
VAL	101	155	145	0.65	0.70	191	345	307	0.55	0.62	VAL	15	40	24	0.38	0.62	
TRP	34	65	54	0.52	0.63	66	130	138	0.51	0.48	TRP	4	5	15	0.80	0.27	
TYR	65	140	92	0.46	0.71	154	325	313	0.47	0.49	TYR	0	5	21	0.00	0.00	
Total	1225	2070		0.592		3051	6155		0.496		Total	337	930		0.362
