AA_TYPE	nat_ALA	nat_CYS	nat_ASP	nat_GLU	nat_PHE	nat_GLY	nat_HIS	nat_ILE	nat_LYS	nat_LEU	nat_MET	nat_ASN	nat_PRO	nat_GLN	nat_ARG	nat_SER	nat_THR	nat_VAL	nat_TRP	nat_TYR	
sub_ALA	214	9	1	4	2	5	3	2	15	11	7	2	3	7	8	83	3	15	0	1
sub_CYS	5	1	0	4	3	0	0	0	1	3	0	3	0	0	1	5	5	0	0	4
sub_ASP	7	1	171	13	5	6	23	3	19	8	6	44	15	6	19	23	17	8	0	8
sub_GLU	19	2	29	250	1	0	5	8	30	19	13	29	2	32	29	13	13	13	2	4
sub_PHE	0	0	2	3	129	0	18	0	2	0	5	4	3	3	5	1	4	0	14	51
sub_GLY	3	0	6	4	0	386	5	0	8	1	5	4	0	5	2	21	2	0	0	5
sub_HIS	15	1	9	5	17	3	65	3	12	7	12	4	2	5	17	13	1	8	9	15
sub_ILE	1	0	0	7	0	3	0	170	2	12	6	4	1	4	0	6	3	15	0	0
sub_LYS	7	5	14	44	3	6	8	0	90	5	3	5	2	23	44	7	18	12	2	10
sub_LEU	1	0	8	8	4	3	2	13	10	265	3	11	10	19	17	2	8	0	3	3
sub_MET	0	1	4	4	7	1	3	5	5	4	47	9	0	3	9	10	2	3	0	0
sub_ASN	25	1	31	14	3	1	7	0	15	11	3	123	9	4	3	16	3	2	5	24
sub_PRO	26	0	12	5	0	0	0	0	5	0	5	0	198	3	1	3	0	0	0	1
sub_GLN	3	0	20	32	2	5	10	2	71	12	9	8	1	73	16	6	9	4	4	4
sub_ARG	20	0	25	41	10	0	13	9	37	31	8	15	4	20	140	20	6	19	4	7
sub_SER	43	10	24	34	8	12	7	5	8	15	4	17	17	15	23	200	13	2	4	9
sub_THR	3	4	6	14	0	4	5	6	19	11	6	13	5	23	12	31	118	46	0	4
sub_VAL	4	5	10	2	0	0	0	26	5	4	2	8	1	7	2	1	30	191	3	6
sub_TRP	4	0	8	0	10	0	7	0	4	0	5	4	0	8	0	4	1	2	66	15
sub_TYR	0	0	10	7	31	0	14	3	17	6	1	8	2	15	17	0	9	5	14	154
