desc	energy	rmsd	ddg	sasa	p_sasa	h_sasa	unsats	hbond_energy	sc_HbondE	buried_HbondE	packstat	scvalue	(dg/sasa)	(sasa/unsat)
1a0o_chain_AB_0057	-377.156	0.733	-29.995	1264	590	674	1 	 0.321 	  	  	 0.613 	 0.724 	-0.0237 	 1264.3
1a0o_chain_AB_0016	-376.445	0.807	-23.741	1249	569	680	2 	 0.382 	  	  	 0.632 	 0.629 	-0.0190 	 624.7
1a0o_chain_AB_0062	-376.126	0.788	-28.147	1286	517	769	0 	 0.240 	  	  	 0.553 	 0.818 	-0.0219 	 0.0
1a0o_chain_AB_0011	-376.107	0.804	-23.118	1265	558	707	3 	 0.373 	  	  	 0.609 	 0.653 	-0.0183 	 421.6
1a0o_chain_AB_0098	-376.012	0.755	-21.294	1205	468	737	1 	 0.156 	  	  	 0.595 	 0.537 	-0.0177 	 1205.2
1ak4_chain_AD_0005	-587.023	0.806	-21.645	914	364	549	1 	 0.248 	  	  	 0.670 	 0.850 	-0.0237 	 913.6
1ak4_chain_AD_0053	-586.800	0.729	-20.230	922	435	486	5 	 0.292 	  	  	 0.685 	 0.722 	-0.0219 	 184.3
1ak4_chain_AD_0046	-586.651	0.801	-23.472	976	428	548	2 	 0.301 	  	  	 0.678 	 0.839 	-0.0240 	 488.0
1ak4_chain_AD_0031	-586.565	0.836	-21.454	995	356	639	1 	 0.153 	  	  	 0.699 	 0.823 	-0.0216 	 995.0
1ak4_chain_AD_0028	-586.213	0.826	-21.237	982	350	633	1 	 0.171 	  	  	 0.700 	 0.824 	-0.0216 	 982.5
1ay7_chain_AB_0053	-366.028	0.970	-34.790	1239	649	590	3 	 0.551 	  	  	 0.612 	 0.623 	-0.0281 	 412.9
1ay7_chain_AB_0082	-364.552	0.860	-32.842	1279	739	540	3 	 0.618 	  	  	 0.619 	 0.523 	-0.0257 	 426.3
1ay7_chain_AB_0047	-363.060	1.042	-33.657	1411	687	724	3 	 0.401 	  	  	 0.706 	 0.686 	-0.0238 	 470.4
1ay7_chain_AB_0019	-362.350	0.934	-30.326	1232	604	628	3 	 0.481 	  	  	 0.590 	 0.652 	-0.0246 	 410.8
1ay7_chain_AB_0088	-362.168	0.777	-29.848	1201	616	585	3 	 0.556 	  	  	 0.739 	 0.681 	-0.0248 	 400.4
1eay_chain_AC_0068	-326.642	1.331	-23.416	1425	571	854	2 	 0.178 	  	  	 0.557 	 0.721 	-0.0164 	 712.6
1eay_chain_AC_0026	-323.409	1.141	-21.432	1297	514	782	2 	 0.269 	  	  	 0.491 	 0.670 	-0.0165 	 648.3
1eay_chain_AC_0045	-322.975	1.440	-23.457	1296	542	754	2 	 0.191 	  	  	 0.521 	 0.657 	-0.0181 	 648.0
1eay_chain_AC_0061	-322.579	1.168	-21.592	1278	499	779	1 	 0.132 	  	  	 0.488 	 0.627 	-0.0169 	 1278.0
1eay_chain_AC_0073	-322.466	1.484	-22.425	1314	493	822	4 	 0.080 	  	  	 0.494 	 0.734 	-0.0171 	 328.6
1efn_chain_AB_0031	-281.677	0.589	-24.723	1215	461	754	4 	 0.256 	  	  	 0.714 	 0.758 	-0.0203 	 303.8
1efn_chain_AB_0045	-281.499	0.477	-24.839	1175	396	778	1 	 0.261 	  	  	 0.683 	 0.769 	-0.0211 	 1174.7
1efn_chain_AB_0072	-280.839	0.558	-20.433	1229	363	866	4 	 0.076 	  	  	 0.678 	 0.719 	-0.0166 	 307.2
1efn_chain_AB_0071	-280.382	0.579	-25.745	1255	516	739	4 	 0.257 	  	  	 0.639 	 0.746 	-0.0205 	 313.7
1efn_chain_AB_0009	-279.963	0.724	-19.595	1146	315	830	1 	 0.072 	  	  	 0.682 	 0.718 	-0.0171 	 1145.5
1emv_chain_AB_0097	-425.713	0.564	-36.751	1584	629	955	1 	 0.358 	  	  	 0.656 	 0.742 	-0.0232 	 1584.3
1emv_chain_AB_0041	-425.290	0.551	-36.246	1551	627	924	1 	 0.354 	  	  	 0.685 	 0.749 	-0.0234 	 1551.0
1emv_chain_AB_0060	-424.194	0.522	-36.229	1579	644	935	2 	 0.355 	  	  	 0.671 	 0.744 	-0.0229 	 789.6
1emv_chain_AB_0079	-423.748	0.546	-36.564	1599	651	948	2 	 0.364 	  	  	 0.683 	 0.743 	-0.0229 	 799.4
1emv_chain_AB_0035	-423.742	0.526	-35.280	1483	574	909	3 	 0.338 	  	  	 0.654 	 0.733 	-0.0238 	 494.2
1ffg_chain_AB_0061	-386.307	0.607	-21.759	1134	449	685	0 	 0.295 	  	  	 0.620 	 0.700 	-0.0192 	 0.0
1ffg_chain_AB_0100	-385.904	0.514	-21.472	1187	464	723	1 	 0.308 	  	  	 0.562 	 0.674 	-0.0181 	 1187.3
1ffg_chain_AB_0041	-385.716	0.540	-24.483	1146	466	681	1 	 0.339 	  	  	 0.582 	 0.698 	-0.0214 	 1146.5
1ffg_chain_AB_0031	-385.499	0.541	-20.466	1134	420	714	1 	 0.314 	  	  	 0.489 	 0.688 	-0.0180 	 1133.9
1ffg_chain_AB_0009	-385.390	0.582	-20.625	1076	349	727	0 	 0.202 	  	  	 0.531 	 0.684 	-0.0192 	 0.0
1gcq_chain_BC_0023	-249.679	0.446	-28.441	1239	525	714	4 	 0.311 	  	  	 0.716 	 0.760 	-0.0230 	 309.8
1gcq_chain_BC_0062	-247.943	0.393	-23.953	1192	438	754	3 	 0.269 	  	  	 0.670 	 0.762 	-0.0201 	 397.3
1gcq_chain_BC_0096	-246.753	0.384	-23.243	1197	446	751	3 	 0.246 	  	  	 0.698 	 0.750 	-0.0194 	 398.9
1gcq_chain_BC_0025	-244.978	0.378	-25.274	1300	505	796	2 	 0.322 	  	  	 0.685 	 0.795 	-0.0194 	 650.2
1gcq_chain_BC_0090	-244.607	0.381	-24.819	1298	508	790	1 	 0.302 	  	  	 0.711 	 0.790 	-0.0191 	 1297.7
1gpw_chain_AB_0014	-853.755	0.769	-36.541	1907	874	1033	6 	 0.412 	  	  	 0.597 	 0.626 	-0.0192 	 317.8
1gpw_chain_AB_0070	-853.617	0.739	-39.262	1910	888	1022	5 	 0.425 	  	  	 0.673 	 0.630 	-0.0206 	 382.0
1gpw_chain_AB_0025	-851.343	0.694	-35.879	2078	1019	1059	5 	 0.375 	  	  	 0.659 	 0.586 	-0.0173 	 415.5
1gpw_chain_AB_0079	-851.278	0.583	-36.870	1971	913	1058	5 	 0.424 	  	  	 0.651 	 0.674 	-0.0187 	 394.2
1gpw_chain_AB_0048	-851.217	0.754	-31.302	1808	865	943	7 	 0.479 	  	  	 0.653 	 0.678 	-0.0173 	 258.3
1j7d_chain_AB_0051	-515.867	0.991	-26.761	1406	553	853	5 	 0.168 	  	  	 0.580 	 0.748 	-0.0190 	 281.2
1j7d_chain_AB_0073	-514.919	0.963	-27.508	1455	532	923	6 	 0.156 	  	  	 0.593 	 0.744 	-0.0189 	 242.5
1j7d_chain_AB_0083	-514.602	0.847	-27.114	1402	416	985	2 	 0.113 	  	  	 0.638 	 0.777 	-0.0193 	 700.8
1j7d_chain_AB_0011	-514.351	0.986	-27.160	1472	540	932	6 	 0.159 	  	  	 0.671 	 0.702 	-0.0185 	 245.3
1j7d_chain_AB_0075	-514.248	0.983	-24.154	1252	542	711	5 	 0.303 	  	  	 0.631 	 0.568 	-0.0193 	 250.4
1jtd_chain_AB_0075	-1115.185	0.405	-33.393	1824	1064	759	2 	 0.462 	  	  	 0.713 	 0.621 	-0.0183 	 911.8
1jtd_chain_AB_0027	-1114.786	0.546	-38.645	1867	1183	684	2 	 0.474 	  	  	 0.683 	 0.581 	-0.0207 	 933.6
1jtd_chain_AB_0003	-1113.526	0.480	-31.158	1613	1002	611	6 	 0.470 	  	  	 0.644 	 0.554 	-0.0193 	 268.8
1jtd_chain_AB_0045	-1113.017	0.435	-34.596	1798	1136	661	2 	 0.512 	  	  	 0.666 	 0.687 	-0.0192 	 898.9
1jtd_chain_AB_0049	-1112.186	0.446	-32.163	1895	1037	858	6 	 0.374 	  	  	 0.713 	 0.562 	-0.0170 	 315.8
1jtg_chain_AB_0025	-914.606	0.662	-48.928	2302	1205	1096	12 	 0.497 	  	  	 0.642 	 0.523 	-0.0213 	 191.8
1jtg_chain_AB_0099	-911.902	0.541	-41.394	2152	891	1262	9 	 0.281 	  	  	 0.694 	 0.606 	-0.0192 	 239.1
1jtg_chain_AB_0089	-911.618	0.672	-47.663	2336	1073	1263	6 	 0.353 	  	  	 0.691 	 0.587 	-0.0204 	 389.3
1jtg_chain_AB_0061	-910.240	0.741	-46.055	2271	1137	1134	5 	 0.455 	  	  	 0.653 	 0.561 	-0.0203 	 454.1
1jtg_chain_AB_0062	-909.763	0.794	-47.288	2206	1154	1053	7 	 0.490 	  	  	 0.672 	 0.516 	-0.0214 	 315.2
1lw6_chain_EI_0076	-736.560	0.502	-29.882	1378	547	831	2 	 0.320 	  	  	 0.793 	 0.765 	-0.0217 	 689.0
1lw6_chain_EI_0071	-736.388	0.559	-45.449	1716	627	1088	4 	 0.261 	  	  	 0.779 	 0.823 	-0.0265 	 428.9
1lw6_chain_EI_0081	-735.493	0.520	-44.120	1721	636	1084	5 	 0.269 	  	  	 0.817 	 0.767 	-0.0256 	 344.1
1lw6_chain_EI_0029	-728.515	0.576	-35.774	1523	627	896	3 	 0.360 	  	  	 0.783 	 0.729 	-0.0235 	 507.8
1lw6_chain_EI_0062	-724.819	0.528	-29.455	1435	624	810	1 	 0.337 	  	  	 0.740 	 0.680 	-0.0205 	 1434.7
1mg9_chain_AB_0021	-437.724	0.870	-33.154	1722	809	912	4 	 0.458 	  	  	 0.648 	 0.719 	-0.0193 	 430.5
1mg9_chain_AB_0017	-437.172	1.125	-29.547	1523	662	861	3 	 0.401 	  	  	 0.625 	 0.622 	-0.0194 	 507.8
1mg9_chain_AB_0009	-437.026	0.861	-32.717	1736	670	1066	1 	 0.337 	  	  	 0.638 	 0.694 	-0.0188 	 1736.1
1mg9_chain_AB_0037	-436.352	0.867	-33.181	1718	720	997	4 	 0.379 	  	  	 0.670 	 0.713 	-0.0193 	 429.4
1mg9_chain_AB_0073	-436.341	0.895	-29.603	1556	636	920	2 	 0.379 	  	  	 0.582 	 0.672 	-0.0190 	 778.1
1u0s_chain_AY_0034	-419.039	0.804	-31.178	1493	693	800	2 	 0.319 	  	  	 0.610 	 0.712 	-0.0209 	 746.3
1u0s_chain_AY_0041	-418.268	0.805	-32.391	1529	705	824	4 	 0.323 	  	  	 0.635 	 0.708 	-0.0212 	 382.2
1u0s_chain_AY_0090	-417.868	0.730	-28.668	1400	573	827	1 	 0.283 	  	  	 0.546 	 0.741 	-0.0205 	 1400.3
1u0s_chain_AY_0083	-417.358	0.750	-36.938	1629	661	968	5 	 0.289 	  	  	 0.609 	 0.813 	-0.0227 	 325.8
1u0s_chain_AY_0013	-417.213	0.720	-33.175	1552	590	962	1 	 0.259 	  	  	 0.578 	 0.766 	-0.0214 	 1551.6
1ugh_chain_EI_0091	-593.078	0.502	-38.768	2075	883	1192	6 	 0.330 	  	  	 0.651 	 0.658 	-0.0187 	 345.9
1ugh_chain_EI_0081	-590.565	0.427	-35.775	1754	904	850	5 	 0.450 	  	  	 0.637 	 0.593 	-0.0204 	 350.8
1ugh_chain_EI_0086	-589.887	0.506	-35.300	1888	886	1002	1 	 0.471 	  	  	 0.653 	 0.564 	-0.0187 	 1888.4
1ugh_chain_EI_0062	-589.616	0.441	-39.987	2086	930	1156	12 	 0.411 	  	  	 0.552 	 0.667 	-0.0192 	 173.8
1ugh_chain_EI_0051	-589.069	0.473	-39.682	2133	965	1168	5 	 0.501 	  	  	 0.676 	 0.672 	-0.0186 	 426.7
1us7_chain_AB_0086	-723.140	2.409	-20.105	1075	529	546	5 	 0.347 	  	  	 0.668 	 0.670 	-0.0187 	 215.1
1us7_chain_AB_0033	-722.342	2.416	-21.552	1090	536	554	3 	 0.324 	  	  	 0.611 	 0.711 	-0.0198 	 363.2
1us7_chain_AB_0048	-721.766	1.996	-21.611	1021	446	575	2 	 0.284 	  	  	 0.616 	 0.742 	-0.0212 	 510.6
1us7_chain_AB_0069	-721.343	2.179	-21.194	1128	517	611	3 	 0.283 	  	  	 0.678 	 0.676 	-0.0188 	 376.0
1us7_chain_AB_0041	-721.148	2.529	-21.857	1088	392	696	2 	 0.260 	  	  	 0.640 	 0.743 	-0.0201 	 544.2
1uug_chain_AB_0074	-620.608	0.635	-41.731	2196	1037	1159	5 	 0.382 	  	  	 0.660 	 0.610 	-0.0190 	 439.3
1uug_chain_AB_0007	-619.828	0.637	-43.787	2260	955	1305	9 	 0.321 	  	  	 0.628 	 0.550 	-0.0194 	 251.1
1uug_chain_AB_0053	-618.906	0.635	-42.973	2209	1038	1171	10 	 0.371 	  	  	 0.680 	 0.591 	-0.0195 	 220.9
1uug_chain_AB_0049	-618.760	0.621	-40.738	2071	974	1098	7 	 0.398 	  	  	 0.633 	 0.614 	-0.0197 	 295.9
1uug_chain_AB_0073	-618.503	0.653	-44.710	2198	937	1261	7 	 0.347 	  	  	 0.609 	 0.587 	-0.0203 	 314.0
1v74_chain_AB_0086	-394.930	0.453	-33.824	1925	1017	908	4 	 0.434 	  	  	 0.713 	 0.591 	-0.0176 	 481.2
1v74_chain_AB_0049	-394.743	0.419	-28.038	1467	839	627	1 	 0.521 	  	  	 0.601 	 0.617 	-0.0191 	 1466.6
1v74_chain_AB_0085	-393.818	0.552	-35.865	1718	804	914	4 	 0.304 	  	  	 0.681 	 0.651 	-0.0209 	 429.6
1v74_chain_AB_0075	-393.760	0.505	-31.392	1770	898	872	5 	 0.332 	  	  	 0.739 	 0.635 	-0.0177 	 353.9
1v74_chain_AB_0091	-393.750	0.483	-32.396	1696	766	930	2 	 0.388 	  	  	 0.620 	 0.699 	-0.0191 	 848.0
1zhi_chain_AB_0096	-513.180	1.239	-27.212	1110	485	625	4 	 0.308 	  	  	 0.644 	 0.693 	-0.0245 	 277.5
1zhi_chain_AB_0080	-512.259	1.198	-23.042	1043	458	585	4 	 0.227 	  	  	 0.567 	 0.680 	-0.0221 	 260.9
1zhi_chain_AB_0010	-512.207	1.076	-24.660	1052	435	617	4 	 0.257 	  	  	 0.653 	 0.683 	-0.0234 	 263.1
1zhi_chain_AB_0026	-511.648	1.220	-27.178	1160	520	639	4 	 0.281 	  	  	 0.595 	 0.691 	-0.0234 	 289.9
1zhi_chain_AB_0075	-511.479	1.110	-21.424	985	409	575	4 	 0.175 	  	  	 0.639 	 0.664 	-0.0218 	 246.1
2gox_chain_AB_0097	-737.472	0.475	-32.577	1631	879	752	7 	 0.479 	  	  	 0.489 	 0.663 	-0.0200 	 233.0
2gox_chain_AB_0098	-737.057	0.465	-32.219	1937	998	939	5 	 0.459 	  	  	 0.553 	 0.642 	-0.0166 	 387.4
2gox_chain_AB_0052	-736.464	0.490	-30.842	1792	971	821	7 	 0.455 	  	  	 0.553 	 0.633 	-0.0172 	 256.0
2gox_chain_AB_0023	-736.139	0.529	-30.091	1697	917	780	7 	 0.472 	  	  	 0.552 	 0.641 	-0.0177 	 242.5
2gox_chain_AB_0091	-736.002	0.557	-31.884	1795	963	833	7 	 0.473 	  	  	 0.542 	 0.691 	-0.0178 	 256.5
2hle_chain_AB_0016	-543.238	0.909	-45.730	2222	899	1323	15 	 0.216 	  	  	 0.700 	 0.727 	-0.0206 	 148.1
2hle_chain_AB_0012	-543.053	1.680	-44.613	2159	820	1340	13 	 0.161 	  	  	 0.688 	 0.720 	-0.0207 	 166.1
2hle_chain_AB_0081	-541.913	1.364	-45.912	2195	1036	1159	9 	 0.375 	  	  	 0.697 	 0.647 	-0.0209 	 243.9
2hle_chain_AB_0078	-541.741	0.999	-48.732	2296	940	1356	11 	 0.291 	  	  	 0.710 	 0.713 	-0.0212 	 208.7
2hle_chain_AB_0077	-541.687	1.386	-45.749	2266	836	1430	11 	 0.275 	  	  	 0.691 	 0.706 	-0.0202 	 206.0
2hrk_chain_AB_0063	-509.075	0.693	-28.998	1665	657	1008	7 	 0.287 	  	  	 0.556 	 0.634 	-0.0174 	 237.8
2hrk_chain_AB_0027	-508.796	0.735	-28.641	1666	648	1018	5 	 0.271 	  	  	 0.621 	 0.606 	-0.0172 	 333.2
2hrk_chain_AB_0008	-508.769	0.716	-29.317	1653	649	1004	7 	 0.199 	  	  	 0.627 	 0.621 	-0.0177 	 236.1
2hrk_chain_AB_0046	-508.692	0.756	-29.369	1649	629	1020	8 	 0.259 	  	  	 0.664 	 0.638 	-0.0178 	 206.1
2hrk_chain_AB_0049	-508.583	0.716	-28.621	1645	639	1006	4 	 0.259 	  	  	 0.647 	 0.609 	-0.0174 	 411.1
2i25_chain_NL_0024	-466.659	0.660	-31.241	1333	645	688	6 	 0.390 	  	  	 0.755 	 0.699 	-0.0234 	 222.1
2i25_chain_NL_0015	-465.734	0.789	-30.529	1209	594	616	5 	 0.408 	  	  	 0.772 	 0.723 	-0.0252 	 241.8
2i25_chain_NL_0093	-465.400	0.703	-31.612	1271	608	663	4 	 0.379 	  	  	 0.766 	 0.694 	-0.0249 	 317.7
2i25_chain_NL_0010	-465.287	0.782	-31.474	1223	586	636	5 	 0.385 	  	  	 0.778 	 0.711 	-0.0257 	 244.5
2i25_chain_NL_0018	-465.166	0.640	-31.702	1317	620	697	4 	 0.371 	  	  	 0.774 	 0.684 	-0.0241 	 329.1
2oob_chain_AB_0015	-236.285	0.490	-17.766	801	237	564	1 	 0.255 	  	  	 0.584 	 0.780 	-0.0222 	 800.7
2oob_chain_AB_0076	-235.992	0.467	-19.314	911	315	596	1 	 0.348 	  	  	 0.670 	 0.780 	-0.0212 	 910.6
2oob_chain_AB_0087	-235.850	0.472	-18.020	832	239	592	1 	 0.253 	  	  	 0.651 	 0.811 	-0.0217 	 831.8
2oob_chain_AB_0026	-235.843	0.467	-18.006	846	249	598	1 	 0.251 	  	  	 0.619 	 0.765 	-0.0213 	 846.4
2oob_chain_AB_0004	-235.760	0.467	-17.800	831	240	591	1 	 0.255 	  	  	 0.675 	 0.776 	-0.0214 	 831.2
2oul_chain_AB_0024	-661.806	0.945	-37.913	1994	900	1094	4 	 0.290 	  	  	 0.677 	 0.611 	-0.0190 	 498.4
2oul_chain_AB_0081	-661.788	0.922	-42.315	2174	910	1264	7 	 0.249 	  	  	 0.713 	 0.663 	-0.0195 	 310.6
2oul_chain_AB_0090	-660.226	0.847	-40.740	2099	910	1189	4 	 0.280 	  	  	 0.689 	 0.641 	-0.0194 	 524.7
2oul_chain_AB_0045	-660.121	1.153	-41.348	2174	973	1201	4 	 0.276 	  	  	 0.680 	 0.617 	-0.0190 	 543.5
2oul_chain_AB_0031	-659.863	1.051	-39.840	2076	895	1180	5 	 0.278 	  	  	 0.612 	 0.599 	-0.0192 	 415.2
2wpt_chain_AB_0024	-382.396	0.440	-39.514	1457	640	817	5 	 0.431 	  	  	 0.721 	 0.727 	-0.0271 	 291.4
2wpt_chain_AB_0014	-381.968	0.485	-35.590	1507	791	716	8 	 0.446 	  	  	 0.659 	 0.745 	-0.0236 	 188.4
2wpt_chain_AB_0029	-381.947	0.445	-39.080	1459	641	819	5 	 0.425 	  	  	 0.647 	 0.722 	-0.0268 	 291.8
2wpt_chain_AB_0053	-381.665	0.439	-38.813	1468	650	818	4 	 0.431 	  	  	 0.621 	 0.723 	-0.0264 	 366.9
2wpt_chain_AB_0045	-381.488	0.433	-38.615	1435	630	805	5 	 0.395 	  	  	 0.675 	 0.722 	-0.0269 	 287.0
3ygs_chain_CP_0001	-365.025	0.801	-23.871	1078	583	495	5 	 0.521 	  	  	 0.597 	 0.693 	-0.0221 	 215.5
3ygs_chain_CP_0011	-363.008	0.717	-23.949	980	549	431	5 	 0.485 	  	  	 0.649 	 0.749 	-0.0244 	 196.1
3ygs_chain_CP_0055	-362.873	0.733	-22.050	963	540	423	9 	 0.467 	  	  	 0.557 	 0.768 	-0.0229 	 107.0
3ygs_chain_CP_0086	-362.499	0.781	-24.611	1051	588	463	4 	 0.456 	  	  	 0.611 	 0.718 	-0.0234 	 262.7
3ygs_chain_CP_0093	-362.354	0.746	-21.502	974	544	430	5 	 0.483 	  	  	 0.572 	 0.741 	-0.0221 	 194.8
