Rows are residues, columns are chains, data are neighbors in that chain for each residue
residue	chain	PDBdata	DSSP	1	2
1	1	83 A	L	11	0
2	1	84 A	L	15	0
3	1	85 A	L	26	0
4	1	86 A	L	16	0
5	1	87 A	L	22	0
6	1	88 A	L	14	0
7	1	89 A	L	21	0
8	1	90 A	L	14	0
9	1	91 A	E	21	0
10	1	92 A	L	19	0
11	1	93 A	L	10	0
12	1	94 A	L	20	0
13	1	95 A	L	13	0
14	1	96 A	E	20	1
15	1	97 A	E	22	0
16	1	98 A	E	14	10
17	1	99 A	E	15	11
18	1	100 A	E	20	8
19	1	101 A	E	21	5
20	1	102 A	E	17	10
21	1	103 A	L	25	4
22	1	104 A	L	20	13
23	1	105 A	H	28	2
24	1	106 A	H	28	1
25	1	107 A	H	17	10
26	1	108 A	H	18	10
27	1	109 A	H	22	7
28	1	110 A	H	16	8
29	1	111 A	L	10	13
30	1	112 A	L	14	9
31	1	113 A	L	14	3
32	1	114 A	L	28	2
33	1	115 A	E	26	0
34	1	116 A	E	28	0
35	1	117 A	E	29	0
36	1	118 A	E	21	0
37	1	119 A	E	24	0
38	1	120 A	E	30	0
39	1	121 A	E	30	0
40	1	122 A	E	26	0
41	1	123 A	E	25	0
42	1	124 A	E	23	1
43	1	125 A	L	21	0
44	1	126 A	L	18	0
45	1	127 A	L	10	1
46	1	128 A	L	10	2
47	1	129 A	E	19	2
48	1	130 A	E	24	0
49	1	131 A	E	24	1
50	1	132 A	E	30	0
51	1	133 A	E	28	0
52	1	134 A	E	25	0
53	1	135 A	E	22	0
54	1	136 A	E	25	0
55	1	137 A	E	18	0
56	1	138 A	E	19	0
57	1	139 A	E	21	0
58	1	140 A	L	27	0
59	1	141 A	L	18	0
60	1	142 A	L	16	0
61	1	143 A	H	9	0
62	1	144 A	H	15	0
63	1	145 A	H	22	0
64	1	146 A	L	15	0
65	1	147 A	L	18	0
66	1	148 A	L	7	0
67	1	149 A	L	17	0
68	1	150 A	L	12	0
69	1	151 A	L	13	0
70	1	152 A	L	17	0
71	1	153 A	L	14	0
72	1	154 A	L	13	0
73	1	155 A	L	14	0
74	1	156 A	L	24	0
75	1	157 A	E	22	0
76	1	158 A	E	27	0
77	1	159 A	E	23	0
78	1	160 A	E	22	0
79	1	161 A	E	21	1
80	1	162 A	E	15	3
81	1	163 A	L	20	3
82	1	164 A	L	21	8
83	1	165 A	L	17	6
84	1	166 A	L	22	7
85	1	167 A	L	31	1
86	1	168 A	L	17	4
87	1	169 A	L	13	1
88	1	169 A	L	9	5
89	1	170 A	L	12	5
90	1	171 A	L	23	0
91	1	172 A	E	13	0
92	1	173 A	E	11	0
93	1	174 A	E	22	0
94	1	175 A	E	23	0
95	1	176 A	E	16	0
96	1	177 A	L	26	0
97	1	178 A	L	23	0
98	1	179 A	E	25	0
99	1	180 A	E	30	0
100	1	181 A	E	33	0
101	1	182 A	E	25	0
102	1	183 A	E	29	0
103	1	184 A	E	25	0
104	1	185 A	L	25	0
105	1	186 A	L	20	0
106	1	187 A	L	15	0
107	1	188 A	L	17	0
108	1	189 A	E	21	0
109	1	190 A	E	25	0
110	1	191 A	E	26	0
111	1	192 A	E	28	0
112	1	193 A	E	26	0
113	1	194 A	E	28	0
114	1	195 A	E	22	0
115	1	196 A	L	19	0
116	1	197 A	L	12	0
117	1	198 A	L	12	0
118	1	199 A	L	11	0
119	1	200 A	L	16	0
120	1	201 A	L	22	0
121	1	202 A	E	14	0
122	1	203 A	E	26	0
123	1	204 A	E	20	0
124	1	205 A	E	25	0
125	1	206 A	E	19	0
126	1	207 A	E	20	0
127	1	208 A	L	12	0
128	1	209 A	L	16	0
129	1	210 A	E	9	0
130	1	211 A	E	12	0
131	1	212 A	E	18	0
132	1	213 A	E	18	0
133	1	214 A	E	12	0
134	1	215 A	E	23	0
135	1	216 A	E	13	0
136	1	217 A	L	21	0
137	1	218 A	L	15	0
138	1	219 A	L	14	0
139	1	220 A	L	14	0
140	1	221 A	L	18	0
141	1	222 A	L	22	0
142	1	223 A	L	26	0
143	1	224 A	E	23	0
144	1	225 A	L	25	0
145	1	226 A	L	29	0
146	1	227 A	L	26	0
147	1	228 A	L	33	0
148	1	229 A	L	28	0
149	1	230 A	L	28	0
150	1	231 A	E	32	0
151	1	232 A	E	29	0
152	1	233 A	E	23	0
153	1	234 A	L	13	0
154	1	235 A	L	16	0
155	1	236 A	E	20	0
156	1	237 A	E	30	0
157	1	238 A	E	24	0
158	1	239 A	E	28	0
159	1	240 A	E	26	0
160	1	241 A	E	24	0
161	1	242 A	E	27	0
162	1	243 A	E	22	0
163	1	244 A	L	18	0
164	1	245 A	L	15	0
165	1	246 A	L	17	0
166	1	247 A	L	12	0
167	1	248 A	L	13	0
168	1	249 A	L	14	0
169	1	250 A	L	21	0
170	1	251 A	E	17	0
171	1	252 A	E	25	0
172	1	253 A	E	20	0
173	1	254 A	E	22	0
174	1	255 A	E	24	0
175	1	256 A	E	20	0
176	1	257 A	E	27	0
177	1	258 A	E	17	0
178	1	259 A	L	18	0
179	1	260 A	L	23	0
180	1	261 A	E	11	0
181	1	262 A	E	17	0
182	1	263 A	E	12	0
183	1	264 A	E	14	0
184	1	265 A	E	14	0
185	1	266 A	E	15	0
186	1	267 A	E	11	0
187	1	268 A	L	19	0
188	1	269 A	L	9	0
189	1	270 A	L	17	0
190	1	271 A	L	6	0
191	1	272 A	L	12	0
192	1	273 A	L	23	0
193	1	274 A	L	25	0
194	1	275 A	L	26	0
195	1	276 A	E	21	0
196	1	277 A	E	23	0
197	1	278 A	E	33	0
198	1	279 A	E	30	0
199	1	280 A	E	31	0
200	1	281 A	E	26	0
201	1	282 A	E	27	0
202	1	283 A	E	22	0
203	1	284 A	L	15	0
204	1	285 A	L	16	0
205	1	286 A	E	19	0
206	1	287 A	E	29	0
207	1	288 A	E	23	0
208	1	289 A	E	28	0
209	1	290 A	E	27	0
210	1	291 A	E	27	0
211	1	292 A	E	27	0
212	1	293 A	L	25	0
213	1	294 A	L	22	0
214	1	295 A	L	23	0
215	1	296 A	L	18	0
216	1	297 A	L	29	0
217	1	298 A	L	26	0
218	1	299 A	L	29	0
219	1	300 A	L	30	0
220	1	301 A	E	26	0
221	1	302 A	E	23	0
222	1	303 A	E	22	0
223	1	304 A	E	17	0
224	1	305 A	E	22	0
225	1	306 A	L	14	0
226	1	308 A	L	15	0
227	1	309 A	L	9	0
228	1	310 A	L	17	0
229	1	311 A	L	11	0
230	1	312 A	E	17	0
231	1	313 A	E	11	0
232	1	314 A	E	17	0
233	1	315 A	E	17	0
234	1	316 A	E	22	0
235	1	317 A	L	29	0
236	1	318 A	L	24	0
237	1	319 A	L	30	0
238	1	320 A	L	26	0
239	1	321 A	L	24	0
240	1	322 A	L	27	0
241	1	323 A	L	28	0
242	1	324 A	L	28	0
243	1	325 A	L	25	0
244	1	326 A	L	20	0
245	1	327 A	L	24	0
246	1	328 A	L	18	0
247	1	329 A	L	10	0
248	1	330 A	L	17	0
249	1	331 A	L	15	0
250	1	332 A	L	11	0
251	1	333 A	L	23	0
252	1	335 A	L	18	0
253	1	336 A	L	15	0
254	1	339 A	L	18	0
255	1	340 A	L	19	0
256	1	341 A	L	27	0
257	1	342 A	L	13	0
258	1	343 A	L	16	0
259	1	344 A	L	19	0
260	1	345 A	L	21	0
261	1	346 A	L	17	0
262	1	347 A	L	16	0
263	1	348 A	L	25	0
264	1	349 A	L	21	0
265	1	350 A	L	22	0
266	1	351 A	L	29	0
267	1	352 A	L	31	0
268	1	353 A	E	30	0
269	1	354 A	E	26	0
270	1	355 A	E	19	0
271	1	356 A	E	19	0
272	1	357 A	L	10	0
273	1	358 A	L	13	0
274	1	359 A	E	22	0
275	1	360 A	E	28	0
276	1	361 A	E	25	0
277	1	362 A	E	27	0
278	1	363 A	E	26	0
279	1	364 A	E	25	0
280	1	365 A	L	27	0
281	1	366 A	L	20	0
282	1	367 A	L	17	0
283	1	368 A	L	18	0
284	1	369 A	L	10	0
285	1	370 A	L	15	0
286	1	371 A	L	21	0
287	1	372 A	E	19	0
288	1	373 A	E	24	0
289	1	374 A	E	30	0
290	1	375 A	E	18	0
291	1	376 A	E	22	0
292	1	377 A	E	20	0
293	1	378 A	E	21	0
294	1	379 A	E	25	0
295	1	380 A	L	15	0
296	1	381 A	L	17	0
297	1	382 A	L	27	0
298	1	383 A	L	22	0
299	1	384 A	L	14	0
300	1	385 A	L	17	0
301	1	386 A	L	18	0
302	1	387 A	L	16	0
303	1	388 A	L	15	0
304	1	389 A	L	14	0
305	1	390 A	L	20	0
306	1	391 A	L	10	0
307	1	392 A	E	12	0
308	1	394 A	E	14	0
309	1	395 A	E	19	0
310	1	396 A	E	16	1
311	1	397 A	E	25	0
312	1	398 A	E	23	1
313	1	399 A	E	16	1
314	1	400 A	E	15	0
315	1	401 A	E	11	0
316	1	402 A	E	16	1
317	1	403 A	E	25	0
318	1	404 A	L	28	0
319	1	405 A	L	23	0
320	1	406 A	L	25	0
321	1	407 A	E	27	0
322	1	408 A	E	28	0
323	1	409 A	E	27	0
324	1	410 A	E	27	0
325	1	411 A	E	30	0
326	1	412 A	E	23	2
327	1	412 A	L	24	0
328	1	412 A	H	19	0
329	1	412 A	H	19	0
330	1	412 A	H	18	3
331	1	413 A	H	17	5
332	1	414 A	L	10	4
333	1	415 A	L	13	2
334	1	416 A	L	9	0
335	1	417 A	L	19	0
336	1	418 A	E	22	0
337	1	419 A	E	21	2
338	1	420 A	E	24	0
339	1	421 A	E	23	1
340	1	422 A	E	30	0
341	1	423 A	E	26	0
342	1	424 A	E	28	0
343	1	425 A	E	28	0
344	1	426 A	E	30	0
345	1	427 A	E	22	0
346	1	428 A	E	23	0
347	1	429 A	E	22	0
348	1	430 A	L	15	0
349	1	431 A	L	7	0
350	1	432 A	L	14	0
351	1	433 A	L	14	0
352	1	435 A	L	8	0
353	1	436 A	L	20	0
354	1	437 A	L	17	0
355	1	438 A	L	28	0
356	1	439 A	E	19	0
357	1	440 A	E	31	0
358	1	441 A	E	27	0
359	1	442 A	E	28	0
360	1	443 A	E	28	0
361	1	444 A	E	25	2
362	1	445 A	E	25	1
363	1	446 A	E	23	3
364	1	447 A	E	20	4
365	1	448 A	E	23	1
366	1	449 A	E	17	6
367	1	450 A	L	11	1
368	1	451 A	L	9	11
369	1	452 A	L	8	9
370	1	453 A	L	17	5
371	1	454 A	L	10	10
372	1	455 A	L	14	4
373	1	456 A	L	12	8
374	1	457 A	L	13	3
375	1	458 A	L	20	6
376	1	459 A	L	20	2
377	1	460 A	L	25	2
378	1	461 A	L	15	8
379	1	462 A	L	24	4
380	1	463 A	L	10	4
381	1	464 A	L	15	0
382	1	465 A	L	14	0
383	1	466 A	L	18	2
384	1	467 A	L	7	1
385	1	468 A	L	14	0
386	2	83 B	L	0	12
387	2	84 B	L	0	15
388	2	85 B	L	0	27
389	2	86 B	L	0	16
390	2	87 B	L	0	24
391	2	88 B	L	0	14
392	2	89 B	L	0	21
393	2	90 B	L	0	14
394	2	91 B	E	0	21
395	2	92 B	L	0	20
396	2	93 B	L	0	10
397	2	94 B	L	0	20
398	2	95 B	L	0	13
399	2	96 B	E	0	20
400	2	97 B	E	0	22
401	2	98 B	E	0	14
402	2	99 B	E	0	15
403	2	100 B	E	0	20
404	2	101 B	E	0	18
405	2	102 B	E	0	17
406	2	103 B	L	0	24
407	2	104 B	L	0	19
408	2	105 B	H	0	28
409	2	106 B	H	0	28
410	2	107 B	H	0	17
411	2	108 B	H	0	18
412	2	109 B	H	0	22
413	2	110 B	H	0	16
414	2	111 B	L	0	11
415	2	112 B	L	2	14
416	2	113 B	L	9	15
417	2	114 B	L	2	28
418	2	115 B	E	2	26
419	2	116 B	E	0	26
420	2	117 B	E	0	29
421	2	118 B	E	0	21
422	2	119 B	E	0	23
423	2	120 B	E	0	29
424	2	121 B	E	0	30
425	2	122 B	E	0	26
426	2	123 B	E	0	24
427	2	124 B	E	0	23
428	2	125 B	L	0	21
429	2	126 B	L	0	18
430	2	127 B	L	0	10
431	2	128 B	L	0	10
432	2	129 B	E	0	19
433	2	130 B	E	0	24
434	2	131 B	E	0	24
435	2	132 B	E	0	30
436	2	133 B	E	0	27
437	2	134 B	E	0	25
438	2	135 B	E	3	22
439	2	136 B	E	3	24
440	2	137 B	E	10	18
441	2	138 B	E	8	19
442	2	139 B	E	7	21
443	2	140 B	L	1	27
444	2	141 B	L	2	16
445	2	142 B	L	8	16
446	2	143 B	H	7	9
447	2	144 B	H	10	15
448	2	145 B	H	3	22
449	2	146 B	L	1	15
450	2	147 B	L	0	18
451	2	148 B	L	0	7
452	2	149 B	L	1	17
453	2	150 B	L	0	12
454	2	151 B	L	0	13
455	2	152 B	L	0	17
456	2	153 B	L	2	13
457	2	154 B	L	13	12
458	2	155 B	L	8	14
459	2	156 B	L	2	24
460	2	157 B	E	5	21
461	2	158 B	E	0	27
462	2	159 B	E	2	24
463	2	160 B	E	0	22
464	2	161 B	E	0	21
465	2	162 B	E	0	15
466	2	163 B	L	0	21
467	2	164 B	L	0	21
468	2	165 B	L	0	17
469	2	166 B	L	0	22
470	2	167 B	L	0	31
471	2	168 B	L	5	17
472	2	169 B	L	15	13
473	2	169 B	L	8	9
474	2	170 B	L	2	14
475	2	171 B	L	5	23
476	2	172 B	E	4	13
477	2	173 B	E	12	11
478	2	174 B	E	2	22
479	2	175 B	E	5	24
480	2	176 B	E	12	16
481	2	177 B	L	2	26
482	2	178 B	L	0	23
483	2	179 B	E	0	25
484	2	180 B	E	0	30
485	2	181 B	E	0	33
486	2	182 B	E	0	25
487	2	183 B	E	0	29
488	2	184 B	E	0	24
489	2	185 B	L	0	26
490	2	186 B	L	0	20
491	2	187 B	L	0	15
492	2	188 B	L	0	17
493	2	189 B	E	0	21
494	2	190 B	E	0	25
495	2	191 B	E	0	25
496	2	192 B	E	0	28
497	2	193 B	E	1	26
498	2	194 B	E	0	28
499	2	195 B	E	6	22
500	2	196 B	L	7	19
501	2	197 B	L	5	12
502	2	198 B	L	0	13
503	2	199 B	L	1	11
504	2	200 B	L	4	16
505	2	201 B	L	2	23
506	2	202 B	E	9	14
507	2	203 B	E	2	26
508	2	204 B	E	8	20
509	2	205 B	E	2	25
510	2	206 B	E	3	19
511	2	207 B	E	1	20
512	2	208 B	L	5	12
513	2	209 B	L	5	16
514	2	210 B	E	10	9
515	2	211 B	E	12	12
516	2	212 B	E	5	18
517	2	213 B	E	4	18
518	2	214 B	E	9	12
519	2	215 B	E	2	23
520	2	216 B	E	4	13
521	2	217 B	L	2	21
522	2	218 B	L	1	15
523	2	219 B	L	0	14
524	2	220 B	L	0	14
525	2	221 B	L	0	18
526	2	222 B	L	0	22
527	2	223 B	L	0	26
528	2	224 B	E	0	23
529	2	225 B	L	0	25
530	2	226 B	L	0	29
531	2	227 B	L	0	26
532	2	228 B	L	0	32
533	2	229 B	L	0	28
534	2	230 B	L	0	28
535	2	231 B	E	0	30
536	2	232 B	E	0	29
537	2	233 B	E	0	23
538	2	234 B	L	0	15
539	2	235 B	L	0	16
540	2	236 B	E	0	20
541	2	237 B	E	0	31
542	2	238 B	E	0	25
543	2	239 B	E	0	28
544	2	240 B	E	0	26
545	2	241 B	E	0	26
546	2	242 B	E	0	27
547	2	243 B	E	0	22
548	2	244 B	L	0	19
549	2	245 B	L	0	15
550	2	246 B	L	0	17
551	2	247 B	L	0	12
552	2	248 B	L	0	13
553	2	249 B	L	0	14
554	2	250 B	L	0	21
555	2	251 B	E	0	17
556	2	252 B	E	0	25
557	2	253 B	E	0	20
558	2	254 B	E	0	22
559	2	255 B	E	0	24
560	2	256 B	E	0	20
561	2	257 B	E	0	27
562	2	258 B	E	0	18
563	2	259 B	L	1	18
564	2	260 B	L	0	23
565	2	261 B	E	1	11
566	2	262 B	E	1	17
567	2	263 B	E	0	12
568	2	264 B	E	0	14
569	2	265 B	E	0	14
570	2	266 B	E	0	15
571	2	267 B	E	0	12
572	2	268 B	L	0	18
573	2	269 B	L	0	9
574	2	270 B	L	0	17
575	2	271 B	L	0	6
576	2	272 B	L	0	12
577	2	273 B	L	0	23
578	2	274 B	L	0	25
579	2	275 B	L	0	26
580	2	276 B	E	0	21
581	2	277 B	E	0	24
582	2	278 B	E	0	34
583	2	279 B	E	0	30
584	2	280 B	E	0	31
585	2	281 B	E	0	25
586	2	282 B	E	0	28
587	2	283 B	E	0	22
588	2	284 B	L	0	15
589	2	285 B	L	0	16
590	2	286 B	E	0	19
591	2	287 B	E	0	29
592	2	288 B	E	0	23
593	2	289 B	E	0	28
594	2	290 B	E	0	28
595	2	291 B	E	0	27
596	2	292 B	E	0	27
597	2	293 B	L	0	25
598	2	294 B	L	0	22
599	2	295 B	L	0	23
600	2	296 B	L	0	18
601	2	297 B	L	0	28
602	2	298 B	L	0	26
603	2	299 B	L	0	29
604	2	300 B	L	0	32
605	2	301 B	E	0	26
606	2	302 B	E	0	23
607	2	303 B	E	0	22
608	2	304 B	E	0	17
609	2	305 B	E	0	22
610	2	306 B	L	0	14
611	2	308 B	L	0	16
612	2	309 B	L	0	9
613	2	310 B	L	0	16
614	2	311 B	L	0	11
615	2	312 B	E	0	17
616	2	313 B	E	0	11
617	2	314 B	E	0	17
618	2	315 B	E	0	17
619	2	316 B	E	0	21
620	2	317 B	L	0	29
621	2	318 B	L	0	24
622	2	319 B	L	0	31
623	2	320 B	L	0	26
624	2	321 B	L	0	24
625	2	322 B	L	0	27
626	2	323 B	L	0	28
627	2	324 B	L	0	28
628	2	325 B	L	0	25
629	2	326 B	L	0	19
630	2	327 B	L	0	26
631	2	328 B	L	0	18
632	2	329 B	L	0	10
633	2	330 B	L	0	17
634	2	331 B	L	0	15
635	2	332 B	L	0	11
636	2	333 B	L	0	23
637	2	335 B	L	0	18
638	2	336 B	L	0	15
639	2	339 B	L	0	18
640	2	340 B	L	0	19
641	2	341 B	L	0	27
642	2	342 B	L	0	13
643	2	343 B	L	0	16
644	2	344 B	L	0	19
645	2	345 B	L	0	21
646	2	346 B	L	0	17
647	2	347 B	L	0	17
648	2	348 B	L	0	25
649	2	349 B	L	0	22
650	2	350 B	L	0	22
651	2	351 B	L	0	29
652	2	352 B	L	0	30
653	2	353 B	E	0	28
654	2	354 B	E	0	26
655	2	355 B	E	0	19
656	2	356 B	E	0	19
657	2	357 B	L	0	10
658	2	358 B	L	0	13
659	2	359 B	E	0	22
660	2	360 B	E	0	28
661	2	361 B	E	0	25
662	2	362 B	E	0	27
663	2	363 B	E	0	25
664	2	364 B	E	0	25
665	2	365 B	L	0	28
666	2	366 B	L	0	20
667	2	367 B	L	0	17
668	2	368 B	L	0	18
669	2	369 B	L	0	10
670	2	370 B	L	0	14
671	2	371 B	L	0	20
672	2	372 B	E	0	19
673	2	373 B	E	0	24
674	2	374 B	E	0	30
675	2	375 B	E	0	18
676	2	376 B	E	0	22
677	2	377 B	E	0	20
678	2	378 B	E	0	20
679	2	379 B	E	0	26
680	2	380 B	L	0	16
681	2	381 B	L	0	17
682	2	382 B	L	0	27
683	2	383 B	L	0	22
684	2	384 B	L	0	14
685	2	385 B	L	0	17
686	2	386 B	L	0	18
687	2	387 B	L	0	16
688	2	388 B	L	0	15
689	2	389 B	L	0	14
690	2	390 B	L	0	19
691	2	391 B	L	0	10
692	2	392 B	E	0	12
693	2	394 B	E	0	15
694	2	395 B	E	0	19
695	2	396 B	E	0	16
696	2	397 B	E	0	26
697	2	398 B	E	0	23
698	2	399 B	E	0	16
699	2	400 B	E	0	15
700	2	401 B	E	0	11
701	2	402 B	E	0	17
702	2	403 B	E	0	24
703	2	404 B	L	0	29
704	2	405 B	L	0	22
705	2	406 B	L	0	25
706	2	407 B	E	0	25
707	2	408 B	E	0	28
708	2	409 B	E	0	28
709	2	410 B	E	0	28
710	2	411 B	E	0	30
711	2	412 B	E	0	22
712	2	412 B	L	0	24
713	2	412 B	H	0	19
714	2	412 B	H	0	19
715	2	412 B	H	0	19
716	2	413 B	H	0	17
717	2	414 B	L	0	10
718	2	415 B	L	0	13
719	2	416 B	L	0	9
720	2	417 B	L	0	18
721	2	418 B	E	0	23
722	2	419 B	E	0	21
723	2	420 B	E	0	24
724	2	421 B	E	0	22
725	2	422 B	E	0	30
726	2	423 B	E	0	26
727	2	424 B	E	0	27
728	2	425 B	E	0	28
729	2	426 B	E	0	29
730	2	427 B	E	0	22
731	2	428 B	E	0	25
732	2	429 B	E	0	21
733	2	430 B	L	0	15
734	2	431 B	L	0	8
735	2	432 B	L	0	14
736	2	433 B	L	0	14
737	2	435 B	L	0	9
738	2	436 B	L	0	19
739	2	437 B	L	0	16
740	2	438 B	L	0	28
741	2	439 B	E	0	19
742	2	440 B	E	0	31
743	2	441 B	E	0	28
744	2	442 B	E	0	28
745	2	443 B	E	0	28
746	2	444 B	E	0	25
747	2	445 B	E	0	25
748	2	446 B	E	0	22
749	2	447 B	E	0	20
750	2	448 B	E	0	23
751	2	449 B	E	0	17
752	2	450 B	L	0	11
753	2	451 B	L	0	9
754	2	452 B	L	0	8
755	2	453 B	L	0	17
756	2	454 B	L	0	10
757	2	455 B	L	0	14
758	2	456 B	L	0	12
759	2	457 B	L	0	14
760	2	458 B	L	0	19
761	2	459 B	L	0	20
762	2	460 B	L	0	25
763	2	461 B	L	0	15
764	2	462 B	L	0	23
765	2	463 B	L	0	10
766	2	464 B	L	0	15
767	2	465 B	L	0	12
768	2	466 B	L	0	19
769	2	467 B	L	0	8
770	2	468 B	L	2	14

