	W	F	Y	M	L	I	V	A	G	S	T	R	K	H	N	Q	D	E	P	C
14M	8	3	18	8	19	2	9	2	4	8	4	3	1	2	4	4	1	1	0	0
18H	4	6	6	0	4	0	11	10	17	7	2	2	1	7	7	5	6	6	0	0
21H	3	5	3	2	2	0	9	11	24	15	9	1	0	6	3	0	4	3	0	0
22Q	5	4	0	2	5	1	16	2	3	8	10	6	3	2	6	2	12	13	0	0
25F	14	15	18	0	4	1	6	11	10	7	1	3	1	3	1	0	2	4	0	0
26D	7	9	3	6	5	5	9	11	8	7	4	8	3	5	3	3	6	3	0	1
28Y	2	25	7	9	15	5	8	4	6	6	3	0	2	4	0	2	0	2	0	1
29N	1	5	5	2	6	5	10	5	15	8	6	12	10	6	1	1	1	2	0	0
41K	1	20	9	1	8	3	15	5	9	7	2	5	4	4	1	1	3	2	2	0
42Y	4	8	9	5	6	7	10	6	3	7	4	2	8	6	3	3	7	3	0	0
43S	16	10	1	1	8	5	3	9	2	7	7	16	4	8	1	1	0	0	2	0
44F	10	33	8	7	10	3	5	4	2	3	4	4	1	3	0	0	1	2	1	0
45L	7	30	6	9	16	3	4	3	6	2	0	3	1	1	3	3	0	0	3	0
46Q	7	12	11	10	7	3	8	7	3	8	1	11	9	1	3	0	0	0	0	0
47N	1	18	6	2	6	2	11	5	4	15	9	5	0	1	4	1	4	3	1	2
48P	7	22	0	3	11	4	12	3	8	5	3	3	3	5	1	0	3	2	6	1
60T	13	34	8	4	8	2	8	5	3	8	3	0	0	3	1	0	0	0	0	0
61P	1	6	1	1	3	3	9	7	4	8	1	1	0	0	2	0	0	0	52	0
62S	6	13	5	7	10	4	16	6	6	11	3	3	1	2	1	4	0	0	3	0
63N	0	7	6	2	0	3	5	10	13	15	4	14	2	2	5	5	5	0	0	0
64R	6	18	11	3	11	3	8	3	0	8	2	15	6	4	2	0	0	0	0	0
65E	7	23	4	5	13	5	14	4	5	5	1	3	3	2	2	2	1	3	0	0
66E	4	8	1	4	5	13	5	14	8	14	4	5	1	0	0	4	0	6	2	0
67T	0	4	0	0	4	8	30	15	4	19	17	0	0	0	0	0	0	0	1	0
164Y	8	5	4	5	3	1	5	4	11	6	4	18	4	6	7	6	3	1	0	0
167R	1	0	1	1	0	0	7	8	6	8	3	5	2	2	37	10	4	0	1	5
168K	7	9	4	7	4	4	8	7	3	5	9	9	8	4	3	3	3	0	0	5
171D	3	1	1	6	1	0	1	12	11	31	1	1	0	4	11	1	14	1	0	0
172K	0	0	1	14	2	6	5	5	5	1	1	28	13	0	2	15	0	4	0	0
174E	7	11	3	6	3	3	7	8	12	11	1	7	2	5	5	3	3	5	1	0
175T	0	0	0	7	10	6	7	13	2	20	18	0	4	8	3	2	0	0	0	0
176F	4	53	11	7	10	3	0	5	0	0	0	0	0	5	0	0	0	1	0	0
178R	2	0	2	0	1	0	0	0	3	2	3	61	3	19	2	3	0	0	0	0
179I	2	3	2	5	2	12	38	3	1	3	8	1	0	4	1	16	0	0	0	0
183R	0	0	0	2	1	2	0	18	18	1	6	33	10	0	3	2	6	0	0	0
