	14	28	47	61	160	168
W	3.53322549189524e-05	0.0061433171513075	0.00084015382791711	1.99385554153212e-213	7.4434180296193e-103	2.4916965839012e-07
F	0.0004200058135022	0.972294448429816	0.000409185737458453	6.67383940871522e-210	1.36816032046777e-208	4.3817394638814e-05
Y	2.73899589356859e-05	0.0154446079115059	0.000329024791751087	2.75261583076072e-237	1.47938352976079e-211	1.45395527808199e-05
M	0.0195783862091926	5.9136359264678e-06	0.000579602945430961	9.49927465899203e-18	4.09468488421865e-07	0.000991368895713926
L	0.00380542116337878	1.76758474061081e-05	0.00123950605479086	3.58306960798987e-107	5.11412001940112e-12	6.69169500985924e-05
I	0.000100606975069496	1.21539765454257e-17	0.00078175155851588	1.51361168259007e-211	6.11962672497999e-21	0.993086855548958
V	7.78584672691051e-05	8.08461915349967e-07	8.31239751411738e-05	1.67887701628403e-29	8.73752349264137e-29	0.00464960411991352
A	0.229348069338234	0.00148621429811120	0.000723873234405899	0.00415924581253673	3.70061307925841e-05	0.000439883638494815
G	0.0110822710287568	0.000103875185722085	8.50532014097425e-07	0.00278559627224567	8.05179294539944e-06	1.87891052136763e-05
S	0.648125577772171	0.000200709097381005	0.000731492887617523	0.000787508135230482	0.000123826012802177	0.000118564817190499
T	0.00476564123632155	0.00048343395300946	0.00129542282699040	5.74096343290864e-09	3.62291201466533e-06	0.000217096262123339
R	0.00738883431698637	1.64958624966780e-05	0.00275252954830291	2.73806817184773e-33	9.76819851750002e-09	5.7726243702452e-06
K	0.000170000533215096	0.000918929965850304	0.00156353420226909	4.95704261246443e-56	6.28939220772315e-09	1.29447670597413e-05
H	0.000263701472587787	0.00150087712618394	3.34085595549752e-05	6.81129215015838e-89	8.21755170647018e-14	0.000170347727724832
N	0.00433320813344775	7.648718770215e-05	0.00190221320068499	4.36598581783676e-12	1.03000404535467e-05	2.44742726967606e-05
Q	0.0112588033262705	0.000461250049849839	0.00247571812014587	1.56889740232359e-16	2.41674477884465e-06	1.50407832394303e-05
D	0.0106885800749039	0.000255110396696353	0.983392647353848	2.99943388907412e-09	0.999146821321877	3.93604432669287e-05
E	0.0485303119248381	0.000589845439119809	0.00086596064316105	8.05101402193105e-11	0.000667529513060597	8.43739268572788e-05
P	7.80183115227927e-252	1.39569428093576e-260	4.02939240596713e-226	0.992267640954713	1.47597252481149e-216	9.6607671909896e-181
C	0	0	0	0	0	0
