	26	44	48	64	157	163
W	0.0563693796319354	2.529192463099e-07	0.964901184063084	4.61848660215022e-05	4.22212353120691e-07	0.000801235860056636
F	0.148594225097771	0.996701453931457	0.0162956190689314	0.000205971188784779	3.08442968152604e-11	0.264934571604093
Y	0.0424136015252606	0.00221276783157933	0.0124432477771896	5.32183214240785e-05	3.20753083334117e-24	0.0763052478060387
M	0.0206251554898473	5.6388711248939e-06	2.36035928980185e-07	1.8774314966692e-05	0.0448182237575018	0.0108931648870633
L	0.0953383637886544	7.78060329899278e-09	8.98869715550803e-30	2.45660425655835e-05	0.022787651410416	0.0112451519444358
I	0.0462829480503284	2.6316744684828e-16	4.54597778336532e-09	2.44413338590693e-07	0.0121047343780192	3.35278458627425e-05
V	0.0178236929897441	3.26788324097218e-28	1.02010571380863e-05	9.44265745001381e-07	0.00403250711418595	0.000585175590854849
A	0.0371522816044137	0.000398974259017625	0.00100681712141092	1.42039660859762e-05	0.004843881597578	0.121435969529297
G	0.0070442902536215	8.26819702393894e-05	4.00602323984408e-05	2.11530823114033e-07	0.000292508570413884	0.00279286511139726
S	0.0112081790161207	0.000119238905018273	0.000425557557527612	4.8377690869661e-06	0.00305571221741906	0.0228797475854168
T	0.0265555556752965	5.2655030257347e-05	0.000152824323764299	1.00304414612117e-06	0.0025084943324516	0.00314816819503542
R	0.104114966113483	3.93729384716143e-11	7.54395757928955e-08	0.98932716937496	0.00349814750334128	0.299735540911870
K	0.0668763578551874	1.08699653438312e-06	2.53778825347469e-06	0.0100685285405819	0.104748567099729	6.0951317935561e-05
H	0.00191916148140979	0.000353139412357222	0.000477063916170143	0.000206718336881349	6.21377808624743e-06	0.00466648370960536
N	0.0431598247298807	1.82945034438109e-05	1.05560976234020e-05	5.37814030696662e-06	0.00454387616976967	0.00134374207922962
Q	0.162699575541425	8.00254294173804e-06	2.56051093234343e-05	6.27255562265879e-06	0.00527231416377818	0.00636895865111927
D	0.0354445204511483	2.13227901092138e-05	1.83760054062577e-05	5.59217825558434e-06	0.726041455680314	0.0042311127368054
E	0.0763779207044726	2.44822166973207e-05	0.000138684862835691	1.01769431404802e-05	0.0614452899837987	0.168538384633883
P	8.25023945399115e-218	0	0.00405134899746092	4.20726300620407e-09	3.92136302311605e-110	5.69199467575123e-153
C	0	0	0	0	0	0
