SCORE:     score     fa_atr     fa_rep    fa_intra_rep    lk_nonpolar    fa_elec_rna_phos_phos    ch_bond    rna_torsion    rna_sugar_close    hbond_sr_bb_sc    hbond_lr_bb_sc    hbond_sc    geom_sol    atom_pair_constraint       N_WC      N_NWC       N_BS description
SCORE:  -116.886   -436.053    108.799           3.497         43.821                   21.792   -192.112         25.075             32.611            -3.410           -11.441    -272.819     563.354                   0.000         39          23         136     S_000001_000
SCORE:  -114.170   -435.702    108.502           3.495         44.311                   21.504   -190.997         25.082             32.241            -3.410           -11.441    -266.273     558.518                   0.000         39          22         137     S_000001_000
SCORE:  -112.939   -432.562    108.891           3.482         43.873                   21.538   -189.100         25.405             32.549            -3.410           -11.441    -273.335     561.171                   0.000         39          23         135     S_000001_000
SCORE:  -113.927   -435.041    108.297           3.482         43.982                   21.604   -190.824         25.033             32.253            -3.410           -11.441    -266.273     558.411                   0.000         39          22         136     S_000001_000
SCORE:  -111.731   -433.822    109.742           3.485         43.707                   21.548   -189.672         25.087             32.316            -3.410           -11.441    -273.706     564.438                   0.000         39          23         136     S_000001_000
SCORE:  -112.206   -436.646    109.070           3.488         44.895                   21.630   -190.882         24.954             32.242            -3.410           -11.441    -266.273     560.166                   0.000         39          22         136     S_000001_000
SCORE:  -115.395   -432.571    108.613           3.492         44.055                   21.517   -191.541         25.476             32.270            -3.410           -11.441    -270.704     558.850                   0.000         39          22         135     S_000001_000
SCORE:  -107.940   -434.612    110.004           3.530         43.577                   21.477   -189.902         25.631             32.844            -3.410           -11.441    -266.273     560.635                   0.000         39          22         136     S_000001_000
SCORE:  -109.101   -433.854    108.001           3.608         44.983                   21.498   -189.765         25.188             32.421            -3.718           -11.441    -266.273     560.252                   0.000         39          22         136     S_000001_000
SCORE:  -116.866   -436.079    108.355           3.487         44.383                   21.390   -191.311         25.081             32.169            -3.410           -11.441    -270.596     561.107                   0.000         39          23         137     S_000001_000
SCORE:  -112.108   -434.327    109.012           3.481         44.401                   21.565   -191.193         24.980             32.554            -3.410           -11.441    -266.273     558.543                   0.000         39          22         137     S_000001_000
SCORE:  -118.549   -434.609    108.134           3.487         43.747                   21.496   -189.805         25.078             32.572            -3.410           -11.441    -275.468     561.669                   0.000         39          22         136     S_000001_000
SCORE:  -111.217   -433.156    108.802           3.517         44.140                   21.479   -189.725         25.146             32.094            -3.410           -11.441    -266.273     557.611                   0.000         39          22         135     S_000001_000
SCORE:  -115.694   -435.384    108.587           3.495         44.339                   21.250   -190.729         25.070             32.327            -3.410           -11.441    -268.934     559.138                   0.000         39          23         136     S_000001_000
SCORE:  -112.098   -431.867    108.346           3.485         43.828                   21.525   -189.665         25.115             32.159            -3.410           -11.441    -270.147     559.976                   0.000         39          22         135     S_000001_000
SCORE:  -112.823   -435.740    108.500           3.497         44.387                   21.617   -189.895         24.988             32.096            -3.410           -11.441    -266.273     558.851                   0.000         39          22         137     S_000001_000
SCORE:  -117.604   -436.041    108.965           3.502         44.719                   21.557   -190.827         25.081             32.405            -3.410           -11.441    -270.493     558.380                   0.000         39          22         137     S_000002_000
SCORE:  -114.405   -434.796    108.797           3.504         43.693                   21.504   -190.754         25.216             32.207            -3.410           -11.441    -270.782     561.858                   0.000         40          22         136     S_000002_000
SCORE:  -112.349   -434.434    108.727           3.487         44.314                   21.273   -189.942         25.148             32.112            -3.410           -11.441    -266.273     558.091                   0.000         39          22         138     S_000002_000
SCORE:  -114.213   -433.647    108.161           3.485         44.135                   21.678   -190.924         25.032             32.239            -3.834           -11.441    -269.080     559.982                   0.000         39          23         135     S_000002_000
SCORE:  -117.057   -433.913    108.617           3.503         44.752                   21.703   -192.315         25.194             32.426            -3.410           -11.441    -271.178     559.006                   0.000         39          22         135     S_000002_000
SCORE:  -114.423   -434.846    108.086           3.612         44.223                   21.506   -189.767         24.964             32.285            -3.421           -11.441    -271.211     561.589                   0.000         39          22         136     S_000002_000
SCORE:  -108.484   -434.453    108.994           3.531         43.707                   21.598   -188.603         25.498             32.543            -3.410           -11.441    -266.273     559.825                   0.000         39          22         136     S_000002_000
SCORE:  -113.244   -433.962    108.333           3.493         43.812                   21.048   -189.451         25.102             32.530            -3.410           -11.441    -268.240     558.942                   0.000         39          23         136     S_000002_000
SCORE:  -113.631   -433.847    109.152           3.566         43.869                   21.660   -188.920         25.378             32.261            -3.701           -11.441    -275.343     563.736                   0.000         40          22         135     S_000002_000
SCORE:  -110.648   -435.070    108.148           3.490         44.936                   21.541   -189.929         25.280             33.003            -3.410           -11.441    -266.273     559.078                   0.000         39          22         136     S_000002_000
SCORE:  -112.113   -434.717    109.018           3.533         44.926                   21.654   -191.479         25.126             32.298            -3.410           -11.441    -266.273     558.653                   0.000         39          22         136     S_000002_000
SCORE:  -109.485   -434.799    109.682           3.495         45.135                   21.507   -191.919         25.270             32.221            -3.410           -11.441    -266.273     561.048                   0.000         39          22         135     S_000002_000
SCORE:  -114.464   -435.981    108.505           3.518         44.572                   21.922   -190.604         25.174             32.173            -3.410           -11.441    -268.702     559.812                   0.000         39          23         136     S_000002_000
SCORE:  -115.513   -434.814    108.588           3.491         43.560                   21.497   -191.486         25.277             32.490            -3.410           -11.441    -270.014     560.748                   0.000         39          22         136     S_000003_000
SCORE:  -114.164   -433.054    107.819           3.487         44.854                   21.738   -189.313         25.714             32.575            -3.410           -11.441    -273.494     560.361                   0.000         39          23         134     S_000003_000
SCORE:  -114.433   -432.538    109.477           3.506         43.815                   21.449   -189.978         25.073             32.488            -3.410           -15.281    -271.106     562.074                   0.000         39          22         135     S_000003_000
SCORE:  -117.277   -435.947    108.550           3.511         44.579                   21.689   -191.916         25.094             32.120            -3.410           -11.441    -268.840     558.734                   0.000         39          23         136     S_000003_000
SCORE:  -109.562   -435.276    114.265           3.536         43.870                   21.466   -189.865         25.222             32.686            -3.410           -11.441    -271.180     560.566                   0.000         40          22         136     S_000003_000
SCORE:  -111.167   -433.398    108.642           3.514         43.938                   21.832   -189.753         25.669             32.449            -3.410           -11.441    -272.116     562.909                   0.000         39          22         134     S_000003_000
SCORE:  -115.842   -434.670    108.384           3.498         44.341                   21.327   -190.887         25.007             32.306            -3.410           -11.441    -269.455     559.159                   0.000         39          23         136     S_000003_000
SCORE:  -111.768   -432.975    107.865           3.535         44.153                   21.315   -190.546         25.027             32.153            -3.410           -11.441    -266.273     558.830                   0.000         39          23         135     S_000004_000
SCORE:  -120.583   -437.201    108.968           3.506         44.179                   21.520   -190.138         25.242             32.645            -3.410           -15.052    -271.342     560.502                   0.000         39          23         137     S_000004_000
SCORE:  -108.797   -433.802    108.620           3.514         43.557                   21.496   -190.444         28.540             32.794            -3.410           -15.936    -266.273     562.547                   0.000         39          22         136     S_000004_000
SCORE:  -108.405   -431.136    108.823           3.511         44.063                   21.790   -188.143         25.201             32.662            -3.410           -11.441    -273.302     562.978                   0.000         39          22         134     S_000002_000
SCORE:  -113.371   -434.744    108.228           3.503         44.316                   21.673   -190.596         25.074             32.435            -3.410           -11.441    -266.273     557.864                   0.000         39          22         136     S_000002_000
SCORE:  -115.094   -435.504    108.583           3.590         44.454                   21.217   -191.633         25.023             32.424            -3.410           -11.441    -268.775     560.380                   0.000         39          23         136     S_000002_000
SCORE:  -111.247   -435.574    109.429           3.497         43.878                   21.436   -189.322         25.186             32.637            -3.410           -11.441    -271.071     563.510                   0.000         40          22         136     S_000003_000
SCORE:  -112.159   -435.679    110.526           3.587         43.708                   21.769   -191.040         25.371             32.373            -3.410           -11.441    -270.829     562.907                   0.000         39          23         137     S_000004_000
SCORE:  -114.117   -434.605    109.273           3.819         43.962                   21.743   -189.112         25.288             32.278            -3.410           -11.441    -276.168     564.256                   0.000         40          22         136     S_000003_000
SCORE:  -118.141   -434.688    109.306           3.498         43.780                   21.873   -191.600         25.191             32.274            -3.410           -11.441    -276.413     563.490                   0.000         39          23         136     S_000005_000
SCORE:  -116.489   -432.861    108.548           3.497         43.776                   21.992   -189.829         25.182             32.691            -3.410           -11.441    -276.237     561.602                   0.000         39          22         135     S_000003_000
SCORE:  -110.054   -435.172    109.810           3.519         43.972                   21.524   -189.635         25.576             32.441            -3.558           -11.441    -269.273     562.186                   0.000         39          22         135     S_000003_000
SCORE:   -34.163   -435.149    189.697           3.548         44.045                   21.590   -189.586         25.808             32.870            -3.410           -11.441    -276.287     564.153                   0.000         40          22         136     S_000003_000
SCORE:  -108.453   -434.239    111.090           3.490         43.558                   21.485   -190.488         25.237             32.431            -3.541           -11.441    -266.273     560.238                   0.000         39          22         136     S_000003_000
SCORE:  -111.743   -434.889    109.283           3.505         43.694                   21.495   -190.423         25.163             32.392            -3.410           -11.441    -266.273     559.162                   0.000         40          23         136     S_000005_000
SCORE:  -120.334   -437.293    108.902           3.548         45.527                   21.656   -192.776         25.379             32.311            -3.410           -16.314    -269.013     561.150                   0.000         39          23         136     S_000004_000
SCORE:  -115.651   -434.708    109.960           3.511         43.956                   21.723   -191.144         25.894             33.134            -3.410           -11.441    -276.272     563.146                   0.000         39          23         135     S_000003_000
SCORE:  -115.357   -433.465    108.212           3.518         43.993                   21.421   -190.081         25.328             32.250            -3.747           -16.416    -266.273     559.903                   0.000         39          22         135     S_000003_000
SCORE:  -108.066   -433.380    109.280           3.489         43.851                   21.541   -190.089         25.476             32.274            -3.410           -11.441    -266.273     560.615                   0.000         39          22         136     S_000005_000
SCORE:  -117.275   -431.989    108.820           3.489         44.292                   21.405   -188.832         25.846             32.234            -3.410           -11.441    -279.328     561.639                   0.000         39          22         135     S_000006_000
SCORE:  -114.701   -434.622    108.120           3.537         44.367                   21.520   -191.072         25.015             32.306            -3.410           -11.441    -269.454     560.434                   0.000         39          23         136     S_000005_000
SCORE:  -119.946   -435.676    108.304           3.494         44.272                   21.537   -192.134         25.115             32.481            -3.410           -11.441    -275.034     562.548                   0.000         39          23         136     S_000004_000
SCORE:  -107.159   -432.884    108.383           3.513         44.112                   21.320   -188.875         27.750             32.232            -3.410           -11.441    -266.273     558.415                   0.000         39          23         135     S_000004_000
SCORE:  -114.083   -435.856    109.308           3.504         43.762                   21.541   -192.211         25.122             32.295            -3.410           -11.441    -266.273     559.576                   0.000         39          22         136     S_000004_000
SCORE:  -115.297   -435.643    110.474           3.531         43.656                   21.505   -190.565         25.273             32.326            -3.410           -11.441    -271.242     560.239                   0.000         40          22         137     S_000006_000
SCORE:  -117.386   -433.368    107.774           3.487         44.208                   21.594   -190.117         25.126             32.581            -3.410           -11.441    -274.217     560.399                   0.000         39          23         135     S_000004_000
SCORE:  -112.023   -433.889    108.255           3.492         44.422                   21.780   -190.297         25.548             32.741            -3.410           -11.441    -266.273     557.048                   0.000         39          22         136     S_000004_000
SCORE:  -109.319   -434.433    110.674           3.502         43.568                   21.661   -188.960         25.141             33.109            -3.410           -11.441    -274.324     565.595                   0.000         40          22         135     S_000005_000
SCORE:  -118.841   -436.852    108.841           3.577         43.685                   21.443   -191.595         25.349             32.507            -3.410           -11.441    -273.759     562.814                   0.000         39          23         137     S_000005_000
SCORE:  -112.845   -435.621    108.958           3.596         44.463                   21.929   -191.956         25.230             32.261            -3.410           -11.441    -266.273     559.419                   0.000         39          23         136     S_000004_000
SCORE:  -116.887   -432.793    107.940           3.689         44.153                   21.302   -190.361         25.307             32.506            -3.410           -11.441    -274.111     560.332                   0.000         39          22         134     S_000005_000
SCORE:  -115.343   -434.672    108.226           3.490         44.234                   21.443   -189.271         24.954             32.281            -3.410           -11.441    -271.282     560.106                   0.000         39          22         135     S_000004_000
SCORE:  -115.996   -434.963    110.164           3.487         43.934                   21.575   -190.206         25.193             32.558            -3.410           -11.441    -276.039     563.151                   0.000         40          22         136     S_000006_000
SCORE:  -109.666   -434.807    108.900           3.703         44.091                   21.427   -190.444         25.442             32.562            -3.410           -11.441    -266.273     560.586                   0.000         39          22         136     S_000003_000
SCORE:  -105.701   -434.827    112.032           3.517         44.079                   21.900   -190.927         28.622             32.895            -3.410           -11.441    -269.256     561.117                   0.000         39          23         135     S_000004_000
SCORE:  -109.865   -434.568    109.083           3.559         43.792                   21.519   -189.690         25.476             32.341            -3.676           -11.441    -266.273     560.012                   0.000         40          22         136     S_000004_000
SCORE:  -115.111   -435.901    108.677           3.833         43.905                   21.681   -189.739         25.319             32.511            -3.873           -11.441    -275.787     565.704                   0.000         40          22         136     S_000005_000
SCORE:  -113.931   -434.744    108.474           3.487         43.943                   21.427   -191.305         24.973             32.271            -3.410           -11.441    -266.273     558.667                   0.000         39          23         136     S_000006_000
SCORE:  -114.515   -434.015    108.411           3.686         43.663                   21.674   -189.813         25.488             32.670            -3.410           -11.441    -271.125     559.696                   0.000         40          22         136     S_000007_000
SCORE:  -110.672   -437.174    109.010           3.535         43.435                   21.552   -189.909         28.303             32.616            -3.668           -11.441    -271.104     564.173                   0.000         40          22         137     S_000005_000
SCORE:  -112.016   -433.316    108.229           3.484         43.958                   21.629   -189.640         25.192             32.477            -3.410           -11.441    -269.233     560.054                   0.000         39          23         135     S_000005_000
SCORE:  -114.213   -434.219    108.330           3.513         43.929                   21.814   -190.536         25.059             32.286            -3.410           -11.441    -270.599     561.063                   0.000         39          23         136     S_000006_000
SCORE:  -114.641   -435.360    108.498           3.614         44.336                   21.708   -191.142         25.101             32.367            -3.410           -11.441    -270.862     561.950                   0.000         39          23         135     S_000005_000
SCORE:  -112.283   -434.909    109.912           3.499         43.624                   21.418   -190.054         25.368             32.581            -3.661           -11.441    -270.675     562.055                   0.000         40          22         136     S_000006_000
SCORE:  -116.475   -435.340    108.645           3.701         43.674                   21.421   -189.947         25.236             32.244            -3.410           -11.441    -275.517     564.260                   0.000         40          22         136     S_000007_000
SCORE:  -113.727   -434.626    108.137           3.482         44.331                   21.364   -190.504         25.002             32.378            -3.410           -11.441    -268.358     559.919                   0.000         39          23         135     S_000008_000
SCORE:  -109.586   -434.483    109.882           3.485         44.572                   21.959   -191.410         25.377             32.371            -3.410           -11.441    -266.273     559.784                   0.000         39          22         135     S_000004_000
SCORE:  -110.938   -434.710    110.606           3.535         44.234                   21.679   -191.950         25.864             32.297            -3.410           -11.441    -266.273     558.632                   0.000         39          22         134     S_000006_000
SCORE:  -119.021   -433.503    108.399           3.544         43.757                   21.835   -190.869         25.396             32.245            -3.410           -11.441    -275.543     560.570                   0.000         39          22         135     S_000005_000
SCORE:  -119.739   -435.147    108.535           3.500         44.274                   21.910   -190.586         25.325             32.326            -3.410           -11.441    -275.980     560.957                   0.000         40          22         137     S_000006_000
SCORE:  -110.225   -433.312    109.239           3.562         43.707                   21.856   -190.707         25.535             32.551            -3.410           -11.441    -266.273     558.469                   0.000         39          22         135     S_000007_000
SCORE:  -114.409   -435.566    110.072           3.523         43.568                   21.550   -190.792         25.463             32.366            -3.410           -11.441    -271.103     561.361                   0.000         40          22         136     S_000006_000
SCORE:  -120.638   -435.663    108.290           3.505         44.261                   21.614   -191.262         25.208             32.330            -3.410           -11.441    -275.701     561.631                   0.000         39          23         137     S_000007_000
SCORE:  -115.610   -435.157    109.074           3.711         43.511                   21.473   -190.187         25.262             32.301            -3.751           -11.441    -271.115     560.708                   0.000         40          22         136     S_000008_000
SCORE:  -111.954   -435.269    108.526           3.486         44.332                   21.879   -190.781         25.220             32.279            -3.410           -11.441    -266.273     559.499                   0.000         39          23         136     S_000005_000
SCORE:  -116.108   -434.824    109.879           3.499         43.953                   21.568   -190.367         25.189             32.572            -3.410           -11.441    -275.952     563.227                   0.000         40          22         136     S_000007_000
SCORE:   -95.962   -436.441    123.585           3.502         43.824                   21.784   -188.169         25.381             32.835            -3.410           -11.441    -271.013     563.601                   0.000         39          23         137     S_000006_000
SCORE:  -111.902   -432.393    110.992           3.564         44.182                   21.617   -191.194         25.283             32.378            -3.410           -11.441    -270.876     559.397                   0.000         39          23         134     S_000008_000
SCORE:  -115.847   -436.046    109.548           3.579         43.788                   21.898   -190.333         26.021             32.900            -3.410           -11.441    -276.217     563.866                   0.000         40          22         138     S_000008_000
SCORE:  -119.002   -436.935    108.591           3.513         45.505                   21.432   -191.988         25.402             32.364            -3.410           -16.341    -266.273     559.137                   0.000         39          22         137     S_000006_000
