A -162.554 -162.563 0.009
C -161.091 -162.563 1.472
D -158.372 -162.563 4.191
E -158.261 -162.563 4.303
F -160.663 -162.563 1.9
G -160.811 -162.563 1.752
H -160.568 -162.563 1.995
I -164.971 -162.563 -2.407
K -160.307 -162.563 2.256
L -164.571 -162.563 -2.007
M -164.017 -162.563 -1.453
N -160.205 -162.563 2.359
P 31.779 -162.563 194.342
Q -160.856 -162.563 1.708
R -160.807 -162.563 1.757
S -161.683 -162.563 0.88
T -162.829 -162.563 -0.265
V -164.613 -162.563 -2.05
W -154.987 -162.563 7.576
Y -158.925 -162.563 3.639
