	-4	-3	-2	-1	0
W	0.00288250702056779	0.0234774577836390	0.000229603989187121	0.0042535938280448	8.6487640407019e-16
F	0.0193287813541247	0.457352657454069	6.23115687041281e-05	0.237483120604181	0.94555222436607
Y	0.0445997872899634	0.335188402440903	4.45889636004786e-05	0.0487271824471038	0.0543872679377116
M	0.00558939898226611	0.0160270351881637	0.00940042913657532	0.00237650354601366	1.96187618924553e-07
L	0.0333289547890834	0.00483801609033055	0.00219401317646952	0.0005099071668161	2.40168609158621e-05
I	0.00172369009958238	0.00018058429209234	0.000945961801249796	0.000384167960595806	4.36876989702202e-06
V	0.00053716608909559	0.000710056718389307	0.00137640589732649	0.000539595802512481	2.16394669737809e-06
A	0.0165549529270644	0.00979498515628527	0.0154974363250436	0.00473402907849298	8.46831131655987e-07
G	0.00144073705487878	0.000196247498412015	0.000925357673094576	0.000636500732129885	6.47408859266801e-08
S	0.008070587555711	0.0119995648096363	0.0585002303503172	0.00521431093698639	2.33017574926525e-07
T	0.0118299392374151	0.000670876098094614	0.00171271453727986	0.00293966998085668	6.71135064875012e-07
R	0.0328147508226824	0.0530336745582612	0.190996973729768	0.00335945778284324	2.3924913240069e-11
K	0.129258969176608	0.0515229705096177	0.00673929160371288	0.00665088076966829	1.68048770005974e-09
H	0.00768618088437288	0.00300347642471506	0.000274876659010186	0.0467066728540935	2.68074477559579e-05
N	0.080065704430768	0.00372978394216161	9.53343740257384e-05	0.108701544939768	1.4376380881198e-08
Q	0.101299821330807	0.0128703327176210	0.090290466685925	0.00784163836383999	4.20877197151647e-08
D	0.258104915962415	0.00129981700346006	0.0170166519711630	0.513236041659955	5.95936663395656e-08
E	0.244883154992595	0.0141040613141482	0.603697351557548	0.00570458055460353	1.02099649569606e-06
P	3.08293276860909e-115	1.09548416977449e-72	9.1010994929363e-155	6.00991495540979e-07	3.32061005995195e-178
C	0	0	0	0	0
