	-4	-3	-2	-1	0
W	0.152582497449093	7.00761173318775e-51	0.000380680153666305	0.000500688553069611	0.000217508821910801
F	0.0959771821993748	1.37007258761424e-08	0.000181401730770851	0.00157058286417463	0.00263991091111051
Y	0.0382095212690107	2.88356542001689e-13	0.000512096412763728	0.00145265420266634	0.176824300645386
M	0.0178008421716940	0.0111112125463200	0.00195069531654699	0.114115453341812	0.0452310884670607
L	0.396589899568947	0.000528555500010053	0.000324538948118847	0.0054198490208134	0.710129357849375
I	0.0131714643248530	0.000145040599189128	2.02066468072074e-05	0.0174179659506349	0.0406813761559598
V	0.0665333317270952	2.26069342020295e-06	3.92467511957288e-05	0.0085670211841124	0.0067397142291195
A	0.0399728475607384	5.67540171609117e-05	0.00555557471677203	0.00690696292749523	0.00051995483487032
G	0.00492586349012258	1.797014490728e-06	0.169080645912445	0.000764530135721	0.000414136313063967
S	0.015299687288117	2.89706487384000e-06	0.071259640588258	0.0298533904629697	0.000235565477268067
T	0.0279770669388772	1.72402425434471e-06	0.0770938383598175	0.618990520012846	0.00346305696203136
R	0.0239041304964892	0.00908499418164973	0.0007352390633332	0.0724896537175509	0.000322296440563165
K	0.0158098395687728	0.97240445747009	0.000129115630157781	0.0307528282435855	0.000357308084120385
H	0.00295324313504181	1.42717887583605e-06	0.000230027325335072	0.0219336013361495	0.000209345107277421
N	0.0107433083733019	1.54680525089962e-05	0.00152938389182439	0.00119202904827094	6.8737147691642e-05
Q	0.0310358782547311	0.0059997426544882	0.00178837657123592	0.0378842466403672	0.00147091782191094
D	0.0307233247042908	8.13906897640936e-05	0.636603517184135	0.000484928050033348	0.000103665088471324
E	0.0155493869159209	0.000562264611890806	0.0325857747968157	0.0297030943077274	0.0103717596428096
P	0.000240684563529194	9.8511860662362e-217	1.00587489592106e-134	1.84611122633998e-44	1.57795428427826e-95
C	0	0	0	0	0
