	-4	-3	-2	-1	0
W	0.80346778133466	0.00540462744927262	0.00400276674596973	0.957853139241326	0
F	0.0197075649443076	0.00240559728348468	0.0229354866947411	0.0286083941725938	8.948737759449e-307
Y	0.00905710141683084	0.00474851303335802	0.0484770369756474	0.00860084018385084	0
M	0.00827283828425882	0.00173588437093822	0.00742397880548336	0.000126032211993331	4.71053897447178e-18
L	0.00246278961904123	5.25982701465435e-07	0.00248933999759448	6.44149741891099e-05	9.58736110396628e-19
I	0.00106754415041257	2.5217488624478e-05	0.0118009954784910	5.35682659661094e-05	0.000340865413122335
V	0.00201595734367276	0.000138251976709565	0.0112377118900399	8.27333308828625e-05	0.995508229944865
A	0.00116684330346955	0.0561298579229984	0.00164620077435732	2.32625610538048e-05	0.00133103533481119
G	0.000593583107616219	0.000780202970561824	5.67378320594545e-05	5.97407983481723e-07	0.000102921213738333
S	0.00910012711487396	0.433751630752027	0.00251306796344396	2.43376063507867e-05	0.000176728020205657
T	0.0110137515081161	0.0245427890393061	0.790908496523931	0.000116611595833681	0.00248128238966019
R	0.0765485306559288	0.0192503403915908	0.0118081958854435	0.00216911806112421	5.89549285499169e-32
K	0.00395299317535738	0.00987521862789912	0.00245120417340358	0.000430852961215052	3.81132400351764e-25
H	0.010038176629361	0.001291668947197	0.00914345080621383	0.00167065532178827	3.77211588151469e-43
N	0.00169021773990758	0.177743358094363	0.00104296026197599	6.46969943552622e-05	2.79577907020885e-07
Q	0.0168924628691927	0.00286039415009500	0.0331570473339448	8.78139675746981e-05	3.12038146299111e-08
D	0.0195874715450760	0.156791440668529	0.00715398876721688	1.67864068036053e-05	5.43391984724191e-05
E	0.00336426525742985	0.102524480843879	0.0317513330900428	6.11297357212402e-06	4.28770340313633e-06
P	4.8654423399341e-13	6.46452979458047e-12	5.3409200433618e-116	3.17615434228466e-08	1.33495176184272e-73
C	0	0	0	0	0
