	-4	-3	-2	-1	0
W	0.64837247098977	4.49236641148681e-05	0.00452053054078703	0.953473455830143	0
F	0.00881948271181613	3.01078472389542e-05	0.00131646314359997	0.0347161099397689	9.8356239289001e-255
Y	0.0352914522277315	4.29057891997671e-06	0.0143996063981102	0.00682694991969043	0
M	0.0486003941713405	1.62662426079264e-05	0.00349956813409646	0.000111267750455572	2.18453417451859e-16
L	0.000659767067547933	2.29562471505046e-08	0.00552091315107312	7.90629617787684e-05	2.91547237442651e-16
I	0.000286660784320479	1.4411925581111e-06	0.0130185860115448	3.78838770657546e-05	0.000172168504368728
V	0.00166196160848135	6.89327165485705e-07	0.00480186898463573	5.48184804827501e-05	0.99798667970866
A	0.00388299745990318	2.08168127828908e-05	0.000322178233473495	1.73849752310021e-05	0.000783511824267213
G	0.000461732983965914	4.07909136494954e-06	9.31960894394936e-06	1.05317478065071e-06	2.78740185022207e-05
S	0.123988265000824	0.000294647099870882	0.00267878383836241	1.70849059644898e-05	3.76951925554412e-05
T	0.00194404668506393	2.45948294439214e-05	0.827133968989406	0.000281819347179564	0.000986407518045698
R	0.0503508414894869	4.28459648715957e-05	0.02267617586712	0.00186263211823398	6.10046414792497e-29
K	0.0164061521735652	1.15376779868388e-06	0.00511762135139122	0.000260826797143252	2.74278800422483e-28
H	0.00428974827928294	4.69264586944757e-06	0.00181470375254701	0.00185102786686449	6.86963105097851e-36
N	0.00564601554101475	9.53149838349564e-05	0.0060475653015364	4.21505233057765e-05	3.18013984919205e-07
Q	0.0189304787262864	2.66124799225398e-05	0.0196050564157802	0.000294340625550341	4.86630023172757e-09
D	0.0286126255852371	0.0112577704769001	0.00211105361405495	1.50394945332139e-05	4.69573069377843e-06
E	0.00179490651436172	0.988129730038486	0.0654060366635367	5.70168888836007e-05	6.44622620565653e-07
P	3.59968373622712e-19	1.15881621694776e-15	1.04219114072149e-141	7.4522944530533e-08	2.45336428320371e-85
C	0	0	0	0	0
