	-4	-3	-2	-1	0
W	0.0785422468822055	7.85824203454783e-06	0.0153094224129269	0.173615061428712	0
F	0.0451388743348523	8.4450300431909e-06	0.102075460915845	0.312250940001438	1.22453095912561e-89
Y	0.0988903498032692	3.88998770065225e-05	0.153756272337271	0.118021437731370	8.12688508056228e-97
M	0.0592012962569865	0.00382839718431159	0.0474561378919341	0.00671570718483377	4.56506855180607e-05
L	0.0337053365751217	3.33250255493234e-21	0.0101643179394446	0.0111469614218364	2.72277644841008e-10
I	0.0153306864991240	3.10060448147136e-06	0.0153549844224966	0.000242204154375608	0.146460916844719
V	0.0143385355556310	0.000118534120596599	0.0232722957115124	0.000420706726170018	0.7486166613009
A	0.0142934349895779	0.310465500470282	0.0402037586652328	0.00225006814763586	0.0458832005105953
G	0.00496675893389193	0.0267451367999871	0.0160653630337613	0.000852712112748557	0.00629934130525185
S	0.0384203262385445	0.127075641754588	0.0658605047214747	0.00250956765431229	0.0114835895257396
T	0.0390309716821184	0.00393000911557195	0.0276859127517941	0.000332043828784136	0.0270946699090344
R	0.162565246997648	0.00356887259037998	0.216726522661699	0.0312374080640281	8.89259745390565e-07
K	0.0473307182337666	0.0135688752221255	0.0207812440428281	0.0151476386533315	9.1732312706815e-07
H	0.0300090451638338	7.31827801562301e-05	0.0307302339297249	0.261127279857549	1.19412873490325e-20
N	0.0342482251462976	0.00372166932525672	0.0212715518936638	0.0140301581793588	0.000468733205904561
Q	0.0382162101628293	0.0348496690723311	0.0698551014914947	0.0240131685302617	0.000277628661132757
D	0.130128523385922	0.0745137108565938	0.0154643802065721	0.00860630628572067	0.00489580791535721
E	0.115643213158379	0.397482317828519	0.107966534970324	0.0173015581062779	0.00847199328069645
P	6.6109467565693e-16	1.79125734520988e-07	2.09479290614972e-76	0.000179071931254544	2.51185330634356e-42
C	0	0	0	0	0
