	-4	-3	-2	-1	0
W	0.124337201440706	4.69797507930218e-05	0.000260071685600896	0.935068391080095	0
F	0.228675946305784	3.80328607923514e-06	0.000523176297962155	0.0497382779808553	2.9063899286151e-183
Y	0.109442229926351	4.36962031446803e-05	0.00139855849183688	0.00503260481530754	5.03675883750193e-297
M	0.0330559974044217	2.89747653169847e-05	0.000444011688052862	0.000161577637966052	1.39524489802671e-06
L	0.0165881321185753	2.06542756864364e-09	0.000449848963566677	0.00118400967443022	1.43458836760882e-16
I	0.00257089178824118	3.43818243783738e-06	0.00223202623390051	0.000109271552758217	0.0222718659965271
V	0.00191086205129143	2.86526427345426e-06	0.00171552178520602	4.53842141962132e-05	0.965161846925744
A	0.0162463303547841	0.000893468429241286	0.000449784832200751	8.01275267360229e-06	0.00325036264769759
G	0.00136631940810980	2.75726114767645e-05	6.93031857484142e-06	1.79346104993009e-06	9.04577825662018e-05
S	0.115343897582559	0.000627796062700004	0.00540790479080706	3.52073746395425e-05	0.000179167980576867
T	0.0269586157425079	0.000504854679980227	0.786949639879677	0.00020629967277951	0.00877536273957123
R	0.121131230387099	0.000639666567144287	0.0268639717300253	0.00142057868229072	5.2523401492484e-10
K	0.0558513295786181	4.10770695763469e-05	0.00122002999227399	0.000561863854463467	5.39856149342079e-11
H	0.000680766726102292	2.48993805368507e-06	0.00485564462943317	0.00554236963015464	1.94770798063208e-35
N	0.041269275459922	0.00138310089693524	0.00163625397824489	8.0063045696482e-05	7.44754905539782e-07
Q	0.0124653994057191	0.00156538546300261	0.0225546018395386	0.000558312338868546	2.03501377829648e-07
D	0.0655086756327924	0.0768761484704114	0.00785789055457013	0.000209579185641570	0.000197691332926822
E	0.0265968986864127	0.917308680293934	0.135174132308528	3.63288216740370e-05	7.09005139885472e-05
P	1.66750782244349e-15	7.16032006532119e-14	1.72780681245206e-124	7.42244591025755e-08	2.30338346187937e-79
C	0	0	0	0	0
