	-4	-3	-2	-1	0
W	0.479620241905747	0.00757323826662727	0.0170101120404145	0.048743123079304	0
F	0.162357984037571	0.0264083977023982	0.0738373880755357	0.0740851249989684	2.28739727617772e-270
Y	0.0690701963208935	0.00981691669559973	0.0302891365381618	0.0190552874238328	0
M	0.0241378925769734	0.0122716933603947	0.0179748883022122	0.00143483517821835	4.50627185273745e-10
L	0.0132539602687359	0.00137355255250984	0.0338333991929918	0.00659009499032855	5.77375342432668e-17
I	0.0139978974214254	0.000136633487356559	0.0918614657422675	0.000243642014947211	0.158862864016003
V	0.00674964639634441	0.00683789359897986	0.0383755420119180	0.000489907377604058	0.816882035707213
A	0.00857035039913746	0.126620834839357	0.00958039561664373	0.00182570685605197	0.00638977912570326
G	0.00358873824310177	0.0152973941049207	0.00174871014788858	0.000547624228413584	0.000474643275151472
S	0.0216625618784969	0.0250591489971557	0.0057528598810102	0.00293266844072091	0.000855773039528527
T	0.0298626977462333	0.048661529180058	0.0312947624274168	0.00151521947662455	0.0151130070985330
R	0.0653656577323675	0.0172991789202110	0.238436424735531	0.4099397098198	4.29448097948409e-16
K	0.0249724102979965	0.0592873592296004	0.0684583860739442	0.267590390535263	1.10307234682226e-07
H	0.0114116594772917	0.0137506018431217	0.0171920304419889	0.120596378903977	7.55559837893247e-25
N	0.0102578875227308	0.0112808214659443	0.0238222270333016	0.0101925968177566	1.68954766570774e-05
Q	0.0148600378803390	0.0591118103718301	0.0641785432012035	0.0232202688715191	7.69245517835542e-05
D	0.0120801144997749	0.0493900147180851	0.0182932534435374	0.00497442839452655	0.000365636379059588
E	0.02818006539484	0.50982298066585	0.218060475094032	0.00595916775520429	0.0009623305725045
P	1.71350670359898e-27	9.92748968841808e-21	5.85736235461227e-73	6.38248369389908e-05	1.57417672771134e-56
C	0	0	0	0	0
