	-4	-3	-2	-1	0
W	0.188869993390374	2.28540175932013e-05	0.00319902237608258	0.991960853620752	0
F	0.378114804832806	1.94128095122536e-05	0.00534022642868954	0.00266533523833573	4.74920490825803e-205
Y	0.0470304821112453	0.000184080522013322	0.0133548065793261	0.00385046455978029	0
M	0.020228228320628	0.000562066562028571	0.00377424811200015	0.000263459143797343	1.80825041949554e-10
L	0.00423863319053898	1.05144299446311e-07	0.00442199285005342	5.01092049254788e-05	2.80680638385885e-14
I	0.00849788249607012	2.02636558828383e-07	0.0148536356341489	1.95131133225845e-05	0.00755095158070131
V	0.00508036081359064	1.25342109084339e-05	0.0051053358055067	5.38800729890127e-05	0.99021174681779
A	0.0128627205564067	0.00648836798023355	0.000664253955304032	4.21748588419578e-06	0.000771235974562424
G	0.00347371803055353	0.000440230379289747	3.80002748773761e-06	4.39576017610218e-07	3.16680293296164e-05
S	0.0826337201567153	0.00970905167977006	0.00181723544577210	4.61844135925976e-06	0.000147583265733425
T	0.0120323309144472	0.00533110344529721	0.854901135022738	1.23218541711697e-05	0.00126754277507701
R	0.0681783903458607	8.96539453398251e-05	0.0159750840778243	0.000173549661432314	5.33776106782089e-22
K	0.0300657407947098	9.99049766807627e-05	0.00197620614329909	0.0002384521716349	1.03290829710173e-31
H	0.0040905482859079	0.00130027107691106	0.00413661417781736	0.000387205238230980	4.34279304902566e-38
N	0.00680268946146236	0.00515086084947583	0.00129507783092019	3.50902850206502e-05	2.44981606415095e-07
Q	0.047466170572495	0.000772633739062035	0.0119653957461798	0.000260296891335614	5.36321233538855e-09
D	0.0558408356130979	0.907409682818634	0.00903640863882107	8.76007354025263e-06	1.60732549133452e-05
E	0.0244927501130899	0.0624069832063908	0.0481795211480292	1.14235173160144e-05	2.94777622110289e-06
P	1.19014662163343e-18	1.14750360097513e-15	2.23281440758503e-112	9.85015417074066e-09	1.01918082540361e-91
C	0	0	0	0	0
