	-4	-3	-2	-1	0
W	0.136098771237266	0.000303956029220799	0.0322686550955281	0.152692736657097	0
F	0.0620384449467638	0.000110860319315627	0.119105705843296	0.0924310734929391	2.25499291768942e-116
Y	0.0851295399977251	0.000100756134605237	0.507009390320412	0.0394762184395989	2.00652794178453e-215
M	0.0434753498636374	0.000412370608084391	0.0125407651999122	0.00324410575602775	3.05722004717073e-08
L	0.0143034611910677	1.37955458024687e-06	0.00190430014992282	0.00452047945977422	7.40236911231519e-11
I	0.00430014737306018	0.000227717201047285	0.00480358328758902	0.000190791517481976	0.135356962942600
V	0.00903228456731726	0.00180379796735061	0.0288103415873601	0.000103250930085830	0.841389282350139
A	0.0180763553060717	0.113251362326918	0.00997067721621919	0.000979550467099335	0.00567745743684094
G	0.00589883860222103	0.323906392364606	0.000993649700278687	0.00100082775381778	0.000644282207902645
S	0.0360560412143428	0.366145610257382	0.00415824532749625	0.00444373353384513	0.00224147527999197
T	0.0331122372860562	0.00746977261572081	0.0192689684344894	0.000890681321637542	0.0121702496198375
R	0.148872682522029	0.0131402716776553	0.0459230132928941	0.405906330194288	5.94848507366294e-15
K	0.170555885310453	0.00464207327609697	0.0132246513329576	0.129534096475197	7.36365426861165e-09
H	0.0352351794069483	0.000404499800228136	0.044940881928063	0.124520124518016	4.51015177958758e-22
N	0.0367228109039275	0.0159066373451432	0.00794755936341428	0.0087672956407806	5.59728540918436e-05
Q	0.0495936223341801	0.0284016200087802	0.0436400178109662	0.0148002632693578	8.03115834875319e-05
D	0.0688144343602054	0.0338557345118052	0.0109150910249126	0.0114908005111994	0.000988202005468688
E	0.0426839135767263	0.08991412682906	0.0925745030842887	0.00494655624590274	0.00139576570975636
P	4.05508227182064e-17	1.06117239888041e-06	4.18440521036376e-76	6.1083815854293e-05	1.65424815014050e-44
C	0	0	0	0	0
