	-4	-3	-2	-1	0
W	0.712654722031739	0.169345102762363	0.0115349088353474	0.0265270600288049	0
F	0.0136936228316027	0.161929398606613	0.0788928396543898	0.893943822641495	1.74313504854263e-294
Y	0.0135851731442207	0.063146136807637	0.0719374988840131	0.0343487911280052	0
M	0.041901827231798	0.0436348981623681	0.0341175091507819	0.00113020308635768	1.34363222222567e-14
L	0.00487224278670277	0.0158455580127544	0.0696800592272517	0.00305153117074278	6.63545695115354e-07
I	0.00345680262089633	0.000612794367518822	0.408724193549936	7.68539668261116e-05	0.00976618732325448
V	0.00474556759128499	0.00703014366267644	0.0414743409681926	3.55605046756162e-05	0.967867339477594
A	0.0123444727782492	0.103739587179889	0.00443958468100279	9.83373991360134e-05	0.0063564904096895
G	0.00185770761930747	0.00617449709957243	0.00172801028213514	4.27569758124292e-05	0.000833504210531772
S	0.00900940347797012	0.060186806364978	0.00870013157293267	0.000168317793460151	0.00118756385998322
T	0.00956920863990073	0.0324304152087741	0.0274534438484105	5.51530419251287e-05	0.0134607424326455
R	0.0761458432843607	0.0637451312161654	0.0258149945875424	0.0069035776781065	1.80106284585909e-20
K	0.0323960006000866	0.117409758738517	0.0341166571250392	0.00100946389851522	1.88813805088143e-23
H	0.00532040014366426	0.00452046426120537	0.0170688556360904	0.0216443979250073	2.40207546779465e-36
N	0.00421779602373298	0.0196776345227573	0.0116019369118471	0.000115744195001737	9.33568679184936e-05
Q	0.0269456272689574	0.0391585617499131	0.063557992352608	0.000832837298570492	4.09740505712824e-07
D	0.0106168073884047	0.0107229656604152	0.0148170051939028	0.00291772695019778	0.000408942691737566
E	0.0166667745371212	0.0806901009572631	0.0743400375385762	0.00708376829251635	2.47994404313560e-05
P	5.98610602090029e-16	4.46586198506536e-08	9.10748243679998e-74	1.40960248432978e-05	2.63739536500225e-69
C	0	0	0	0	0
