	-4	-3	-2	-1	0
W	0.548964804182576	0.000210709365100919	0.00275746904767533	0.995963916157457	0
F	0.0448234069361818	0.0009218482053814	0.0242777927652655	0.00241728434248228	2.14486408842611e-139
Y	0.00443716974614283	4.21331226017465e-05	0.00066221362544898	0.00069111535240691	1.22769444477695e-199
M	0.0169397951115371	0.00065717402751169	0.00358308274163092	1.50135528854955e-05	1.11554746639022e-11
L	0.00317189824920929	9.65989799988415e-06	0.00235152836825874	1.56364365386003e-05	4.61155979966364e-16
I	0.0055114993965738	4.74228925146706e-05	0.0231416164750294	1.33988921756736e-05	0.000293437813765657
V	0.00330590668746044	9.97126284370314e-06	0.00843137582411024	2.13179277696371e-05	0.997570164632957
A	0.0112037334691547	0.000366516828351217	0.00115527858545784	9.42922815775538e-06	0.00097202423989992
G	0.000914570154510382	4.80202379798729e-06	3.57575794151245e-06	4.56001835593503e-07	6.26698353996404e-05
S	0.0607885986030301	0.000274915492384452	0.00272478811500356	3.94113686356505e-05	8.700503633685e-05
T	0.0179008871914973	0.000158246211832279	0.837016372914133	5.02536643288746e-05	0.000998723102001233
R	0.127856374736137	0.000218601695803394	0.0123907999206816	0.000584917059601701	1.82151304079616e-23
K	0.0304925516194755	8.15305929050741e-06	0.00245916265468331	3.52540607504845e-05	1.05818158802486e-16
H	0.0164249027111409	4.52195562538714e-05	0.00325193271034039	0.000104292316075619	2.68452436682853e-34
N	0.0435393552635155	5.42838660401737e-05	0.00214762906761895	1.63579463233865e-05	1.87704692270492e-07
Q	0.0124193943651413	0.000249461442334468	0.00843634788470142	1.31862964614790e-05	2.68275843987665e-09
D	0.0159575212221495	0.0197019058555992	0.00125119026773520	2.84014083895162e-06	1.50108784373617e-05
E	0.0353476303545665	0.977018975194358	0.0639578432742843	5.89195839894413e-06	7.7406259574472e-07
P	1.51556428610591e-27	5.13978845782486e-25	8.65397460782659e-118	2.72968762614233e-08	2.44940790816961e-77
C	0	0	0	0	0
