	-4	-3	-2	-1	0
W	0.113259561970365	4.60089845448503e-08	0.0112214841727064	0.914371530854988	0
F	0.208700646658266	7.96266210322585e-07	0.038808221340742	0.0760601762943519	9.60545939895863e-89
Y	0.12103027083998	1.01684964062136e-06	0.00860904048925676	0.00325481698032487	1.68653891633483e-140
M	0.0243660242632121	0.000113202486952069	0.0262991619333867	9.7981739746224e-05	1.81351194535973e-09
L	0.0122037940573061	1.68893629647824e-14	0.00198784755465052	0.000250323743338028	1.62684230326983e-18
I	0.00252314010928372	2.00740765884430e-08	0.00135105643446025	6.96509572396893e-05	7.38472529892392e-06
V	0.009897830372798	3.08865254807113e-06	0.00273021989241666	0.000102363782078167	0.831132931057412
A	0.00370953406490972	0.000143979743138964	0.00718629492634541	8.01417822800547e-06	0.155937887565410
G	0.000663301753743444	0.000112165261508292	0.000289688378650857	9.9479112408133e-07	0.00143777166738501
S	0.00756199696503615	0.00387452469616083	0.00845298616948197	5.69223616049271e-05	0.00318091138486408
T	0.0396467513846408	0.000109722806789811	0.270343337374236	0.000166183374916209	0.00815589719725989
R	0.253352100475474	5.77575348360993e-05	0.128586884181980	0.000334488919331567	2.74847479375398e-14
K	0.00300281545033565	0.000115502801929220	0.0697681176974369	0.000125098366387185	2.96516159923040e-08
H	0.00922194333835848	3.61559154016399e-05	0.129142533735509	0.00479594341735488	6.54042785172897e-29
N	0.0254139530188523	0.000340763724916085	0.0265971240221976	5.80409378623445e-05	4.43871985467809e-07
Q	0.0199889082834796	0.00111414218119366	0.0798104660591365	6.59440271980874e-05	8.61149843169236e-10
D	0.119092910773531	0.0028868029001316	0.0315479809112423	0.000126082873884672	0.000144155539128387
E	0.026364516220427	0.991090312095056	0.157267554726164	5.54321249135255e-05	2.58466495162499e-06
P	2.91468163377509e-32	5.08426384730142e-13	8.68277349545342e-128	1.02751278596876e-08	2.72024900327684e-77
C	0	0	0	0	0
