	-4	-3	-2	-1	0
W	0.764159972709446	2.55636749336093e-05	0.000150370278394976	0.90886380834975	0
F	0.0187408694171050	8.24827249923285e-05	0.00102231435136689	0.0518819863565597	0
Y	0.00805428997669489	0.000260200314183373	0.00927365657420053	0.00342751373907644	0
M	0.0116650399784302	0.000224316072280395	0.00904005902389742	0.000105345345992621	4.81354091791983e-31
L	0.000684963558674611	6.74595877407446e-15	0.0120735989336215	8.27086199720599e-05	2.21443409143009e-21
I	0.000891083706334646	1.58811709967713e-05	0.0189598558203948	7.49615486476565e-05	0.000322419450719696
V	0.000391700357860111	2.24995164494461e-05	0.00908987774575676	2.31299542319891e-05	0.987635154683943
A	0.00281935904560086	0.00353902360720887	0.000929038593817588	1.88622202692404e-06	0.00319635978065342
G	0.000686777453470324	0.000238788939182915	7.47969165584246e-06	2.09165714271229e-07	0.000175223921299223
S	0.00596734859345762	0.0113873829973085	0.00746088524788461	5.82480787714882e-06	0.00017709723184902
T	0.00542660146756287	0.00143382051135442	0.793027314920763	2.22525263486566e-05	0.00844992527399977
R	0.102419157364610	0.00392030905025641	0.0234373461512102	0.0307028178566067	2.35710940417275e-29
K	0.00898112667344202	0.000127147517811420	0.0189623262455066	0.000133021438006886	4.22168137060805e-35
H	0.00084080217122103	0.00038880730515968	0.00848502686835254	0.00446437996771384	1.23530511506666e-38
N	0.00548752729784614	0.00414991392128107	0.00171895255318154	4.89709797568413e-05	1.75579734300175e-07
Q	0.0356977072547082	0.00877658047771511	0.00459874026040359	3.98345678786733e-05	6.44929675725933e-09
D	0.0184580446013847	0.0358279953394939	0.0409227306733513	1.07203697478393e-05	3.49680955397998e-05
E	0.00862762837215076	0.929579286859363	0.0408404260662406	0.000110514560694366	8.66953296489972e-06
P	2.92337820012098e-16	2.23917843661518e-14	4.85995372042272e-108	1.13623397272159e-07	1.65578715636353e-82
C	0	0	0	0	0
