	-4	-3	-2	-1	0
W	0.373871056767830	9.08422460521154e-07	0.00591413630262978	0.998443851233394	0
F	0.0746885205247142	2.44868071194018e-07	0.00433188117441694	0.00116210583842306	1.126681347823e-150
Y	0.0221922570584904	7.31902585350801e-07	0.00496686117691814	9.1894967077862e-05	1.32718375231245e-299
M	0.00392353461079601	7.69749172008754e-06	0.00080970025080269	2.59604448332069e-05	6.05228924663217e-12
L	0.000755552536779913	2.97221704354903e-15	0.00134792415460562	9.08446580575758e-06	1.56477792709348e-16
I	0.00247662244947107	5.16802331839251e-07	0.0171956128537834	3.54459558149826e-06	0.000270515073391823
V	0.00475438054922513	1.97432144183072e-06	0.00110504508908603	7.26184909966843e-06	0.998172400299178
A	0.00338571005510061	8.42867568646602e-05	0.000801433158297918	4.41123643744892e-06	0.000989237169151097
G	0.000443104940099225	4.6055296246618e-05	3.20735170096923e-06	2.71545770010327e-07	3.24130915969979e-05
S	0.0100623835517930	0.000524403076263293	0.00383622720486530	3.35012610905878e-06	5.06796396087351e-05
T	0.0257709013205133	0.000348005650539153	0.916489296463212	5.14279912605186e-05	0.000452157905813075
R	0.382147370248811	4.65941363595585e-05	0.0158128143046149	0.000132914950789411	5.29070166232561e-28
K	0.00427993251087492	6.84027137742533e-06	0.00443010430372939	5.82226155232075e-06	4.90704842546315e-16
H	0.0034066136057131	9.02979408587465e-07	0.00228860660065367	3.85580541095682e-05	3.35679463877826e-31
N	0.00727350780568027	0.00124757914307163	0.000316813526548385	5.35647636274739e-06	1.67340514755105e-07
Q	0.0143533527502048	3.21544056894625e-05	0.0132253667106891	4.10011002165298e-06	5.30335647072773e-10
D	0.0628427800938745	0.0278889318734857	0.0025187076434304	3.09223694076002e-06	3.11140990449202e-05
E	0.00337241862002913	0.969762172594948	0.00460626173001578	6.98949952985008e-06	1.31484531177123e-06
P	2.33050917050685e-29	7.1317930136198e-12	1.10092506478338e-135	2.11690159387327e-09	5.89185377059054e-95
C	0	0	0	0	0
