	-4	-3	-2	-1	0
W	0.675411963332493	6.56729755766894e-05	0.0142445152071666	0.990139109030433	0
F	0.0682315692796635	0.000233828563618994	0.234590332455007	0.00448404830878971	9.15877567166672e-177
Y	0.00488640706389872	1.67835792772932e-05	0.0993330793946078	0.000438998557226403	8.4210845459273e-209
M	0.00346363341132664	0.000178994595004241	0.0128552072139801	5.82651122755778e-05	3.59520646263673e-11
L	0.0102130803085597	1.51528759758487e-10	0.0258247431374966	8.96134686498494e-05	2.17621463713844e-13
I	0.00451555184669743	3.55443966483326e-05	0.0384114606442851	2.02320673413828e-05	0.00047656942506362
V	0.00101016588643048	3.38929607651469e-06	0.0809431116290442	5.63381893175954e-05	0.996736428386985
A	0.00112717927022166	0.000385870967909617	0.00562992464714221	4.82617191844061e-06	0.00157720385697755
G	0.000569239621249064	0.000105363337648594	0.000158838257857788	1.35888925012848e-06	1.82483723892010e-05
S	0.00461170827650279	0.00366586405264714	0.00959055263555619	5.18145601326001e-06	8.02755256116105e-05
T	0.00966101178038675	0.00131468794135282	0.156015294754057	5.55418872128687e-05	0.00109201377339108
R	0.0787718533127015	0.000144164109136694	0.232150114980231	0.00310674417796844	3.61672548890718e-18
K	0.00707848563993805	8.15751423536618e-05	0.00492356830406993	0.000230375590807194	6.88083651471644e-18
H	0.00141779181648057	8.85238972868321e-05	0.00707302279126971	0.00067471425909163	6.34607368455508e-32
N	0.00270758437594313	0.00454833243871144	0.00181770192158535	1.72945232255346e-05	9.00230405276167e-08
Q	0.0237659990198101	0.000340974653866023	0.0306110440484456	0.000560651459439583	3.73374400281231e-10
D	0.0922646894839595	0.044104519816024	0.00613680928827202	2.444192929753e-05	1.05450326708831e-05
E	0.0102920862737380	0.944685910085332	0.0396906786899258	3.22606049318172e-05	8.62519432629262e-06
P	8.22667567866124e-20	3.94707312057435e-16	7.96046055862474e-126	4.31681000750911e-09	1.25996614275173e-73
C	0	0	0	0	0
