	-4	-3	-2	-1	0
W	0.110960417384374	0.00889330514109983	0.00749242424731783	0.0839495643808744	0
F	0.0338972030574491	0.0142719685580373	0.0894215134693668	0.464538340427678	1.04112322137418e-126
Y	0.0451812276764557	0.00463648059218342	0.0402584275891617	0.147122393239528	3.68556780198699e-235
M	0.0445726453028581	0.0655451447630967	0.0242241305266018	0.00669355472317014	7.79118210519042e-06
L	0.0485502131865055	0.000306120094918345	0.0397719190453124	0.0456412505538073	3.19076416908458e-13
I	0.0003302049352126	0.000765209005495033	0.31894288469098	0.00152117270081921	0.187145692039787
V	0.00121149639260113	0.0277140498527225	0.111772333267847	0.000375860368144002	0.794425031423185
A	0.0106976522182049	0.0625357726852972	0.0127727838841950	0.00161635043872745	0.00319240796992170
G	0.00906425402400897	0.018374932091796	0.000790476332540173	0.000426773975614435	0.000559814127416343
S	0.0239956130380242	0.0424720518387843	0.00536723572085839	0.00316019763586636	0.000699029071104837
T	0.0232918736005158	0.113695834321707	0.0195323817099032	0.00218712928752959	0.0124472675707339
R	0.149326119323373	0.0815674456657364	0.0447549297913507	0.0238022330307978	1.37452950845567e-12
K	0.0686316206858646	0.148587928629939	0.0307355280092217	0.0099714527506082	5.67099375434967e-08
H	0.0210426215984062	0.00505693485355571	0.00633778743469493	0.159315746321815	3.69504860059658e-21
N	0.0521529334267186	0.0109974170666399	0.00934308572434213	0.00802569910201083	3.93013644274716e-05
Q	0.0718185163052294	0.100394417510571	0.0560417137524451	0.0091401103514637	0.000187308646358301
D	0.253452007680714	0.0170539999562197	0.00826828104506786	0.0123635958607459	0.000576992561122654
E	0.0318233801634833	0.277130727445552	0.174172163758793	0.0200016278078067	0.000719307332206415
P	1.35864571315074e-21	2.59926648856586e-07	3.8933910123749e-86	0.000146947042993407	1.60369782434538e-54
C	0	0	0	0	0
