	-4	-3	-2	-1	0
W	0.0955861129490414	0.00247763906557352	0.00383837520711666	0.357459683464364	0
F	0.0439187390144166	0.00487690024287213	0.0124958929472684	0.111190927362359	4.20125263402895e-72
Y	0.0428415037868753	0.00439057047674503	0.0374636899327327	0.0449945254102546	2.99521544029704e-109
M	0.118069467630277	0.020675202324587	0.00945762391556706	0.0117262634271269	8.74413240110717e-05
L	0.0316203522907233	0.00011586382778795	0.0120676476753019	0.0165680518290324	4.58709886453538e-12
I	0.0102480482174486	0.00381280308206281	0.0144037453978491	0.00477461217529325	0.149069577757354
V	0.0466374358010241	0.00304897588417485	0.0122688713339102	0.00486486358032835	0.827489451927118
A	0.0260071056676869	0.0329499311260741	0.00856324157019552	0.00557529224955297	0.00532009628686794
G	0.00819979216651265	0.0175809012755394	0.00266460590116662	0.00179637975086583	0.00118321606291341
S	0.0297838951270394	0.369287402820625	0.0801464608354197	0.00432574902111536	0.00108912928659508
T	0.0350598669678561	0.0487001778742863	0.0182153832135094	0.00570545406956158	0.0133198066361178
R	0.237725352816513	0.142378076301185	0.596794718684737	0.286987377610531	4.7546062381783e-06
K	0.0781761727385338	0.0710658209774725	0.0549984035441084	0.0376317804052193	3.24242797601261e-05
H	0.0422710867312166	0.0090576166969591	0.0198504323534646	0.0613564436005179	7.35511529195131e-14
N	0.0379454474727622	0.057559333078685	0.0182199678817009	0.0191109595566587	0.000271925452557561
Q	0.0371633144092368	0.111636052044379	0.066652483719182	0.0118753476482939	7.41889453546087e-05
D	0.0431425893164137	0.0233990710453309	0.00559142751803045	0.00759366359403848	0.00139342558799806
E	0.0356037167852212	0.0769876617493742	0.0263070283687398	0.00627661050892019	0.000664561842453223
P	1.11200962892916e-10	1.06286603121587e-10	6.28600481811578e-67	0.000186014735965501	1.49521111723059e-68
C	0	0	0	0	0
