	-4	-3	-2	-1	0
W	0.264507164321898	0.000904806430641906	0.0277980032054378	0.147607128977418	0
F	0.0257386981294152	0.00110162733945953	0.544662432449548	0.044576945849102	2.54527377582863e-145
Y	0.0520253310464282	0.00232443069063726	0.317969532238955	0.019982035728784	2.82157676212278e-305
M	0.0546131142121271	0.00274955918860622	0.00379939880368093	0.00416802921529741	7.67765337239785e-08
L	0.0239430296933710	0.000380676314291250	0.00122449380465063	0.00630315972442092	2.44686387357118e-09
I	0.00990795062937694	0.000570268127719566	0.00729621087849896	0.00441977154684513	0.0492881615509495
V	0.00598192289383623	0.000196935221753507	0.0303899414865152	0.0113252695604673	0.935612180715661
A	0.0155434932007035	0.0264947758589082	0.00227242953296206	0.00232499559254416	0.00405961849468411
G	0.00295368878509856	0.00336886103011887	8.55717241412322e-05	0.000405991399481106	0.000520259081969010
S	0.0583971651149427	0.113221431258899	0.00252166529139646	0.00397319882124172	0.000590335707135217
T	0.0445249925886645	0.00751093248165437	0.00380539970362996	0.0496264226041591	0.0089419985573327
R	0.248939111517503	0.0247295586261402	0.00854258016376779	0.631139448289433	1.97605484746437e-14
K	0.0351084479169332	0.00470047093861405	0.0105759657688022	0.0290533288718042	2.44561946652469e-11
H	0.0251594486858575	0.00142824490735634	0.0122765097694393	0.0180842902440547	3.57914573442215e-14
N	0.0085855911658554	0.00953303717639878	0.000949320018222774	0.0107925206589446	4.89653953173713e-05
Q	0.0462904601435557	0.0165249465317080	0.0091572800345787	0.0114592129269377	1.97760330724613e-05
D	0.0393842371164361	0.0454143643948784	0.00206391113501493	0.00296346087938255	0.000475643231229856
E	0.0383961528379963	0.738845067476083	0.0146093539907575	0.00175773973348037	0.000442981984739419
P	1.13265856649278e-15	6.00613140932281e-09	1.14352784107762e-72	3.70493762020112e-05	3.13050117201963e-68
C	0	0	0	0	0
