	-4	-3	-2	-1	0
W	0.164740573416522	2.91914287075299e-06	8.56632063469776e-05	0.918582389949346	0
F	0.333012005792535	1.27900645110268e-05	0.000428593756794329	0.0520991453941066	8.78507810073892e-131
Y	0.0245823921976776	1.24333616452548e-05	3.82886975156037e-05	0.0137452264504351	4.48159546227214e-201
M	0.0239715699109559	0.000122145297410236	0.000126293339494987	0.000107643919620477	1.342244771047e-08
L	0.0236508352775707	2.41824104845308e-11	4.29405485251296e-05	0.000283027761868024	1.46271970042741e-15
I	0.00456315091950619	1.05200070892801e-05	0.000541042538562008	0.000211889172476667	0.0228797702695254
V	0.0107144993513613	3.45594544944562e-06	0.000133470390609568	0.000156114133105629	0.973129261558438
A	0.00967991022972823	0.000471062999265155	7.66331553584955e-05	2.23022277772296e-05	0.00192579347550053
G	0.00171151334109300	0.000103571106060637	2.86882034918675e-05	8.2012952813233e-06	0.000106607480130613
S	0.0207262206360145	0.0106470938867288	0.00218883381121620	0.000112299122583184	0.000417862114096788
T	0.0267840031081613	0.00044126132272322	0.0487062526945793	0.000404129544326314	0.00137378270335064
R	0.211288822553947	0.000100147584918801	0.000951289271680568	0.00441807150306672	6.95049147691083e-11
K	0.0152833845261912	9.54020877094636e-05	4.61182624372003e-05	0.00170765201611970	5.98825150274288e-10
H	0.00733931625472063	0.000179001687534750	5.45221773968006e-05	0.00772494680922662	1.86141705583914e-23
N	0.0151550848167493	0.00669967024598901	0.000107346037365328	9.01843311829942e-05	1.0406530424802e-06
Q	0.00211687131332544	0.000423641162191071	0.0098035071705791	0.000127547088443943	5.35529831054048e-08
D	0.0840557923277075	0.551862974378859	0.0367813263376558	3.80488727342699e-05	8.6222476004075e-05
E	0.0206240540262336	0.428811909694470	0.89985919040039	0.000161114367507728	7.95916261494543e-05
P	3.98840067862191e-33	3.91171484147348e-13	2.83415204850747e-130	6.60407918807075e-08	4.24098336773525e-66
C	0	0	0	0	0
