	-4	-3	-2	-1	0
W	0.291985796368699	0.0121901650325302	0.00339281920082238	0.947143901416776	0
F	0.0256934670331560	0.00136333282780934	0.0092080475629076	0.0270650637598679	1.60996336538960e-219
Y	0.112500821361205	0.00123670959709927	0.0315938318874600	0.00710059431591892	1.32116455927814e-286
M	0.0480792840977626	0.00194183210202978	0.00726724300314393	0.000346409121066352	2.25886196854465e-10
L	0.00605905980730669	2.85034804165984e-05	0.000719076015200358	8.38968459815416e-05	8.19250580092782e-19
I	0.00914909871628875	0.000165321519734063	0.00494931319017475	3.73576323210797e-05	0.00189320005548865
V	0.0416799591853369	0.000167357175294800	0.0175280899460925	7.30693954116868e-05	0.996155524179164
A	0.00131542217152790	0.0251962075227720	0.00088517177611299	1.35941225546188e-05	0.000516714354657993
G	0.00216566598719155	0.00237407117466538	1.11004636935061e-05	5.14555989729308e-06	4.48449670271194e-05
S	0.0435118632540891	0.62551466927163	0.00608510670810828	9.0993919174497e-05	6.74156393795156e-05
T	0.0365530093704872	0.0333605891603417	0.858096650167401	0.000976199670660594	0.00131008310251056
R	0.199191600283903	0.0148418544807578	0.0061951229949348	0.00892351899972309	1.76429810828046e-25
K	0.0555844106826601	0.00571464573775137	0.00355976459053106	0.00314863338408036	4.60542105591098e-18
H	0.00878604767156484	0.00199634597755039	0.00438840370905051	0.00401270303440724	4.99669222788886e-44
N	0.0293641264373341	0.182341777349941	0.00227456513819712	7.0114247411999e-05	1.97807644450114e-07
Q	0.0727221776640672	0.00795096162271681	0.0259069470675877	0.00085758627414693	1.47343437382167e-08
D	0.00582206070737018	0.0443743947590464	0.00198254180443426	3.33079340778555e-05	7.95525314861628e-06
E	0.00983612920005	0.0392412612066970	0.0159562047741470	1.77045474510934e-05	4.04968074889943e-06
P	4.98936005319992e-34	1.21692128734180e-12	1.35711270813030e-126	2.05819071431531e-07	1.76660952680605e-80
C	0	0	0	0	0
