	-4	-3	-2	-1	0
W	0.815233205605267	0.00103334472060490	0.00238785642044788	0.914368337330976	0
F	0.0245385783083205	0.00249174036068403	0.0167374211401856	0.0640823390343061	4.68037466937809e-199
Y	0.0247653478747312	0.00187158560462121	0.0577849506823958	0.00796274528454543	0
M	0.0300190772619413	0.00175652593885375	0.00492229446431103	0.000629790512461991	1.75503164756637e-16
L	0.00833600549230758	1.95350578740747e-19	0.00592544872527411	0.000215866186565949	9.49700063697358e-14
I	0.000307102896858017	1.76479374491379e-09	0.00841892132880989	0.000194877260129649	0.0025317414732815
V	0.00106690619521756	2.37750216694334e-07	0.0079444904539878	0.000343459515819527	0.99381507697955
A	0.00146036800088390	0.0106418799985196	0.00166209261139507	3.20444363275676e-05	0.00137616054582148
G	0.000232149029875902	0.00516473762957151	4.31334473485072e-05	4.10366122416642e-06	9.4543579192815e-05
S	0.00484248986378481	0.445078755520593	0.00364784068476002	3.04319582826872e-05	0.000107008551084858
T	0.000589215862338313	0.00825518993637963	0.759408784333034	0.000577382476283387	0.00191317136479401
R	0.0241269155308137	0.0174027437250123	0.0109148624504053	0.00473279363127976	2.93908615984834e-20
K	0.0103125083520453	0.00441214735776054	0.006824581896746	0.000946381821573732	1.85588443977379e-10
H	0.0022492377029754	0.00110087697267408	0.0161809814273221	0.00499338986851275	2.66926177887615e-40
N	0.0088624702575663	0.0146427925650369	0.0160923061373486	0.000313705427264645	7.93852055584016e-07
Q	0.0178592935840040	0.0224260651084033	0.0283402164156755	0.00040939476516477	1.39840535420523e-07
D	0.00866942088091772	0.0189552936749818	0.0258792245629836	9.88976641498214e-05	0.000120499910845317
E	0.0165297073001518	0.444766081368248	0.0268845928175689	6.37695060294282e-05	4.08637171560384e-05
P	1.44406333318869e-19	3.04472949475187e-12	1.27078779895980e-150	2.89659102573803e-07	8.3815320475626e-75
C	0	0	0	0	0
