	-4	-3	-2	-1	0
W	0.111985533109945	0.00450200963758849	0.0169949592137100	0.765108573743113	0
F	0.0735123083296946	0.0147827343206895	0.0381005356331207	0.151251237243241	8.01407281176551e-20
Y	0.0887878328550795	0.00837391403061554	0.0313899498676378	0.0263068889429942	9.33931086300303e-32
M	0.0344011494679113	0.00669721732188806	0.0154265538681584	0.00654559149280904	0.000733912521907379
L	0.0352037424689821	0.00183622505222937	0.00523832471838301	0.00401080562664533	1.52941255130573e-13
I	0.0247957396567836	0.00025807002871029	0.00985239520053096	0.00070351724057245	0.253278237545231
V	0.015190927408722	0.00438113578141124	0.0130203937818910	0.000412199179191684	0.66635272017648
A	0.0181915791080566	0.0645149618305997	0.00769791385556754	0.000982998021606091	0.0243028439797012
G	0.00695360179852427	0.0187431027761673	0.00284636818728612	0.000202234434168782	0.00226545042944497
S	0.0271332039974858	0.174689604799121	0.0995650866641656	0.00100557629946270	0.0052885558933959
T	0.0644562476376257	0.0286092964211773	0.0426190264105036	0.000777056980568548	0.0385089883421938
R	0.0920227220055541	0.137328289702654	0.483344371820273	0.00507756965498372	0.000196964613969099
K	0.099936190415279	0.0269006985195972	0.0422674444617844	0.00175514986193929	0.000763037822535416
H	0.0233409877399521	0.0381805565389398	0.0834934899315866	0.0187578178527099	4.59044716731435e-07
N	0.0230709058998858	0.120227583421052	0.0154530209486149	0.000728454958132388	0.000370495924225005
Q	0.0900364687163855	0.0370331180993436	0.0467314101961262	0.00164621050119167	0.000349983367607231
D	0.113167396326988	0.181439727509013	0.00730167131993126	0.00447295984051612	0.00177336471577794
E	0.0578134630391242	0.131501190247585	0.0386570839207293	0.0102004270005803	0.00581498562266063
P	1.80203965155585e-11	5.63961617813489e-07	5.00605740677049e-78	5.47311255739617e-05	1.30369033902154e-50
C	0	0	0	0	0
