	-4	-3	-2	-1	0
W	0.228796420714644	1.64030532164261e-05	0.000329357438353681	0.78205596545213	0
F	0.23500236952459	4.06041941538206e-05	0.000679418841725628	0.190142976772188	6.50674398772051e-65
Y	0.0433127479563367	0.000322423825713231	0.00548878930657949	0.0150078745176332	2.85319020789562e-66
M	0.0801441318498065	0.000101911543541532	0.000986359629245086	0.000122955415380202	1.45955758844445e-06
L	0.00299951868592252	6.38616929349799e-12	0.000210682567525817	4.75391460764222e-05	1.10673226424432e-14
I	0.00250960460855605	1.0208158350687e-06	0.000469991752315823	0.000275383476636480	0.614233600226283
V	0.000897589287964282	3.14696959389004e-06	0.000673024844656557	0.000107057176237193	0.384068388796462
A	0.00416506742664403	0.000965623134625606	0.00113113450464693	2.22930639926406e-05	0.000896432472902009
G	0.000774758586005885	4.0286903261448e-05	2.41674828074794e-05	2.73888684560666e-06	3.13948545074444e-05
S	0.0153024326009764	0.00471045698360306	0.0407501280598595	8.03321650429762e-05	5.58108486877612e-05
T	0.0106468094406488	0.000154725492257590	0.0833633758785523	0.00101657138366245	0.00059574814384438
R	0.28657391087031	0.000414449464455405	0.768734740944667	0.00365954696167266	1.23081812488303e-07
K	0.0182763067270414	3.93123141462768e-05	0.0158463091042065	0.000447761165006215	2.93160423962589e-07
H	0.00133521844791206	5.59581121274166e-05	0.0177316331803832	0.00627943449858433	3.99238192766173e-18
N	0.0053040596737953	0.00122960979882062	0.000444241535547156	0.000178824532581236	5.36190577213827e-07
Q	0.051046792818702	0.000853993584084674	0.0403516811354429	0.000443555114761062	3.56558239474954e-07
D	0.00994707836719341	0.00299057682687914	0.00629026260398143	3.36437487602325e-05	0.000101485658674721
E	0.00296518241295027	0.988059496976039	0.0164947011895030	7.5527657523423e-05	1.43704499857631e-05
P	9.31547767180538e-24	1.2598175769232e-12	1.05917849081969e-147	1.88652854138184e-08	5.04055542049712e-72
C	0	0	0	0	0
