	-4	-3	-2	-1	0
W	0.198096296004350	0.000149178188932393	0.00449684665409535	0.946808139900622	0
F	0.378978410607548	0.00075781367809853	0.0103250703494823	0.0429398051426972	5.16905854178053e-204
Y	0.086667895669946	0.00080781527503138	0.00290136466737158	0.00450932465432969	7.19164649974695e-304
M	0.0610492086373767	0.00707577109319017	0.00418661888537799	0.000105118916175065	5.31868009889444e-11
L	0.00619487158361927	1.13527238046021e-15	0.00299455973505361	0.000101782080549262	2.14069318024397e-13
I	0.00249597217452248	9.0530110939487e-11	0.0602964537078779	0.000126820278487027	0.0056099922938324
V	0.00272532886453433	9.81736109179225e-08	0.0142222364910891	6.80967829681902e-05	0.974520915506044
A	0.00438145787033617	0.0214153503204782	0.000737217586356573	2.66415120457538e-05	0.00852261932295601
G	0.00148701468041690	0.00154787926150251	1.61650098161762e-05	2.70622614375310e-06	0.000140874384269431
S	0.0355436577371255	0.705442018709828	0.0116910104118067	0.000103766836132093	0.000396711870281126
T	0.0311053945858281	0.00729870976062034	0.808340849919639	0.000149545889825608	0.0106695137822518
R	0.0568942383490846	0.0049837805482127	0.0119162180078197	0.00238574026979270	1.92256168802977e-26
K	0.0318809164720995	0.00167469623637197	0.00332254959412476	8.35413320264095e-05	6.13158788968189e-25
H	0.00288759748929562	0.000286937502162085	0.0133033866409745	0.00235063155754529	3.61473241920612e-28
N	0.0131056574295224	0.0119608728459178	0.00295625473500239	9.11667753846036e-05	2.51144551990563e-06
Q	0.0470609435999269	0.0239757398694202	0.0220757790208089	7.93449433449152e-05	3.49375420895206e-07
D	0.0280208116259652	0.122551946083681	0.00735246699644468	4.80253527961794e-05	0.000107929288842889
E	0.0114243266185023	0.0900713920757994	0.0188649515868588	1.97776594976654e-05	2.85826771809097e-05
P	1.53672843994003e-21	2.86611136946589e-10	1.52524995158485e-130	2.38896363253351e-08	1.43667133866170e-76
C	0	0	0	0	0
