	-4	-3	-2	-1	0
W	0.716561315417315	3.10514343226664e-07	0.00295708288150625	0.947042626226155	0
F	0.0493872196085569	5.388838891943e-06	0.0595017856939264	0.0492986781381924	5.69264368548735e-226
Y	0.0440478439482119	2.99404306780437e-06	0.135659933735807	0.000873536169899344	0
M	0.00657061458020933	1.59764391249531e-05	0.00277109842350751	2.06305208093172e-05	1.69403869922886e-13
L	0.00257962786857931	6.5809347621756e-17	0.00585747065472458	3.95671757204019e-05	5.09087294779471e-14
I	0.00284187776166673	7.57980488803602e-08	0.749161295520689	5.32284664031471e-05	0.00121322870903078
V	0.000485205730948114	1.44959654481366e-07	0.00425204706337612	4.45249448887808e-05	0.996086034064294
A	0.00364911827016072	0.000327739975109545	0.00056817422461593	1.35957328346849e-05	0.00117020032208151
G	0.000115081152531540	1.40078745000194e-05	4.06525013500751e-05	1.50968815430512e-06	0.000169268233587412
S	0.00781237861478106	0.00229152236527921	0.000112600242110107	4.40333612863355e-05	6.22984160597108e-05
T	0.0462016986852445	0.000345264196300204	0.00480377308741042	1.71806947966068e-05	0.00126361254821839
R	0.0215266793011363	0.000100603668833822	0.00433990479484072	0.00103011903113276	1.03818679809281e-32
K	0.0341862650109173	2.38923182370208e-05	0.00328479699042486	0.000208759887367099	3.61692390263761e-16
H	0.00872951259255416	6.65950232260112e-06	0.00198861440469969	0.000926507590398701	4.90570803957601e-45
N	0.00181850200720480	9.95890337763643e-05	0.000307987606526094	7.02844409136143e-05	5.933386937141e-07
Q	0.0174121235665581	0.000136774252080570	0.0201087468794707	0.000295542532818257	3.05632869177312e-10
D	0.0188810903294490	0.0117797174132905	0.000417877712768845	1.59703586344842e-05	2.60616777878435e-05
E	0.0171938455539755	0.984849338807021	0.00386615758224500	3.67559752750600e-06	8.70238439327317e-06
P	6.25148732596408e-26	1.17698591497161e-13	9.83036030003098e-116	2.94420677475242e-08	8.47388434753578e-86
C	0	0	0	0	0
