	-4	-3	-2	-1	0
W	0.0674510341312627	0.00729866602975108	0.00139467840705969	0.867017479053772	0
F	0.0885912549918726	0.00223427809080179	0.0160284904175490	0.092098974591026	7.56183209009923e-235
Y	0.0330892647981662	0.00606315086235936	0.0137230502635536	0.00207540020687936	0
M	0.0203947397381314	0.00559841199057171	0.0143003282173279	0.000542852739617459	2.62635921722714e-13
L	0.0388905302487339	0.000360817819010493	0.00860075496569404	0.000468784273169038	2.77565448610981e-17
I	0.00520687579516559	1.04804000601243e-05	0.0103636577822067	8.13066535191353e-05	0.000645946115247713
V	0.00107739999373908	2.46077576948412e-05	0.0239023562801641	0.000253376609892047	0.99559222593294
A	0.00905452991752138	0.0179700345188923	0.00280175801546678	2.51182118338483e-05	0.00172506927164158
G	0.00170143947869116	0.00173452693851376	1.91978299092688e-05	1.34073436866583e-05	7.88141295830463e-05
S	0.0445180553584482	0.375873633636132	0.0215373676286854	0.000101512793131925	0.000188866116086449
T	0.00612987881523404	0.0237433123785067	0.486488432408054	0.000685594590000069	0.00173298365585579
R	0.180202608996594	0.178511037642125	0.0162253784992837	0.0158591188196827	9.96634270565616e-28
K	0.00881735195537031	0.324397064037355	0.0812222814115014	0.0126162001574631	4.71424619300833e-30
H	0.00514809276046663	0.000726515666084916	0.00552525268370928	0.00599075585354217	7.43245404631038e-31
N	0.0115492408391250	0.00217638311511982	0.00735559140899453	0.000229431180974761	2.41421002376428e-07
Q	0.0445750247164579	0.0183774977834124	0.0211811230958340	0.00100410429377006	5.48632564179104e-11
D	0.424395141196314	0.0131890831928911	0.0641253911293282	0.000348783793574947	3.46306145326061e-05
E	0.00920753626870636	0.0217104973451158	0.205204909555678	0.000586386974274942	1.22268798382591e-06
P	5.19372463545726e-20	7.95601933379523e-10	4.59062343029122e-130	1.41186019010571e-06	4.00080482211369e-68
C	0	0	0	0	0
