	-4	-3	-2	-1	0
W	0.150403002063719	3.38481726140152e-06	0.00956238051194703	0.990744903243146	0
F	0.150272512774189	9.25464879803546e-06	0.0606560193994343	0.00325660104497681	9.32115088570723e-188
Y	0.0883414128054208	1.09936990201919e-05	0.518170694922318	0.00311883357675644	0
M	0.0126950777975945	3.4112694390092e-05	0.00633477002431365	2.22561123422426e-05	1.88762668005784e-10
L	0.00297516646216314	5.08847460226057e-29	0.00053606951063391	2.97674960246255e-05	7.99711156652705e-16
I	0.000198300559713341	7.97665185478431e-09	0.0146566772762154	1.39786776736158e-05	0.00595409064239453
V	0.00100307686578498	2.94872008008907e-08	0.0650257443403869	1.43869033459789e-05	0.9926468977494
A	0.00365203143437748	9.4558948278935e-05	0.00399394277866951	2.70051159221190e-06	0.000885889260734361
G	0.000664538278638733	1.75700430298278e-05	0.000260562035092091	8.94496910889646e-07	2.239465715011e-05
S	0.0234283517651030	0.000620623055592964	0.00415431979918059	9.82901561033714e-06	6.28943451584637e-05
T	0.00850110769540374	1.94294418754118e-05	0.00834824537387009	2.27606507936495e-05	0.000401897903993828
R	0.424674430010541	3.73935536748702e-05	0.0517592012774749	0.00137945206121901	3.48840850116969e-12
K	0.0238797135243855	9.41725810125672e-06	0.0183364835268118	0.000195919296117746	6.37186585247773e-13
H	0.00496763899863098	1.68328393634661e-05	0.00189705258792835	0.00105724227347404	2.88009640946465e-36
N	0.00990659911273527	0.000141701749164617	0.00280436310603095	2.12865504844436e-05	2.18822594835162e-07
Q	0.0443380211448244	0.000180186673109973	0.189034258059367	8.87081406053848e-05	9.86968153380283e-09
D	0.0323400784765825	0.0134130594861634	0.0190296471771568	1.43386073559532e-05	1.89532093614087e-05
E	0.0177589402301932	0.985391443628247	0.0254395682931681	5.70961189688593e-06	6.7533466409156e-06
P	2.29095748264374e-38	7.55931150183727e-14	7.86997231990658e-123	4.31729673789874e-07	5.94425210850294e-112
C	0	0	0	0	0
