	-4	-3	-2	-1	0
W	0.181525080034835	0.00572069371737202	0.0142375453977863	0.925287522742593	6.30188231435463e-200
F	0.0295167629169431	0.0303100143722085	0.183879220359883	0.0294720621044256	5.28827090981345e-12
Y	0.0339047320740672	0.0159212535097347	0.239572430390614	0.019378037856638	7.04932225104653e-14
M	0.200188803678397	0.0268091201077490	0.0183479651439482	0.00115214242612146	0.000137288095550045
L	0.0447277197576353	0.00339027632799761	0.0213194724467639	0.00059947248617589	1.16407433299043e-08
I	0.00177466588671435	0.00222489135127632	0.0533328894391251	0.00191712773495453	0.262949421625590
V	0.00357296397099647	0.00435632606643977	0.0305988870406889	0.00149400112559608	0.606588950227854
A	0.0403857306031368	0.0101294075469682	0.0140864467180662	0.000150244374983073	0.0343747269851718
G	0.00481342371137288	0.00203468785106660	0.00713395078939904	6.59156924768543e-05	0.00610191928761864
S	0.0247989680959413	0.0146757181409916	0.0539897982159048	0.000461577765633822	0.00516440562021939
T	0.0140862879022963	0.0129303476984278	0.0355457105623465	0.00157552200935426	0.0409306029431351
R	0.161907500856525	0.0235987748163325	0.147434825205849	0.00755917048282397	0.000120446215994334
K	0.0395238789919416	0.0471048682109126	0.0171299619077794	0.000453086380506744	0.00791015991676376
H	0.0132330369544726	0.00631610059146095	0.0132427291250807	0.00104726518224796	9.3032619662979e-05
N	0.0452383548659496	0.00606232442912242	0.00720966798792233	0.000492254244227676	0.00122362434115344
Q	0.0443799404448574	0.110644946262187	0.0855185578186484	0.00116718943784608	0.00126943563751054
D	0.0795764055870371	0.0090240577868045	0.0157590188450583	0.00144172028049438	0.00463712959067882
E	0.0368457436666379	0.668743544042533	0.0416609226051364	0.00628383771423506	0.0284988452469943
P	2.42858205037982e-13	2.64717041546432e-06	2.83005998567997e-66	1.84995866577193e-06	2.81869302624001e-63
C	0	0	0	0	0
