	-4	-3	-2	-1	0
W	0.0674630404861209	0.00147044010322202	0.0253347180298012	0.306227122750684	0
F	0.0745721701475101	0.00081207700967987	0.0614735882754044	0.431991837152515	2.15279710061343e-72
Y	0.213652147199653	0.00161610201701626	0.0469002653023652	0.106865636660512	4.89654406727478e-93
M	0.0287142252527697	0.00488548941445162	0.0629757180049502	0.00935701474924285	8.53519415807186e-08
L	0.0133592992888114	1.63880970960798e-06	0.0560810129909857	0.00230462380540727	8.96442188193908e-12
I	0.00348762632799155	0.00026988882051656	0.108890432356655	0.000748129585742863	0.00259540583797503
V	0.00678857105107929	0.000454968528900586	0.152211127564499	0.000263677356953966	0.86078142308192
A	0.0114533820917860	0.00727049527969171	0.0112872234159002	0.00193559363779577	0.073514821316952
G	0.00572421651045736	0.00234166931684873	0.000964393545043458	0.00037280277052514	0.00293590153418291
S	0.0964645369447517	0.0658818031629258	0.0120483908305555	0.000707721849690515	0.00810984165970858
T	0.0559470977584168	0.00590095620725779	0.0137972103492941	0.00240691518576881	0.0497607352933538
R	0.0843386248392191	0.0100299312010526	0.151499106723836	0.0847355445503353	2.59257179531079e-09
K	0.0191436443136945	0.00185501802845337	0.0477569865900791	0.00461501016081566	1.49100794782167e-06
H	0.0386098897933177	0.00364681739993608	0.0208362494344389	0.0373841589701456	2.00652793492712e-17
N	0.0545188411948136	0.0148069881601480	0.00683975086629842	0.00207494307767550	4.82282439998278e-05
Q	0.0544773398049052	0.00635138312806954	0.0578192356629295	0.00506912076331275	4.12249342158425e-05
D	0.110962801713299	0.0289035436543489	0.00234068249645412	0.00104341866549361	0.00055719671610054
E	0.0603225354916947	0.843500789757558	0.160943907560511	0.00187461022136797	0.00165364242016503
P	9.78970885341634e-09	2.13224235368721e-13	7.9784813938877e-88	2.21180860156682e-05	2.46000006279270e-60
C	0	0	0	0	0
