	-4	-3	-2	-1	0
W	0.433847192559004	0.0137073645000328	0.00154621043940690	0.019175849296577	0
F	0.0935988039099356	0.000110814053907153	0.00185665439297316	0.93671818946028	3.10772678852515e-177
Y	0.0242695338857904	0.00113625192279999	0.000503439845972321	0.0296686625864357	1.09013907333605e-285
M	0.0358688513847767	0.00166205380220925	0.00355005475358913	7.64390628217936e-05	3.29260385952324e-15
L	0.00213140636391563	4.32688886082853e-17	0.00110381373449390	0.000351340573633858	1.25420291754109e-11
I	0.00290480302167043	3.80095218542036e-14	0.00135728226124390	1.44477446885421e-06	0.000622903199254775
V	0.00123839985488493	0.000556590790738257	0.00215586278478291	1.73174100163556e-06	0.994519333324076
A	0.00447719429060691	0.0801945050836185	0.000356473601952209	1.28189036894457e-05	0.0021393691224569
G	0.000161360570736895	0.00257351918792782	1.02120303577281e-05	3.2014556893264e-06	2.74500664038152e-05
S	0.0296111029955008	0.580900010365863	0.00458557213135933	2.73260271176432e-05	6.18575438864014e-05
T	0.0388737474808214	0.0257694426478904	0.958139350712379	3.72906266709852e-06	0.00259893803647267
R	0.156644634335526	0.000216885743369518	0.00285295504359611	0.00544277776415508	6.81602685263095e-36
K	0.0576314909770128	0.00137899917560659	0.00312485896691656	0.00031862469620625	1.03162009052213e-20
H	0.00575505160267478	0.000589140609483789	0.00605085509579258	0.00792428091304482	2.28648815621039e-37
N	0.0108298656288470	0.00474666408964817	0.00154065705741089	8.57449651370604e-05	2.94776854498245e-07
Q	0.0185659146803261	0.0191559197914325	0.00137625423413148	8.19539379672423e-05	1.03670774266266e-10
D	0.0448992474749543	0.157079562035614	0.00136364791820297	8.6966758848869e-05	2.9606353167633e-05
E	0.0386913989830162	0.110222276199810	0.00852584499543938	1.87812066619503e-05	2.47461211306784e-07
P	4.3976536321446e-25	1.04685602890933e-14	1.20538357948623e-143	1.36813597037462e-07	3.44780040808052e-72
C	0	0	0	0	0
