	-4	-3	-2	-1	0
W	0.254623837887839	1.54903959631630e-05	0.00985776081735406	0.394511687231212	0
F	0.0443845837582248	2.51209828441641e-05	0.131612797165960	0.220935757493714	6.52039311240027e-177
Y	0.0835617972111566	4.92273737610752e-05	0.0526001766680596	0.0365914671435817	1.39334220418864e-257
M	0.0125392899405134	0.000139331047495807	0.0141897867125281	0.00210048237078464	9.0608367575663e-11
L	0.00966270355831256	1.16309528317309e-22	0.0185596145653155	0.00321135316469934	2.60108283467170e-26
I	0.000263325923901444	2.51657390509981e-06	0.0207818361139639	0.00487111344706959	0.000193957245697467
V	0.000446995009018470	9.22030323327638e-07	0.0215537947855694	0.00343136619103864	0.991322305782118
A	0.00428778488204986	0.000542836731220518	0.00133240533257414	0.000564294297995815	0.00299144903814683
G	0.000673820843560008	0.000116338927592684	1.60197314804537e-05	0.000282124337358717	0.000112123633379026
S	0.0322814449911329	0.00775398243458739	0.00568619629947597	0.000185028610240892	0.000432114586732852
T	0.0250396243408226	0.000190633199985038	0.589632407059121	0.0040750981773774	0.0048938318718791
R	0.117237169693709	0.000743653407208494	0.00754956021409409	0.0400038146543541	4.75095178031286e-22
K	0.0123583187729399	0.000159174227812464	0.00212831789891079	0.00756003218735824	3.02950943230374e-10
H	0.0132638032888915	0.000126827472757677	0.0556936067474368	0.183491865190549	9.55489361056453e-35
N	0.0404035956091314	0.00150339139660316	0.00385329463458399	0.00698621523978702	9.74616859966324e-07
Q	0.053879039135777	0.00160855292099142	0.0288146713292181	0.0188940635944478	2.01815493174951e-08
D	0.252728250853027	0.0122917501445075	0.0130108941826212	0.00784441634603769	4.96485925402083e-05
E	0.0423646142999932	0.97473025061999	0.0231268597417331	0.0644569922544698	3.57405753796978e-06
P	5.22332521575859e-24	1.12450538628521e-10	1.65550340948392e-115	2.82806792396524e-06	2.54798186927448e-68
C	0	0	0	0	0
