	-4	-3	-2	-1	0
W	0.431964592824683	0.0822782378552941	0.00805933372326298	0.927011168221806	0
F	0.0327851242242713	0.0800916141305784	0.039562188627546	0.0448047311705395	9.1928704647256e-200
Y	0.0230382222265416	0.0111806352730443	0.166321879036042	0.021227285714608	1.08327059399894e-245
M	0.0627431070674293	0.0441809433671937	0.0260248022096082	0.000567513710622109	6.8187299728956e-10
L	0.0201411452259155	0.00693559917371521	0.0264215606142699	0.000782309919606953	3.57789001956363e-15
I	0.00912530747023767	0.00483262001084496	0.440955983282010	0.00147495257548262	0.0302408661579248
V	0.00788447909482041	0.00394588294450471	0.100873906448724	0.000402725871366147	0.95993712722372
A	0.0155826021428377	0.0196476974635881	0.00546417356256367	5.09627337060458e-05	0.00325267640030925
G	0.00189470671435220	0.00659546689650285	0.000557219946014266	1.67379410570217e-05	0.000311049290304606
S	0.0307573737081783	0.00717606393381068	0.0044781931319134	4.80210215580092e-05	0.000693507450680398
T	0.0199520823647232	0.0192127069040286	0.0327464225967978	0.000278345530272878	0.00467366103253990
R	0.0734924834389366	0.380730481163525	0.016104129293012	0.00112685315730772	1.55974178801211e-19
K	0.0171551714917796	0.1428043602602	0.0168980818465983	0.000197106271819466	5.97364088601502e-09
H	0.0129407942480553	0.008234587346813	0.0105415232635646	0.00160540097092759	4.60515805206352e-25
N	0.0481016605452305	0.0067128298537552	0.00454521170475944	0.000122139622399455	2.73891306242548e-05
Q	0.0657015475889351	0.108083640768133	0.0452475488332189	0.000174898201496528	2.23478948410864e-05
D	0.0696418559828844	0.0115016032507615	0.00484310616782111	3.16917315513227e-05	0.000446606543358575
E	0.0570977436388754	0.0558550037429084	0.0503547357122735	7.44755011970012e-05	0.000394762220180473
P	1.31305300700095e-12	2.56607984898802e-08	5.19788234175759e-74	2.68013267575032e-06	4.72997539008896e-54
C	0	0	0	0	0
