	-4	-3	-2	-1	0
W	0.063568843702673	6.53305518509625e-06	0.00233358439629704	0.998406618410488	0
F	0.260405448228703	1.54249298994760e-05	0.164388491822987	0.000592482321739163	2.20248685539166e-160
Y	0.0308594486312719	6.41701207472706e-05	0.0281140291679274	0.000314869471993223	3.35041164636212e-267
M	0.0562743640176816	0.000219130091908961	0.0134421012850069	3.69351496140964e-05	2.23053996386027e-09
L	0.00879817813026571	2.47898719362416e-48	0.0151693721280569	2.31294160657236e-06	2.33557938906486e-13
I	5.43689621400432e-06	1.00078890091975e-06	0.0092212361014126	4.65548308628046e-06	0.000147360981237138
V	8.84199236545397e-05	1.14747275906009e-06	0.076231000064821	1.26238544655329e-05	0.998305154640686
A	0.00413908432172493	0.000144789072111913	0.00299352043272612	1.89494967574409e-06	0.000819072024803217
G	0.00427414791829933	3.66857577164282e-05	3.76918486733585e-05	4.01846953611711e-08	5.52225089028888e-05
S	0.0164383287443842	0.000371627132906972	0.00840698799959774	1.95938107652766e-06	9.37045617623426e-05
T	0.00296110401009029	0.000151996788196142	0.466386220603287	1.42137879208089e-05	0.000541930637683736
R	0.412257405476391	0.000109517138180332	0.113757622815369	0.00044266503171487	6.30648835347247e-20
K	0.0138000037095444	1.70121280495828e-05	0.0194902640857249	6.53883672854918e-05	1.32279053705408e-18
H	0.00232634696415454	2.282118394323e-05	0.009717603838906	6.92853816471077e-05	1.26455077918402e-30
N	0.00268111416588614	0.000110418418820423	0.00996991759009015	9.96750343209534e-06	5.75040308143476e-07
Q	0.00807613541112682	0.000207702620467179	0.0160769903184942	1.70659928244765e-05	6.02727896806934e-10
D	0.0303578744214666	0.00419065343364743	0.0343300946781217	1.83700308401383e-06	3.43412924918975e-05
E	0.0826883153264679	0.99432936978615	0.0099332708225012	5.17641098496548e-06	2.63547862289296e-06
P	1.29779627564684e-18	8.04093829541285e-11	2.82235887170903e-125	8.37266532683926e-09	1.70425214803531e-61
C	0	0	0	0	0
