	-4	-3	-2	-1	0
W	0.209057450589376	2.32712860595404e-06	0.00251426843345811	0.996465818484829	0
F	0.0239790970960691	1.61897529078706e-06	0.00488909042037437	0.00176820874682536	4.21553786725205e-228
Y	0.0139126870867138	3.04868711184615e-06	0.000940541383385345	0.00102010856172879	0
M	0.049293007263748	7.63670433746204e-06	0.00105274184690107	9.69041281780708e-06	2.75628513965237e-13
L	0.0459762171638016	3.82807832800745e-14	0.0041049475195178	2.72887929186425e-05	8.46915640045468e-19
I	0.000482926655643209	3.37042448937804e-06	0.00814999463214942	3.88542112911924e-06	0.000872916033909918
V	0.000505260821690059	6.1875739834547e-07	0.0102916629813111	4.49606228999871e-06	0.996978762370632
A	0.00495075449898658	3.66801817334835e-05	0.000134030954733336	2.42156211243291e-06	0.000225314144618242
G	0.000465391710700701	2.42298568587543e-06	3.35928577330595e-06	4.56045497405719e-08	4.72526031560028e-05
S	0.0183292776485589	0.000918946909178074	0.00139641954157451	3.43254798265422e-07	4.7157089437715e-05
T	0.0479645163559244	0.000138755473719757	0.887783570368953	4.17475058505842e-06	0.00181171903456844
R	0.48308169656765	1.89243262699182e-05	0.00523234751303186	3.01166625027678e-05	1.26747608728553e-36
K	0.0413231804520691	5.18079586632153e-06	0.00504376199207637	3.89055031117226e-06	5.59536966215305e-14
H	0.00137796795125191	5.87510215378694e-06	0.000885678313865862	0.000639212055508147	2.44220060990915e-52
N	0.0320483044091427	7.55582764466015e-05	0.00357230396998556	7.02103642962146e-06	1.87868759692684e-07
Q	0.0172957473157124	0.000502177770216237	0.024141582361921	7.63742837187292e-06	5.32866617803964e-11
D	0.00747192745660361	0.0413379505787838	0.00540535514844465	9.5263075836374e-07	1.23248743895574e-05
E	0.00248458895635857	0.956938906922346	0.0344583433325431	4.68513419992599e-06	4.36592691035022e-06
P	2.32701255111263e-17	3.27656532470646e-13	2.28166231777273e-122	2.84733404282889e-09	6.27860433626329e-83
C	0	0	0	0	0
