	-4	-3	-2	-1	0
W	0.41790872401633	0.000246114948067707	0.00410029866438409	0.0786714219830534	0
F	0.073862012101592	0.00655192469477318	0.0973108496354568	0.723054917072429	1.01887589019138e-216
Y	0.0492562370399764	0.00182123303279817	0.0248054650273183	0.0734782569177309	0
M	0.0380355713122119	0.000351685669150836	0.00797889684807324	0.000555647848438488	1.09871455204135e-14
L	0.00845299917777274	3.80972381509204e-06	0.00235548976749734	0.00152990817993419	1.37517791050244e-14
I	0.00369734550153174	8.76683869664691e-05	0.0211524381765627	7.00239964834396e-22	0.000704052068101569
V	0.00197583622940859	0.000313572339453493	0.0218972440575538	2.14339222579856e-11	0.994620501950502
A	0.00813946552723898	0.000830342480439439	0.000777021974836063	0.000497840793151058	0.00152559745936563
G	0.00165899286831885	0.8642535603706	4.28010020306699e-05	5.87100965524337e-05	0.000102272522477481
S	0.0353719542499705	0.00884560646472633	0.0113427630780551	0.00174907897496173	0.000113662725989643
T	0.0296655151207347	0.00348867809984853	0.443012013558626	1.54663090713278e-05	0.00289443759087681
R	0.200076512204555	0.000318853600790093	0.0630509066987538	0.0127358191987263	4.47021821421306e-20
K	0.0539882087250448	0.00129064612303076	0.00639775360101981	0.0180778812602561	7.07833876826087e-21
H	0.0055982711408933	0.000362660921590036	0.0148678038053198	0.0715342388083897	2.98225297999488e-37
N	0.00989074320832415	0.00026673219608777	0.0191439370502664	0.00137554475531772	7.13453357878497e-07
Q	0.0202614585810196	0.00265467429242480	0.0706542983615173	0.0148277178091963	2.56541328648866e-08
D	0.0255410306063519	0.0241212257473637	0.126424140286463	0.00120874514749613	2.94641575562783e-05
E	0.0166191223873473	0.0841910109025111	0.0646858784062655	0.00062593502346482	9.2724176152858e-06
P	1.37758719209326e-12	5.56147773057968e-12	4.73793330928138e-109	2.86980039651633e-06	5.1651493174505e-64
C	0	0	0	0	0
