	-4	-3	-2	-1	0
W	0.0815640587520969	0.000400483605654924	0.00337421254983686	0.836448278135567	0
F	0.273513452800751	0.000417336150699320	0.034790654016768	0.135908249085667	2.90385985191662e-218
Y	0.257792131571947	0.000210400964700645	0.206823660497517	0.0143426323946068	0
M	0.0386973384285936	0.00473585027962002	0.0173393079837542	0.000217698072372910	6.07588144790418e-12
L	0.00518580170860183	8.98560074719002e-12	0.00726197807229752	0.000765462486249665	3.63581136491369e-15
I	9.80318536511845e-05	1.45124303838337e-05	0.079290526536332	0.000107058200538904	0.00561528295837343
V	0.00082584293320619	5.25680846702574e-05	0.0153373824725183	3.58982829694469e-05	0.990712889058997
A	0.00162123849028358	0.0254844561924902	0.00131924028038883	2.92658056232062e-05	0.00126815003501651
G	0.00180128809176740	0.000432848270675106	4.57611339230758e-05	3.13464293567375e-06	7.24521033842892e-05
S	0.0306077059604057	0.766989614562125	0.0120350179275091	5.88187778561805e-05	0.000180435986046929
T	0.0228199934683075	0.0153664012037718	0.234861432594598	0.000256223996245819	0.00210910425043784
R	0.102232350942074	0.00973355389040363	0.163829314723567	0.00113094678929356	7.29509493593088e-23
K	0.0115240441245838	0.00172812729429299	0.0192966994179986	0.000279537790775395	9.7552176787805e-21
H	0.0210199510325744	0.000502252000487168	0.0516604907957079	0.00997869366902544	1.23645587723758e-30
N	0.0139343865054816	0.0180017150858883	0.00451554543927546	0.000189401077702817	3.02948917129737e-07
Q	0.0639446409440625	0.0138988278303995	0.0434174971525412	0.000173785839962061	1.11057544176873e-08
D	0.0482102734213946	0.0766489289627144	0.0223982259928292	3.98590394275034e-05	4.07708591658192e-05
E	0.0246074689702163	0.0653821131405682	0.0824030524126367	3.48662860904848e-05	6.00687826574071e-07
P	9.27667002266738e-16	1.00414685680663e-08	4.10101299840572e-122	1.89627090340891e-07	1.95970821601800e-90
C	0	0	0	0	0
