	-4	-3	-2	-1	0
W	0.0973159561685963	1.63745188990446e-08	0.00187575267279537	0.0743386543598062	0
F	0.188160474801995	2.72148090887869e-08	0.00296992591924541	0.68134633298037	7.64512107111725e-176
Y	0.101457287516973	1.03309013604860e-09	0.00279170484740207	0.0576146047826231	6.55800883080682e-227
M	0.134013610441544	0.00165270878608224	0.00154967032849832	0.00102811546695758	5.57461624012828e-12
L	0.00918413460531202	6.72839255149588e-17	8.0354623953972e-05	0.00166407243685087	5.89765863887607e-18
I	0.00164207804830904	9.81812031149796e-09	0.00232060597505765	1.76067616461750e-05	0.00550694985337138
V	0.00200716475168848	7.31249745892571e-06	0.0102695481121219	2.66540393192368e-06	0.989809435671862
A	0.0139953140819793	0.0165082222728569	0.000339143616516115	0.000106159768518938	0.00250790417906701
G	0.00508037951982542	0.00193006732115385	7.06033365620394e-06	8.76012882098598e-05	0.000449472721796479
S	0.0580363643341509	0.272648673975435	0.00698930068135698	0.000306761709947544	0.000324095201815142
T	0.0434273703328309	0.0307354098195608	0.900458821035969	2.96846520383511e-05	0.00130818049628329
R	0.135290441716541	0.000105491207214896	0.00422161118065443	0.0466201753991974	2.47752677092665e-21
K	0.0508279032723829	0.000138046142803266	0.000641887071661391	0.00696430705793417	1.45333782606676e-18
H	0.0135316372939415	5.56292734762083e-08	0.00177587401757999	0.086923013984393	8.97623272061243e-32
N	0.0132062214390135	0.0171244369876627	0.000411826586475144	0.00115668641905251	4.16613815318877e-07
Q	0.0209152944719073	0.00476666431735914	0.00550229302312932	0.0140991347791661	1.08526038914345e-08
D	0.0646943901634029	0.450666600804601	0.00267362868026367	0.00379478440481933	8.88333784393769e-05
E	0.0472139770396073	0.203716255796472	0.0551209912936627	0.0238992869411289	4.70102537149422e-06
P	3.27247215628433e-41	1.52769221132452e-12	1.79583259768125e-141	3.51403408187919e-07	5.93628789642158e-82
C	0	0	0	0	0
