	-4	-3	-2	-1	0
W	0.184504312262613	1.83945404061991e-05	0.0204760849133337	0.893425276988848	0
F	0.0235492716220760	5.28940004508116e-05	0.0930735891604927	0.0716674360819573	1.53899122513653e-232
Y	0.072895141169578	1.55194635760834e-05	0.163664769500616	0.0188327507364325	0
M	0.0951521181622353	2.08266752526571e-05	0.0652044806452036	0.000248099332694751	2.73763671024443e-14
L	0.0102574914250499	5.19678792673902e-11	0.0106556827593678	0.000264321363441208	3.08005591418449e-15
I	0.0117725360453512	1.31076761386797e-07	0.0182450083610075	3.91665829524878e-05	0.00980263009649074
V	0.00819172542247585	4.25159825612374e-07	0.059775689044356	9.74024586173572e-05	0.977280075702312
A	0.0279192692779039	0.000426407836492821	0.00239238834925991	2.40264130105405e-05	0.00845625272858463
G	0.00442971239588455	3.52773418548476e-05	7.49752042510564e-05	9.8182542762642e-07	0.000190987203838747
S	0.047163848115363	0.00369103822485908	0.000922620308570933	2.35795236317051e-05	0.000794074655122028
T	0.0202581543231794	0.00097758987768636	0.0208843730687868	0.000562550419902043	0.00340055541216937
R	0.181944728217500	0.000121129075951003	0.0445992356372216	0.00283046528998938	2.86871135593588e-25
K	0.0175189051919646	3.33543840880116e-05	0.0773510284672275	0.00078060978211676	1.70742420556386e-24
H	0.00299820593159843	2.47840635854577e-05	0.00221567261986549	0.0104864269275295	8.09255116521923e-38
N	0.0278683460770411	0.00316210408973495	0.000699710552015378	4.09743646766541e-05	2.11249496274633e-06
Q	0.111435977781507	0.000426424410480703	0.100021271361313	0.000565010673504826	4.708561990477e-09
D	0.0721202736689184	0.011255265743617	0.00976933239375108	4.53671789521119e-05	7.18239881615492e-05
E	0.0800199828925578	0.979738433894732	0.30997408765336	6.43743297919213e-05	1.48300976575726e-06
P	1.72030796763437e-11	8.86776611440818e-11	1.17419359334255e-163	1.17972652342322e-06	1.30019828192359e-66
C	0	0	0	0	0
