	-4	-3	-2	-1	0
W	0.193024098903289	0.0221590842805117	0.0240234392064094	0.641117070087966	1.70639458135844e-236
F	0.0702547374610618	0.0495898940590981	0.0612121824084218	0.0834502607876715	2.93689922515522e-38
Y	0.0675415847992114	0.025144857708129	0.143113517859228	0.0515326455151078	5.14720370038431e-40
M	0.083150646077501	0.0326277184528651	0.0162589332228678	0.00755127428341707	0.000343116364310989
L	0.0229923434520170	0.0083841486924139	0.0173230370652544	0.0120432966121275	1.07551566899259e-08
I	0.027465372431344	0.00487563701208844	0.0308056366474841	0.00143445245250316	0.377488306390189
V	0.0211147146139145	0.00970446201157756	0.0194045074843023	0.000677570422971818	0.583451244433085
A	0.0324829704339933	0.0397324512231335	0.0188486971291182	0.00187192192772985	0.00552761517646326
G	0.00884673594541074	0.0169830485203793	0.0125792577804771	0.00049186759858392	0.00112223889498439
S	0.0401151549497543	0.0577495537363067	0.0259663726695887	0.00193678278418672	0.00253789894889229
T	0.0392637992049256	0.0382617083823832	0.0254268190589725	0.00469141419043427	0.0199919433816575
R	0.109946364957096	0.09747765100602	0.146967899026493	0.0341167691365372	0.000189962762656254
K	0.087186339402259	0.0354163535150967	0.0239839855420879	0.00761906387290683	0.000165761074538715
H	0.0251026519654470	0.00858642772196536	0.0685659945995929	0.0155336148296429	1.14400212241192e-12
N	0.028687848899865	0.0536939729250783	0.0279290409713243	0.00658148427765943	0.000292234478183091
Q	0.0329353384464342	0.076744993251028	0.177392934535454	0.0194582460620706	0.00135850926111118
D	0.0651669452911822	0.04232988211407	0.0439652464813894	0.040021709585677	0.00159252128549988
E	0.0447223527652933	0.380538082061394	0.116232498311535	0.069713182965071	0.00593863679212822
P	4.22198437158132e-16	7.33264614331171e-08	4.87077728847046e-73	0.000157372607735450	5.43628546241018e-71
C	0	0	0	0	0
