	-4	-3	-2	-1	0
W	0.689315969365781	1.50605200900519e-05	0.000507628056409161	0.982056939009044	0
F	0.066435939627431	0.000181491386324386	0.00567142664330942	0.0101555925943220	1.22429177059467e-207
Y	0.0314643637163523	3.19874923282408e-05	0.000783776659716182	0.00554058482569044	0
M	0.0077930215723656	8.30419716633439e-05	0.00515116184430976	6.29039936675086e-05	1.70591530354766e-15
L	0.0110637281390363	5.18776888653778e-07	0.000862368688081496	0.000241601199769812	9.7074379886597e-18
I	0.000322133551740678	1.00316716488441e-06	0.00495821958951046	2.28679963075197e-06	0.00085501087295215
V	0.000229956428718486	1.83367527045710e-05	0.00309447263710281	8.02518990430195e-07	0.996206714507867
A	0.00210666771680476	9.39563789147294e-05	0.000200712484143958	4.75097829821767e-06	0.000347345943219303
G	0.0012677771079423	4.58315226432611e-05	6.04179492477875e-06	4.37623715928374e-07	8.85983202672329e-05
S	0.0120446974053046	0.000389923129154713	0.00121469809424203	2.24242482156071e-06	0.000155340576101578
T	0.00347082980178315	0.000122827108151354	0.856693531305065	4.12267921793854e-05	0.0023119842121044
R	0.12545937103255	3.94362072747630e-05	0.0248528638746594	0.000189963344008553	6.17986842856886e-34
K	0.0146584658782519	9.17821594267938e-06	0.00197123775520176	0.00103759197146295	8.33105392413065e-28
H	0.00666782294499725	3.01016007185836e-05	0.00389344942334433	0.000493639111830516	7.84875709919117e-33
N	0.00793356708310345	0.000444057870103516	0.000791132143884385	1.62695066784119e-05	3.43855122339591e-07
Q	0.00704760317495959	0.000476901708749267	0.0385075199404992	7.47436019778069e-05	2.88216355877468e-10
D	0.0069919573507783	0.0176466788464095	0.0110427159438913	3.47710505658749e-06	2.83067379764425e-05
E	0.00572612810206902	0.980369667344646	0.0397970431217047	7.48643238310484e-05	6.35468617100289e-06
P	2.99408731998038e-14	1.27031721398553e-13	3.86862367957103e-132	8.22750242549579e-08	2.69238360643683e-81
C	0	0	0	0	0
