	-4	-3	-2	-1	0
W	0.888538584059047	0.00148048156402368	0.00936612104630605	0.84330344933019	0
F	0.015882583394569	0.000384416845523429	0.0988872890648273	0.132400677585846	3.55780475773627e-239
Y	0.0147263645905763	0.00180098463290413	0.0523945061552395	0.0183121730530546	4.84946585856411e-268
M	0.00823157836387213	0.000589750469523082	0.00403578177069453	0.000300747343456622	5.68360676408852e-10
L	0.00205465016884483	6.43950061601906e-11	0.0141289201550934	0.000141001359468411	7.03445055505107e-19
I	0.00421542181189998	1.17945213818220e-11	0.0221919543247801	7.79951407317766e-05	0.00539422866431646
V	0.00115417892240048	1.92591647394331e-06	0.00697352798397203	0.000176770244839061	0.993441479037381
A	0.00127924260238190	0.0186654942180782	0.00386169249299558	3.44361240401476e-05	0.000488938883727301
G	0.00059262187253218	0.00115395431155120	8.3221711004369e-05	1.30525134682908e-06	1.76552558131662e-05
S	0.0109604725188355	0.107221567731410	0.0172521455428487	5.79563898296354e-05	2.54622777127806e-05
T	0.00503151483278418	0.0493782151118887	0.529954270611689	0.000164411310642577	0.000597200001042672
R	0.0081372429184154	0.0104975092353745	0.0200070359340175	0.00113945618027613	4.93207249215856e-16
K	0.00351787230144399	0.00344103496687767	0.0160059116825614	7.88411034126413e-05	1.01013270937662e-07
H	0.00477997485192534	0.00101755616219605	0.0353284223791722	0.00331620075796727	4.44034281631666e-25
N	0.00347705809233675	0.273819434727996	0.00786788428344706	1.10422623952728e-05	5.54133752769209e-07
Q	0.0100033186867430	0.0621182593417751	0.012134457076411	0.000404172362392426	9.28027330796843e-09
D	0.0155676489802972	0.236986614071573	0.00849438991849608	4.68109652233244e-05	1.26769597090219e-05
E	0.00184967103109504	0.231442800616553	0.141032467866444	3.24410672393211e-05	2.16939246393459e-05
P	1.15962160086034e-18	8.84649619805022e-14	4.82072703681666e-116	1.12167647643286e-07	3.11189327705579e-107
C	0	0	0	0	0
