	-4	-3	-2	-1	0
W	0.0725641392615831	0.00691488023813596	0.0241814548862721	0.992538807272477	0
F	0.0911380664048978	0.0128169492842109	0.226603936739223	0.000779678238021236	2.96384158409817e-196
Y	0.0756519132044282	0.00674335685697152	0.146634260340120	0.000800364608817414	0
M	0.102921058549750	0.0631256544160252	0.0407753786423593	0.000236250617777024	2.20356282559782e-06
L	0.0831357524208995	0.00325185411230128	0.032265076217207	0.000171288002742652	8.57843260162618e-11
I	0.0564867940441001	0.0253755039985032	0.136555010668751	0.000434930503485348	0.0110121702036459
V	0.0115666800262380	0.0127688820033945	0.0730717081176026	0.000151337262765667	0.980019426160916
A	0.0299085252601025	0.0584861904934218	0.00419029575089665	4.87667698048585e-05	0.00230954090066804
G	0.0096355241883977	0.0103245203449770	0.00112761623270771	1.72343437859872e-05	0.000202339142375636
S	0.0479904448142762	0.175983544506994	0.0134969454926487	3.56537918479909e-05	0.000321102864707575
T	0.0300793591547805	0.049003324884466	0.0271339270432693	0.000377986704610993	0.00535948381695286
R	0.091340849272041	0.099831948058856	0.0259817331444424	0.00324029967383364	2.45252019937286e-14
K	0.0417240235348562	0.189678173454451	0.0147024530613132	0.000233316309354214	2.21456433911500e-06
H	0.0496360399217702	0.0078552904153617	0.00954586387191162	0.000442467442963201	2.35653360089547e-22
N	0.02774680352727	0.032479353488174	0.0105874652278541	0.000159948197247850	1.16238620090739e-05
Q	0.074932884977461	0.166416667339633	0.0924854136734782	0.000107226843798004	8.1192582654944e-06
D	0.0544302320966785	0.0526954475312567	0.0507322692309272	0.000109715555174594	0.000164339147318855
E	0.0491109093404699	0.0262484585728654	0.0699291916590158	0.000112173402925274	0.000587436430166968
P	2.18022884339963e-22	1.24375230869592e-15	2.04079566287023e-84	2.55445856694633e-06	2.00548573874182e-88
C	0	0	0	0	0
