	-4	-3	-2	-1	0
W	0.131945403434039	7.85146835216135e-05	0.000442561978552940	0.987339643577268	0
F	0.0439975227189319	0.000468664476055355	0.008337209611554	0.00193329251498425	1.73163757109003e-277
Y	0.137922450373833	0.000972157920021751	0.00456100888262918	0.00157740731434373	0
M	0.085444706977275	0.000113411699052876	0.0034154441503396	1.82428783921866e-05	2.35933088805798e-23
L	0.0065043659404427	3.21156746388154e-07	0.000468910848336291	6.85107233531334e-05	3.29544707895893e-19
I	0.0100671319697741	2.47489547828303e-06	0.00496411167296453	8.39032424208696e-06	5.30884085494934e-05
V	0.00472530752301327	1.27432054033954e-06	0.0131655186398143	9.18310263854197e-06	0.997422119991289
A	0.00625416354356339	0.000414893299634233	0.000197740572840831	6.58442496661298e-06	0.0010518589565238
G	0.00208995012663814	0.000114376834042634	2.92317139127945e-05	1.63332996896486e-07	3.69653840829708e-05
S	0.045478428671265	0.0153939995923084	0.0039493078646124	3.18743134836211e-06	2.61543152467647e-05
T	0.00919632642149561	0.000728594509700761	0.390945036989023	9.45571806744275e-05	0.00139636434570583
R	0.27485752811085	8.23339037978499e-05	0.00679732220214026	0.00174954250176037	8.52202309256894e-45
K	0.0352442788643204	0.000577407902041206	0.00544887379775716	0.000367751698650003	4.04449370966333e-37
H	0.00690594824990867	0.000280594800755738	0.00594876560276806	0.00675636291587552	1.20578876381109e-27
N	0.0525659279493311	0.00269212753998128	0.00172351279535688	1.70184506769167e-05	4.30581286607168e-08
Q	0.0071506005180475	0.00410596722222839	0.0159400469033189	2.64711760931006e-05	7.7444107202666e-10
D	0.0320575554639501	0.271841082662747	0.0298193560671903	1.81582235130537e-05	1.04845983086301e-05
E	0.107592403143322	0.702131802581346	0.503846039706888	5.48164114813593e-06	2.92016772411095e-06
P	8.88548748299375e-19	1.19633817626825e-21	1.11955800703833e-128	5.05870749284097e-08	2.97892859982817e-90
C	0	0	0	0	0
