	-4	-3	-2	-1	0
W	0.174701285776187	0.0274782672410041	0.00980051364312117	0.070273102227935	0
F	0.0516026270341254	0.0067565315389729	0.0485644767815634	0.157420574111953	2.24076067693916e-53
Y	0.0675291943074335	0.00771888574956418	0.061254577760029	0.0624162325895601	4.49512843414235e-77
M	0.0696385417712591	0.0591923683423376	0.0381924125471426	0.00596049595892068	0.00172212736417213
L	0.0381991098987196	0.000226820826452303	0.0395623597191415	0.00931910059084238	2.31187264217387e-10
I	0.00320769896485945	6.18893268101822e-06	0.0292828905379366	0.00073629593234261	0.506436299918227
V	0.0180633939689376	0.00206571360924224	0.0131939586055985	0.00103663116218616	0.472394788116118
A	0.0101716500334244	0.136013976279215	0.0191481411436467	0.00228552931855331	0.00180623757043824
G	0.00871348934193397	0.0354744820906102	0.00434256720261433	0.000856261837116875	0.000282858698925490
S	0.0594013609375474	0.130008032982468	0.0278858871408784	0.00341983182879871	0.000777373011859008
T	0.0379602273533543	0.0208546349333204	0.213060450683653	0.000662121965716713	0.0111851159147444
R	0.121660247899969	0.0277728205709231	0.0898948021969818	0.251115971972605	7.47670910272547e-05
K	0.0449621432187364	0.0701675655279467	0.0423836369004864	0.054969526850251	0.000286228662705919
H	0.0101883039230892	0.00370982467471537	0.0170429808403903	0.290683759042777	1.62035193174612e-13
N	0.0338185337320341	0.0144581170164661	0.0155477533313150	0.0137791760268601	3.04311746278509e-05
Q	0.085023454622414	0.133796607242521	0.053236243438434	0.0239667558580486	0.000530823041046775
D	0.0917611812088406	0.0233462865034574	0.113971424998056	0.0110170556669661	0.000597943952584413
E	0.0733975560070476	0.300952875936510	0.163634922529012	0.0399278499509039	0.00387500525217474
P	8.80515797161165e-14	1.59224708390414e-12	1.41302173494780e-88	0.000153727107663865	4.21343398156115e-54
C	0	0	0	0	0
