	-4	-3	-2	-1	0
W	0.0113789294408555	2.13828029921293e-05	0.00189216501833299	0.681048177662547	0
F	0.00227790917082846	3.18799552258728e-05	0.0040131523255436	0.230961994959175	2.02861684273569e-137
Y	0.00728629233258903	8.84380435126714e-06	0.00611330139428124	0.0297390763748805	1.84561667015962e-241
M	0.0025094250450296	0.000165935180513603	0.00455300717471904	0.00103872296457240	1.22712304924258e-14
L	0.000200639485825936	8.93508578179844e-19	0.00136018909166251	0.000174181252932344	2.89399046864879e-20
I	0.00031356949960971	1.98434247847223e-07	0.0218660883442102	0.000126780634360215	0.000672921534851042
V	0.00186168221927139	2.63184918063931e-07	0.00519997671922887	0.000157768530430793	0.996793361293039
A	0.00649821768104648	0.000184025729891411	0.000556295256956044	2.70003303405984e-05	0.00122597998203239
G	0.00058006030394862	4.17668812619534e-05	2.83121771007853e-05	3.95097508633911e-06	6.71537026204933e-05
S	0.102282982989728	0.00407565389677756	0.00128604826434869	6.91188083009146e-05	7.06871717082624e-05
T	0.0104189392712000	0.000123903077730003	0.523168783555774	0.00045601558369129	0.00109436448690773
R	0.749554836214322	0.000239777330933941	0.212934869698971	0.0360708792939248	1.17862843485592e-32
K	0.0130847680578318	0.000164519979792631	0.0102794688190393	0.000270837412289044	2.3751904640343e-30
H	0.0103481895734306	6.51711247067218e-05	0.0445123808527138	0.0180341936624831	1.02720363193680e-28
N	0.0148742116012987	0.000243668898156464	0.00722086289147961	5.39972935424044e-05	1.54502533747227e-07
Q	0.0285524768148311	0.000927681662178937	0.0390855346480262	0.00145821088410726	1.12836451852514e-09
D	0.0209024757679659	0.0112375636785772	0.0249200116046246	8.27331614105094e-05	7.39833684861637e-05
E	0.0170743945303879	0.982467764377744	0.0910095521629871	0.000225945241154272	1.39282944464433e-06
P	5.20628506173734e-33	8.84873360186781e-18	5.46501598642191e-135	4.14974770662926e-07	2.14559899261630e-80
C	0	0	0	0	0
