	-4	-3	-2	-1	0
W	0.451929295216461	6.50381356805561e-07	0.0173034415834006	0.0185624678433112	0
F	0.052928085407523	4.75147041086318e-10	0.218135549767870	0.437298782723039	3.55419576070728e-141
Y	0.0682921899690448	1.82141579184757e-08	0.381856846258019	0.0900882500585705	1.97680602087084e-245
M	0.075483044638537	0.00526123998324385	0.00511321614121695	0.00485459897478888	4.12073561772197e-07
L	0.0123914331343771	4.6744731591136e-10	0.00260902572412237	0.00497676701528641	4.9726599100979e-11
I	0.00233913221907908	1.22003534230632e-14	0.0265760482120803	0.000334945057746177	0.07642675635283
V	0.00465915568588555	5.52303280036057e-05	0.192421955576278	0.000220837385299677	0.908304938347352
A	0.00969563872138812	0.0760033080374155	0.00475838284202302	0.00103865868558875	0.00410858126047914
G	0.0034729998260958	0.0556156417359928	0.000724231714030139	0.000707494097576304	0.00113192421786541
S	0.0149910134643522	0.131555394422115	0.00276421155815641	0.00199871870769772	0.00106164017553606
T	0.0168889628535689	0.015348457475456	0.0144124127078501	0.000849854901261365	0.0079185219851537
R	0.0551675374893779	0.000923291685785331	0.0424030684553048	0.0208902433036704	2.39932644325465e-14
K	0.0350391429912245	0.00431820826673128	0.0171516568651443	0.0219237934770307	9.94778078078259e-16
H	0.0160146418265514	6.03781618127311e-07	0.0100436370239229	0.275823389927094	3.631589523021e-25
N	0.0114441796948890	0.00469499596436671	0.00235772619662062	0.00633247133712873	3.19042494150342e-05
Q	0.0902798089250822	0.0208269938990519	0.0427335840896774	0.0263536966551041	1.43825385877316e-06
D	0.0436700024806921	0.263896873093685	0.00227900815572385	0.0257893838699703	0.000674279262354026
E	0.0353137354558703	0.421498885254626	0.0163559971285593	0.0619411698219221	0.000339603771842193
P	1.19146628188497e-17	2.06533788165164e-07	6.42787163052222e-91	1.44761579134558e-05	5.64399770796805e-50
C	0	0	0	0	0
