	-4	-3	-2	-1	0
W	0.313849174450145	0.0900526646272151	0.102632931863235	0.230938050501446	4.81993174115874e-283
F	0.036924196553435	0.0260858191567465	0.102302449636562	0.203365453771525	2.14083890745222e-71
Y	0.0275534936643775	0.0510237191537426	0.171108627914741	0.138532724185346	1.54123524014781e-103
M	0.0493831718891201	0.0121146882035404	0.0393787204291071	0.0267364997368616	0.000164669977739734
L	0.0131425568743073	0.00108884313957870	0.0528007307927176	0.0795850808246767	1.21215349238333e-11
I	0.00796969029541794	0.00200492572094735	0.0552729263710707	0.00751582208470292	0.0367685683009701
V	0.0150217470777041	0.0238744727468202	0.061278649744573	0.00391589019511966	0.828574665365345
A	0.0194779801835375	0.0806542601027639	0.0346954864162449	0.0073838948653707	0.0688867236340346
G	0.00306159255544846	0.00844567349497629	0.00206299766376379	0.00219714681616354	0.00801093470311925
S	0.0212990098990351	0.0323762630439942	0.0119285579802862	0.0071362185158944	0.0064642559346762
T	0.0476409759376339	0.0389471430602228	0.0252709182693261	0.00374682210490132	0.0396706288798973
R	0.133136495410242	0.139795777425925	0.139751634379819	0.0980252655366295	1.70670821559398e-08
K	0.0270334032393545	0.338922586102108	0.0402800930022108	0.0303404076289336	5.17093028412426e-05
H	0.0257789104136895	0.0106112902637248	0.0145091477017478	0.0663820386826487	1.49192679849922e-13
N	0.0170452498573178	0.00532128620089215	0.00467251178652334	0.00982546397402027	0.000117342200592679
Q	0.0650144698182965	0.0539012492465727	0.0713296977138937	0.0558884217289455	0.000338926453849541
D	0.116479875123828	0.0115024401601124	0.0103190044671474	0.00749127847637966	0.00295945925479321
E	0.0601880067547201	0.0732768139716604	0.0604049138670299	0.0204717824627715	0.00799209891278876
P	2.38917274786386e-12	8.41784570330808e-08	2.86070401862541e-75	0.000521737907662702	1.08745409530542e-55
C	0	0	0	0	0
