	-4	-3	-2	-1	0
W	0.0803215607768812	0.00392888235948697	0.0133308727632255	0.0827945699760659	0
F	0.0823674813657863	0.00621293571767261	0.17712974971328	0.379284432393818	2.01612335155722e-129
Y	0.0749098032925196	0.00302566537103586	0.100195861350701	0.278084862147896	4.39643503075306e-136
M	0.0647716146631569	0.0416648326984851	0.0255165810041329	0.00982659718113504	1.65539576384689e-06
L	0.0124068907189177	0.000240077767813002	0.0739538101438618	0.00662439290864367	3.67438893750761e-16
I	0.0222500046953903	0.000132046030390973	0.209658479525216	2.30687453238254e-10	0.118936792767304
V	0.0121910661848316	0.0199211290526526	0.120320150202769	7.48837995928635e-09	0.795637967349176
A	0.0172239739036216	0.0576282961788381	0.00662086347236726	0.00197655906483913	0.0454729456000004
G	0.00810634997429719	0.0769142781603687	0.000710913366129323	0.000350029691826876	0.00345564135499721
S	0.0591571878764573	0.0586756630907539	0.00370149803906583	0.00152456068769696	0.00589293977562192
T	0.0400341909683481	0.130185306443273	0.0172445881472109	0.000711414668119477	0.0260649665823830
R	0.25340347651626	0.00258676411078359	0.0680047652183001	0.0513023532307988	1.60821533696765e-15
K	0.0630172881180653	0.0385757524775569	0.0320389708988393	0.0127059410548569	3.94963434314627e-07
H	0.0208850665062953	0.0146169803814465	0.0258431639318404	0.0637145809195302	2.26749824844155e-14
N	0.0451002604911527	0.0619418479850052	0.00369061271499177	0.00361430013924502	0.000181605210989178
Q	0.0529775415656042	0.0588785954667787	0.0569411367733946	0.00614515314049334	0.000315298475852501
D	0.0367966137533892	0.350760896469315	0.00381004753687225	0.0258809435523013	0.00267789663528761
E	0.0540796286290248	0.0741100473548549	0.0612879351978024	0.0754039876355441	0.00136189588916506
P	6.47176053203585e-16	2.88348833168161e-09	1.23715444952881e-76	5.53138881220272e-05	1.47382650117775e-39
C	0	0	0	0	0
