	-4	-3	-2	-1	0
W	0.667152498784984	0.000247244740815410	0.000659994737740686	0.927944793475623	0
F	0.104636620261824	6.00858402458358e-05	0.0716297766190171	0.055311009883275	1.14898540475592e-115
Y	0.0230497733176101	4.9756037590309e-06	0.0582693806284475	0.00444559778949827	1.02213459436841e-209
M	0.00688601742600178	0.000282387255301702	0.0220171595917104	0.000434667367920957	6.79287387163665e-10
L	0.00272654138177036	3.47975269897933e-12	0.0166467104812905	0.000606162279990299	2.63295763416231e-20
I	0.00120591594888785	1.45310866969164e-10	0.0703517562506192	0.000188828080176211	0.0004606689195282
V	0.000440483523089110	1.41908545679425e-07	0.0399644435017664	8.10393898920773e-05	0.998577038060625
A	0.00128720260317693	0.000588343099481769	0.00707600523276186	2.90723712377318e-06	0.000154942027513917
G	0.00150676369066950	6.44601703681945e-05	1.37638813097201e-05	2.71247124178599e-06	3.28792174764469e-05
S	0.00989206924669553	0.0102817668725231	0.0218478509925936	6.00371554628758e-05	1.97480355067507e-05
T	0.0048392761420248	0.000827719211079127	0.248765456144993	0.000225402053510186	0.000745219349821131
R	0.0979834959236935	0.00118621884913966	0.0193855980961642	0.00899803928158137	5.52657465106871e-18
K	0.00322049123288878	0.000375398502681769	0.0294674917383088	0.000151938540417059	2.0922142300114e-14
H	0.0214813800414714	3.4138029917051e-05	0.139099836410403	0.000825775044836058	2.62475326251113e-33
N	0.00321062455787411	0.000857817816125104	0.0297899463444902	0.000227510326873898	1.10795441230774e-07
Q	0.0137230271159124	0.000454719664814403	0.0495496377265413	0.000431796325007415	1.14199779731847e-08
D	0.0153193602101278	0.146869634197614	0.0387287584534656	2.66533121705557e-05	3.29020485056323e-06
E	0.0214384585912951	0.837864947980378	0.136736433168378	3.49927796728163e-05	6.09128995066756e-06
P	2.75923227764443e-15	1.08419496423106e-10	2.54949439081709e-128	1.37205726417356e-07	6.03144119410136e-67
C	0	0	0	0	0
