	-4	-3	-2	-1	0
W	0.457630131822477	2.63727225543247e-05	0.0277493655276246	0.547638083681865	0
F	0.139220827482816	6.29209665278484e-05	0.0922812850688354	0.427344590295709	0
Y	0.0359085230804239	9.16321573907485e-05	0.375861902587739	0.00988573207209845	0
M	0.0242960569832076	0.000131305051565928	0.00743103548181129	6.5767771131318e-05	1.84634562167422e-21
L	0.0626843060253936	4.97152518777613e-12	0.0114228850031122	0.000277994140161677	2.18248825078385e-24
I	0.00295962151970034	5.5396748308835e-07	0.170737302585603	4.99816777343283e-05	0.000372095202478425
V	0.00108972787995883	1.52515267642585e-06	0.0708920639094808	0.000130793048292395	0.993858819384145
A	0.00339688750496844	0.000460993737683552	0.00208757529742323	1.12770022658008e-05	0.00114555426315200
G	0.00270783327989941	2.30335671974592e-05	9.86461582303873e-05	2.48474846074184e-06	0.000240246969315008
S	0.0399078501846343	0.00143655982912834	0.00305794841839149	0.00012922679385212	0.000226572485382565
T	0.0229067860405708	0.000430786882454161	0.023539940902886	8.04066012368632e-05	0.0040853841802683
R	0.0955040787195918	0.00010437023336838	0.0579906039414407	0.00384968923516607	2.14287581864274e-67
K	0.0300644229958514	2.69249098390896e-05	0.0158658821013776	0.000224193661651506	6.17983974820142e-24
H	0.00288072512286939	0.000160740689006194	0.00358343376305287	0.0099551549651444	3.4946232001584e-48
N	0.0183551363978447	9.91741579331194e-05	0.00330227542190192	7.65810327159419e-05	8.10814753887298e-07
Q	0.0201010032681749	0.000848012954325545	0.0784751400463289	0.000227644663182104	1.12655206280699e-10
D	0.0328895250454939	0.0193487077461770	0.00439990838304387	2.68030274524808e-05	6.80081098002044e-05
E	0.007496556646123	0.976746385268934	0.0512228054017163	2.35582126551755e-05	2.5084780493319e-06
P	3.61181214656502e-23	7.83060847903405e-13	2.81467343275726e-121	3.73692243253554e-08	2.74045120615927e-71
C	0	0	0	0	0
