	-4	-3	-2	-1	0
W	0.163630684995312	0.000946708355005475	0.0039987957411801	0.987999210164474	0
F	0.169141514782800	0.00412875177068025	0.00123789535097779	0.000798954087303041	4.69496527194622e-170
Y	0.0307457388706121	0.00523729223600551	0.000250698399521346	0.00179210209015485	7.79310505143124e-219
M	0.0465923705890925	0.00288988301292036	0.00127470198684863	3.83793451166404e-05	4.19306770842571e-11
L	0.020699461345811	1.73366444749565e-06	0.00098537454734754	8.68980817619863e-05	1.63164620935311e-18
I	0.00430162746778543	0.00153213222306107	0.00112743549270504	3.56189740803742e-05	0.00387764387907701
V	0.00206189249884814	0.00130959620047438	0.00129062928480377	4.67334967455278e-05	0.990063029013191
A	0.00245720889411669	0.0388771385389117	0.000456839253988988	9.14566823685044e-06	0.00298942529447116
G	0.00166268422495287	0.00153004900870074	1.22406901465984e-05	1.72038119086256e-06	6.88673164950739e-05
S	0.062188266302525	0.0743123871824557	0.0078516023119006	1.56107129386103e-05	0.000119963592480259
T	0.00512426139608864	0.0858359709173268	0.91404647786692	0.000257887365172585	0.00284915631375394
R	0.209990970316956	0.0113324717549491	0.00577949242165587	0.00581309136060617	1.30453650099986e-19
K	0.0309129234901869	0.00331934540109039	0.00127430395956747	0.000536295694781617	1.99526723372055e-10
H	0.00652393211998362	0.00276629888718447	0.00233849038515502	0.000399137000949350	2.38073003911334e-32
N	0.113486127247589	0.194046783994851	0.000416094914188814	4.04875296838653e-05	2.08758581273602e-07
Q	0.0255567213823803	0.121366765439885	0.0180730321026995	0.00210750335001075	1.36789975457853e-08
D	0.0790945089586282	0.338447739925193	0.00357864675222301	1.45044078869766e-05	1.85604710613652e-05
E	0.0258291051163312	0.112118951463105	0.0360072485381693	6.67933912197656e-06	1.31314404338058e-05
P	5.79021968971602e-17	2.37525823212061e-11	8.22403284033702e-138	4.09497842849210e-08	7.01692645677673e-73
C	0	0	0	0	0
