	-4	-3	-2	-1	0
W	0.286530821604584	6.23697454826255e-05	0.0142794947521578	0.972949727200605	0
F	0.110315352718818	0.000115236237619773	0.00789376673778693	0.0115645930304540	1.68267483988864e-191
Y	0.031251157305721	4.1464423805616e-05	0.0106270318383765	0.00489319809546479	0
M	0.0486234175518192	9.32450641746444e-05	0.0190926013472752	3.04890706205062e-05	5.32362528200171e-10
L	0.0167976186009771	2.51032288371891e-11	0.00786925210447107	5.95961979915209e-05	1.18349781604539e-18
I	0.00696542466818532	4.72882699515716e-06	0.0092778647539477	5.13121889290474e-05	0.00250141330303616
V	0.00642033228401535	5.02846931711729e-06	0.0440447149850743	8.07666348542993e-05	0.995657241175594
A	0.0180896841630025	0.000615365846727738	0.00228683930974366	1.75718291072531e-05	0.00045539043728684
G	0.00670656497939918	6.98847487137174e-05	3.75663808877488e-05	2.68785805427738e-06	2.29683898121857e-05
S	0.0140106193146129	0.0192697124263219	0.0213774913055922	5.66638708948071e-05	7.93229259477736e-05
T	0.0397526716294855	0.000357752922051945	0.658311797488016	0.000625989795408965	0.00123894163149384
R	0.244441722128855	0.000573502397462734	0.0156818181158149	0.00709618031534544	2.29654826610044e-18
K	0.0577623979330232	5.40984109226604e-05	0.0260692121938844	0.000521812318020088	5.14934264349301e-16
H	0.0514302349242785	4.16404926661723e-05	0.00521652844677783	0.00143882042280658	3.68859163043324e-33
N	0.00306851094746050	0.000138618630229252	0.00326571954458817	7.52628730345919e-05	5.03442670092362e-07
Q	0.0324752428105512	0.000437139948786353	0.0884732806867578	0.000493543468596409	1.19084343898538e-07
D	0.0210626398618954	0.0334165314579436	0.0229134437589878	2.54736058718541e-05	3.59179164299749e-05
E	0.00429558657329616	0.944703679925472	0.04328157624986	1.62562212044202e-05	8.18116102272459e-06
P	1.97180299923862e-14	2.03564987651761e-13	1.91588941660229e-141	5.50027356885337e-08	7.52383258405184e-117
C	0	0	0	0	0
