	-4	-3	-2	-1	0
W	0.26538560399814	0.000803597686673993	0.0185422424336025	0.0349948336591764	2.42643750242410e-315
F	0.0554358992281017	0.00161561580745526	0.0215836160332352	0.178888244482738	2.72511503243301e-56
Y	0.086411615020718	0.00157540620703921	0.0281056687598700	0.0346410339456448	3.24831098609672e-74
M	0.0529876888255008	0.0193232683841497	0.0912319422102576	0.00744382454434944	1.35623324494065e-06
L	0.01344373286483	0.00136426990410187	0.0305937130218208	0.0131665595341728	1.25179059370046e-09
I	0.0104662285022084	1.78868516198566e-05	0.0439042749059744	0.00056914580984623	0.0901982212886951
V	0.0103733179960426	0.00219106839703787	0.0533102750464374	0.000285487562335914	0.780948060540095
A	0.0278834841775028	0.0414427333540789	0.0320233466553795	0.00199026728941205	0.0625092783727743
G	0.0112858655003492	0.0118010536830464	0.0045511669051991	0.000534725930506382	0.00849133246868045
S	0.0334367753424384	0.0712290559726296	0.0398262248901854	0.00501599843018064	0.0139552660975065
T	0.0129119465385706	0.031735257894786	0.0829261757683474	0.00117793279902500	0.032227526700304
R	0.069976924740988	0.0740951731623446	0.21848326716902	0.294936787797163	8.48918280346287e-11
K	0.0452094909577511	0.270342850200546	0.0573933945289867	0.220601976759287	6.29177602000653e-05
H	0.0140290227316954	0.0131493425472419	0.0824726439404732	0.14949131302673	2.55593174361864e-15
N	0.0378658328643909	0.0332405462277077	0.00634449058010326	0.0182724709396926	0.00046514264203123
Q	0.0788440737712469	0.0635404981746306	0.0554598913897374	0.0204181497783451	0.000198613232544268
D	0.0762077867511993	0.201704738424204	0.0248088592999788	0.0111205563642458	0.00364785196320145
E	0.0978447101882968	0.160827637118920	0.108438806461391	0.00629208860294301	0.0072944313640378
P	2.92336724247847e-14	1.78681686041075e-12	1.28538895756469e-96	0.000158602744205893	3.53613958700306e-52
C	0	0	0	0	0
