	-4	-3	-2	-1	0
W	0.63547314381902	4.84417033604194e-06	0.000663505963310212	0.950188317120725	0
F	0.148924848907794	1.51425980051329e-05	0.0134959233635244	0.0415545841826714	0
Y	0.0530088480527247	3.90477134771983e-05	0.0166379663021445	0.00703615923859867	0
M	0.00812512965267215	0.00030537949414296	0.00700517255169392	3.40457377665618e-05	2.37199372074675e-11
L	0.000631617292521887	3.96068407318236e-09	0.00144467276734136	5.71279116189002e-05	6.11233032867685e-13
I	0.000373653610391527	3.70233269593391e-10	0.0225358603144154	1.91768234042301e-05	0.000271922142707681
V	0.000578147477836216	2.98566525093665e-07	0.00627324293238105	5.39271322419873e-05	0.996587722722327
A	0.00144531895035628	0.000974209938697248	0.000260140154501351	2.42710075236261e-06	0.00177127296360645
G	0.00065568019819017	2.15772774174755e-05	9.91658736834564e-06	1.59179577141515e-07	6.8831873326803e-05
S	0.0101197984591866	0.0121643997860856	0.00387489174528799	4.72229621551299e-06	0.000130727928175451
T	0.0160532922137328	0.000286159137373416	0.848060183232541	7.3120814460423e-05	0.00112852774427551
R	0.0274181466855913	0.000217254775977235	0.0147829260560642	0.000184646854505968	3.66497151346375e-25
K	0.0102344120421764	8.39128837604077e-05	0.0045745564832657	1.94146314716348e-05	3.69615583105711e-22
H	0.00698519880682367	0.000131755791320911	0.0131014770034394	0.000672531938677639	1.09996862218747e-61
N	0.0104798889550482	0.00105442665422519	0.00784321705722254	2.94686837023394e-05	1.06332998284589e-07
Q	0.0516286025768466	0.00516252688500487	0.0210989060286028	4.05363058382508e-05	2.83004189354193e-10
D	0.0121077217669728	0.107493432888630	0.0105596566709950	8.51403985461357e-06	3.75537156611535e-05
E	0.00575655053211002	0.872045627108027	0.0077777847859006	2.11152776174228e-05	3.33426958639732e-06
P	5.04631626169437e-15	7.73540517939766e-14	4.85265412408948e-120	4.7303002661956e-09	4.18544500157894e-82
C	0	0	0	0	0
