	-4	-3	-2	-1	0
W	0.8139584252594	0.0310321733001249	0.0500085436258276	0.201127231538129	0
F	0.0145856918118374	0.0402096646922237	0.158247034755514	0.640938955116129	8.57023067640448e-172
Y	0.0106268930894267	0.0559737802102797	0.263181126352177	0.077967541531836	5.75657338048458e-303
M	0.0245236622545048	0.0517437669703593	0.0113894899518697	0.00189476774013427	5.37890163053259e-08
L	0.0051050004609892	0.00241858314659232	0.00659513956377119	0.00151050980667001	1.02923357004157e-09
I	0.00120080921613594	0.00147488520505440	0.116087936629439	0.00169536913914083	0.197983505699578
V	0.00130957053677335	0.0065512873730328	0.150707329236908	0.000737167746049753	0.788355512587735
A	0.00314672935048942	0.0350439851715796	0.00459652937191467	0.000339980791369769	0.00418750162522099
G	0.00211488852907471	0.0117681892166423	0.000972127684847508	5.25566546086583e-05	0.000446388764284917
S	0.00648040600076812	0.0913258106372425	0.00533344069219041	0.000545057523966965	0.00108325734960430
T	0.00517755755681372	0.0165074467456729	0.0144001867577718	0.00279481843556349	0.00652596766168335
R	0.0529980398332891	0.190060038097834	0.0848724871260366	0.0121370600232319	4.12562467946890e-14
K	0.0105618005101133	0.026016387887844	0.0175911053399143	0.000540312413861797	1.00214396067843e-05
H	0.00481226620829463	0.0153453699074023	0.0140241290256581	0.0205088403214916	1.10380675379448e-18
N	0.00517090501027353	0.0251627260111875	0.00433497858743964	0.000601455000943957	5.95060269881722e-05
Q	0.0136175041910811	0.106854968796161	0.047786856053975	0.00169190927906413	1.22489382314143e-05
D	0.0106433907244622	0.0230032547086873	0.00400471133215425	0.00772823118141722	0.000428304632891904
E	0.0139664594562610	0.269507681839591	0.0458668479125906	0.0271755753553029	0.000907730455884174
P	1.19276215406987e-14	8.24885943834353e-11	7.5685627831825e-85	1.26604010885985e-05	1.33188779263988e-56
C	0	0	0	0	0
