	-4	-3	-2	-1	0
W	0.155732560336849	1.22914617071775e-06	0.000454328287641518	0.867235395497876	0
F	0.109038437826980	2.11158275985502e-05	0.00678546119787408	0.101551108580053	4.41359858021114e-143
Y	0.251341809914464	3.35925141592228e-05	0.00268249724519335	0.0232971580868262	3.38206098978908e-219
M	0.0293654164413490	6.04680606383357e-05	0.00611132991105045	4.95629758418557e-05	5.61325463014406e-08
L	0.00227438031128563	8.37272742325858e-24	0.00504873562389744	2.64552411019074e-05	1.25164687846177e-15
I	0.00250695783839240	3.3065208214809e-08	0.00144410067240052	8.57483278471305e-05	0.0220349478641751
V	0.000902767329350665	9.02021448914922e-07	0.00501266239239034	3.38736599840096e-05	0.976854329491674
A	0.00167985298800120	0.000135737058166193	0.000427348259905707	3.60996173982081e-05	0.000335886568226114
G	0.000870899125249131	2.73163720892784e-05	4.52620473286197e-06	3.45624572383349e-06	1.18411430068837e-05
S	0.0119611229680516	0.00148844466497712	0.00109801350887189	2.4034936781024e-05	2.16105664213858e-05
T	0.0383623601987089	0.000106569176087130	0.941463955545087	0.000208531672913501	0.000715623338328669
R	0.176010193045149	0.000282090534455850	0.00714810362034968	0.00199460208495731	1.51472903351802e-15
K	0.0191877173238333	7.7191366219231e-05	0.0137595268152598	0.000416981463559315	2.56515064924085e-13
H	0.0134354406787553	1.92016977273901e-05	0.00099818300808239	0.00440499212421578	1.01428019358581e-26
N	0.0200705007618334	0.000347025361302812	0.000632773514782846	7.38776749351285e-05	3.41078234142273e-07
Q	0.0212046449051108	8.47281455753408e-05	0.00214515970457627	0.000133988270535794	3.19709208300173e-08
D	0.133997819436951	0.00733118053627996	0.00150925947268389	3.67275900909792e-05	1.83700685686176e-05
E	0.0120571185696859	0.989983174451896	0.00327403501522020	0.000387386075706269	6.96177763831535e-06
P	2.07976957353950e-28	2.25086517548752e-18	4.32179120833736e-153	1.98736533031706e-08	6.49930142363432e-79
C	0	0	0	0	0
