	-4	-3	-2	-1	0
W	0.0822889628026771	6.27086688159148e-05	0.0476466763200685	0.625634697787304	0
F	0.196843301566536	0.000201915300470045	0.0364092965252121	0.138913121116088	0
Y	0.0392298450200772	0.000107965967489329	0.262303270465363	0.0511047496093778	0
M	0.0086107008548417	8.78087600941348e-05	0.0136630683829277	0.00163676962778591	6.06867820320712e-13
L	0.00409007500073736	5.03228130824037e-09	0.00644101355483112	0.00128549552235047	1.75630369288041e-14
I	0.00227986171806163	1.30555558845643e-09	0.0825145069879934	0.00151531375449074	0.00329816932736501
V	0.00124384777374286	3.9764940088078e-08	0.0613041838238174	0.000623196471936027	0.994809299630104
A	0.00468667671629561	0.00127398679072091	0.00328561853693605	0.000484294387780445	0.000516888991074031
G	0.000734530766632252	0.000237100085764059	0.000237978105307727	3.47878045447975e-05	6.13041684019067e-05
S	0.0209687234802653	0.0114933833689594	0.0309747900442028	0.000346580470294096	2.69579896305837e-05
T	0.0294277545172138	0.00103514513064352	0.0496900055146762	0.00190530347409905	0.00124923107353364
R	0.325119965989774	0.000600931269267982	0.0304486654104815	0.104001935876069	2.15372084717905e-28
K	0.0227560744308604	4.94283665517513e-05	0.0225654325268059	0.0047323219679467	2.21709743576039e-15
H	0.00477866299178425	9.20361511807653e-05	0.00217577547750439	0.0604257403799832	1.03650231267828e-31
N	0.0622945499664139	0.00308394230766685	0.00665091755490471	0.00101765307919560	1.36632849198951e-07
Q	0.097700238302402	0.000591112948055477	0.116411301568456	0.00581464282073007	1.51495619418050e-07
D	0.0712665410531365	0.0452378803705492	0.0222165650175795	0.000198783195428846	2.31084096707548e-05
E	0.0256796870485475	0.93584460822359	0.205060934182932	0.000321833995215366	1.47522811246430e-05
P	1.86276851426400e-19	1.87403099451244e-10	2.01020913714529e-114	2.77865937997159e-06	1.29932002588553e-70
C	0	0	0	0	0
