	-4	-3	-2	-1	0
W	0.599672302436091	5.85442021919857e-06	0.0598657399106483	0.996611802173422	0
F	0.0650108939793491	1.03664910592366e-06	0.59189849743965	0.00194583508704112	7.94412331360982e-266
Y	0.137244055835141	2.49675760714231e-05	0.145393658001973	0.000782110622487991	0
M	0.0250035894677537	6.7443628021935e-05	0.00666970319498545	2.02266716091226e-05	5.86338489294184e-14
L	0.00753156519328955	2.21880024554645e-26	0.00350413183037492	3.24458723784238e-05	1.31543459948582e-20
I	0.00122526371295428	7.97910809963153e-07	0.114825142128894	9.4458463968317e-07	0.00426011039304370
V	0.0043020169274388	2.60403691470407e-06	0.0223420065768836	8.55705466705756e-06	0.99393333925155
A	0.00400363594880676	0.00047510894200217	0.00161458268384537	2.39446206933998e-06	0.000710108154297479
G	0.00184861491138961	3.44734380158548e-05	0.000122508084521407	3.91128210983903e-07	3.56195155002486e-05
S	0.0174001756255941	0.0118467771997605	0.00136738707534480	2.19035279002225e-06	0.000176492488275460
T	0.0272276842523593	0.000534924730878924	0.0109178663481038	1.52902347984009e-05	0.000873974987317278
R	0.0339022902692367	0.000180010580192203	0.0160685043408664	0.000115316734483741	1.7560555860922e-37
K	0.00307016487929328	4.72844999769362e-05	0.00303026990362394	5.41951740598834e-05	4.54642427597095e-40
H	0.0039534126694652	1.25604051795409e-05	0.00177418458703284	8.2775793937218e-05	2.79224174672864e-41
N	0.00923503864587061	0.000758273787834557	0.00052376679950372	1.74721867332115e-05	1.44945531883496e-08
Q	0.0206073613129778	0.0046864483217818	0.00491620882345683	0.000299448078242553	2.81751865244922e-09
D	0.0314683960862886	0.0110838604240475	0.00117319687289863	4.28449367098487e-06	9.33619468816966e-06
E	0.00729353784669992	0.97023757341101	0.0139926453973934	4.31740789855454e-06	1.00170319606257e-06
P	3.57528567585108e-18	3.81767904119387e-11	5.02625067189988e-106	1.88685948348007e-09	1.24077615360077e-68
C	0	0	0	0	0
