	-4	-3	-2	-1	0
W	0.458573021039996	0.000753498869085991	0.00310979279868676	0.96741112190687	0
F	0.100676699667027	0.000336901829267407	0.00499830698777803	0.018391237678169	4.93223080451098e-59
Y	0.0716710738101014	0.00146620442509509	0.00401721997448661	0.00612912977548544	1.36373874830438e-80
M	0.0138406569076103	0.00738361590534251	0.000629543175665837	0.000820629176010884	0.000137557499247383
L	0.0298808417215709	0.000355086860128476	0.00120270413885645	0.000154069142541061	1.10754367770644e-09
I	0.00525835297355715	0.000151351003140123	0.00231273240632498	0.000501655039346705	0.343636626329766
V	0.00367909191119895	0.000656828618319081	0.00260011568430188	0.000637503547048536	0.651345869475453
A	0.00485726886534266	0.00615567433284916	0.00349438188031164	6.51992939868607e-05	0.00130884740332310
G	0.00179022847423863	0.000422538495075509	0.000719456857805516	8.73629115114794e-06	0.000232616435607755
S	0.0118894458612255	0.00184190869447855	0.0500423682549938	0.000119491428595566	0.000296962171282277
T	0.0186219545394287	0.00114960570189477	0.00623146194972429	0.00067362094194394	0.00236274308641392
R	0.173499151582199	0.00506878174659494	0.811820259890884	0.00118896094243210	1.1641640665177e-05
K	0.0114636852603585	0.000366338545080045	0.0046991541787653	0.000303470195405591	4.00553142670793e-05
H	0.0253830284544937	0.00280601037301996	0.00307273380999147	0.00214219850482544	2.55165407733445e-18
N	0.0215388524502435	0.00183945823682275	0.00182783284992733	0.000125801491594331	1.94200636179439e-05
Q	0.0155200207977260	0.00912847718604492	0.0375433771862357	0.000444677597196173	1.58469141850307e-05
D	0.02166573090366	0.0128424098317151	0.00439143074955113	8.5294911023547e-05	0.000172265216778172
E	0.010190894780022	0.947275309332091	0.0572871272257099	0.000795163709870188	0.000419547341848538
P	3.33814755143335e-25	1.39540863078365e-11	1.09686832276857e-85	2.03842650262991e-06	9.10959929348399e-51
C	0	0	0	0	0
