	-4	-3	-2	-1	0
W	0.415429392988761	0.0463210467469219	0.00324241746194047	0.0663993892437253	0
F	0.0192254450511150	0.0984090406403661	0.00146972402973636	0.676442453315602	1.51224605669953e-103
Y	0.0173526750322724	0.087337772508117	0.00319888957558965	0.0998720428376672	2.74825670153079e-116
M	0.161109794021984	0.0519016259696775	0.00155826675029937	0.0049188489019664	4.34561437961634e-06
L	0.00609220453242385	0.00386388441071971	0.00206761403905712	0.0080073030031	3.66952894636183e-11
I	0.00257024057159916	0.00470107770196654	0.00084964989339635	0.0108104444515679	0.124003396300239
V	0.0074651984449964	0.0069549878894366	0.00509840447988639	0.00649444406138976	0.853731744503744
A	0.0153975533895169	0.0614249367379444	0.00125450528644178	0.000963855278011647	0.00590994547592161
G	0.00258262920582038	0.00602073684167996	0.000317086554888572	0.000342971848577923	0.00120133998400076
S	0.0392723870577	0.119292708347191	0.00386728388537582	0.00151181465186995	0.00195629635852146
T	0.0199561906469663	0.0155364500463262	0.00240333328915892	0.0132838229125430	0.00917714697578632
R	0.100919858965584	0.137558857504249	0.00668860609851566	0.0274010973566618	8.28863896742417e-09
K	0.0893870341448904	0.0626648387742423	0.0021060731315088	0.0040672527238505	5.55845143206977e-06
H	0.00771281655522113	0.0111065332387322	0.00211969970909454	0.0684717163505475	5.65734550219855e-18
N	0.0199787221996389	0.0131113390608353	0.00345013964616413	0.00296863605374952	4.00645686103791e-05
Q	0.0118976844748603	0.0507597023901074	0.0188796665598674	0.0053095320964858	1.99397938685947e-05
D	0.0351875802636905	0.0265144641137066	0.168354338033601	0.00142077984067868	0.00107621565176844
E	0.028462592452885	0.196519770882555	0.773074301575478	0.00128680748546473	0.00287399799639403
P	7.37716632332322e-14	2.26195224639663e-07	4.42861829438612e-82	2.67875865405276e-05	7.18714252070044e-54
C	0	0	0	0	0
