	-4	-3	-2	-1	0
W	0.115913562214202	0.000158872969120639	0.00212355961960988	0.103640600459202	0
F	0.091213569969657	6.46644261471536e-06	0.00652087822444327	0.658584716368854	1.39008210494310e-90
Y	0.0461715695397768	0.000746833206398618	0.0191905115194073	0.0372076914097408	3.33837901249724e-165
M	0.0759651114397543	0.000413899096034172	0.00202605587575903	0.00150208951157188	5.36193780234998e-06
L	0.0394608097901428	9.78252088486975e-17	0.00182936995216081	0.00790591544287007	8.47961598976135e-09
I	0.000203088856030840	2.60607417428023e-06	0.00447991429527073	4.62867635919879e-07	0.0033458645175548
V	0.00342025832161853	0.000325757003279213	0.00176222616025994	1.52329453650036e-06	0.98230163769622
A	0.0172185356456468	0.176915408078059	0.00089770605951366	0.000232783717320379	0.00772128124470232
G	0.0102759911812760	0.0504644611853834	0.000538860330910594	0.00014683610972619	0.000653451676880318
S	0.0382719569837275	0.33995304267274	0.038181881675886	0.00087979243952673	0.00193607850992098
T	0.0180928160266263	0.0129361702781442	0.00501449009339597	4.29188761380701e-05	0.00355143310292225
R	0.0715664055100504	0.00136010087137998	0.881332311134163	0.0100556609850353	4.25185247271563e-09
K	0.0536871536996494	0.000638908054685593	0.0122711414195383	0.00173063620081489	2.11434522623410e-08
H	0.0168639533898464	4.67617976146442e-05	0.00267753216749617	0.0808178461837668	1.19209502980650e-20
N	0.096793730695546	0.0108434162972472	0.00165802141285082	0.00366228964906946	2.16476720514885e-05
Q	0.124903100659647	0.0104981604031093	0.0134251688342117	0.0114011534046568	5.54900421989887e-06
D	0.113935860959557	0.273873377289835	0.000608385720204794	0.0158313202545121	0.000335041459680034
E	0.0660425250836397	0.120815735215327	0.00546198550491809	0.0663184224442353	0.000122619303125042
P	3.36050280159775e-11	2.30648525349614e-08	1.87758535071403e-99	3.73403807862676e-05	4.42148733644725e-59
C	0	0	0	0	0
