	-4	-3	-2	-1	0
W	0.151667708460578	0.0307258055765718	0.0204265519586351	0.491083914501096	0
F	0.0432346389805634	0.0422249017651125	0.0844960394148085	0.0245143326308624	7.0767697888319e-58
Y	0.0894094079047137	0.0413186373480485	0.132097218886975	0.0246667533031182	3.09703311471488e-156
M	0.047623321708063	0.0467377837627857	0.0360798082661765	0.00411963287095428	8.0733836847788e-11
L	0.0344381251257387	1.84774853889562e-09	0.039644487662716	0.00696375002521333	2.49462129086162e-10
I	0.00778315200202171	0.00242834272027080	0.267615887101489	0.00817504129318574	0.105341547499828
V	0.00787915535059717	0.00313136200875506	0.08688570639095	0.00672334701896711	0.847158409248599
A	0.01938312352958	0.0644282026054219	0.00964950012803884	0.00122384473655968	0.0138194456639321
G	0.00596983938788032	0.00930430232909556	0.00142044182420727	0.000357789071631291	0.00421512512643044
S	0.029432908414752	0.0646817706837416	0.0152558846874546	0.0065884919706528	0.0020959301784766
T	0.0465923677602231	0.0334766227665291	0.0310536746211456	0.0406754100771661	0.0194817361287067
R	0.169750107940483	0.172639847818605	0.0506160710505067	0.25485654305496	1.33600785470234e-14
K	0.0572101561516315	0.0996011483571469	0.0376998200063261	0.0930276568766741	3.10339653077372e-08
H	0.0202946062719923	0.00769757473428467	0.0225559308554235	0.0202894288319591	4.47791628408176e-09
N	0.0939710543716718	0.00922273264269003	0.00979945875822507	0.00518616995794956	0.000105948057967806
Q	0.0493700396302851	0.241575293051016	0.0787515199691323	0.00699079006818927	0.000113134772873251
D	0.0602084204135382	0.0212506502845645	0.0138958795346851	0.00198813676108742	0.00111113684701318
E	0.0657818665956863	0.109555004454496	0.0620561188831045	0.00255033403850219	0.0065575506340819
P	5.20775737401115e-19	1.52431151738232e-08	4.71525141688422e-85	1.86329112713792e-05	1.81379849141828e-80
C	0	0	0	0	0
