	-4	-3	-2	-1	0
W	0.0597871116943094	3.36567865500975e-05	0.00430461862423813	0.179772276829636	8.84712201807005e-311
F	0.033109291895674	2.6746750517137e-05	0.00697534556237958	0.159754527455478	4.40807807688942e-19
Y	0.0793859749928005	4.27194969687238e-05	0.00511771208905676	0.0462948698807246	9.3747000087769e-19
M	0.0668414535160368	0.000897324844339212	0.00171132884907347	0.00464304468836201	6.4356230891141e-05
L	0.0224690639835918	4.42894251666812e-09	0.00177423327412328	0.00505453881091672	2.39686451271354e-14
I	0.000235606240455415	3.28236454751812e-08	0.00209961112964127	0.000680471394531156	0.126781982179472
V	0.000881810120716687	9.37692739396398e-08	0.00240688017431666	0.000588793474538274	0.496361231242935
A	0.0129267198906880	0.323841235567677	0.00291522311283981	0.00320617875993864	0.293051670828273
G	0.00675172614845291	0.360739171197520	0.000833784590472076	0.000816620261613374	0.00935422708419699
S	0.020982355435336	0.114902297793139	0.00436581936716638	0.00560252393279817	0.0137666830108695
T	0.0108213791482996	0.00360162427113243	0.00331744866953833	0.00109680220660552	0.0389009926442938
R	0.385975983038732	0.0113654944211241	0.00318079699309350	0.258305741479516	5.18495230248916e-07
K	0.041351416728106	0.00689773200730146	0.00320618230865056	0.190399989659769	1.67799041351447e-05
H	0.0084540885381749	9.57602874804352e-05	0.00263003507958970	0.102561264401299	3.32623619354428e-08
N	0.0554415300153951	0.00619814334284778	0.00226839856898962	0.00662691698888084	0.000256192083932559
Q	0.101292803388616	0.0127162961900353	0.0191352436332442	0.0234535276859118	0.00101131815034418
D	0.0198979605047809	0.0224840687363486	0.0587914247846499	0.00464784718534981	0.00486662846345855
E	0.0733937247198334	0.136157597270502	0.874965913188937	0.00648153089055603	0.0155673864195815
P	7.21268252609527e-24	1.46547092076856e-11	2.39571478891475e-79	1.25340135737157e-05	1.12030584560616e-45
C	0	0	0	0	0
