	-4	-3	-2	-1	0
W	0.211150188649268	0.00797506138644566	0.00899980129438522	0.175853231594571	0
F	0.100906990205398	0.00179952535569128	0.0642384520773035	0.251654115394820	1.53998394790193e-37
Y	0.0593977801060697	0.00235084822432246	0.0692321342763552	0.0631761660836958	6.05974745241112e-77
M	0.0342291845335956	0.0165855079172632	0.00726355393906037	0.00612037095016648	0.00112288751700339
L	0.0349636393685832	4.71118398050037e-06	0.0070573248974272	0.0161916400965791	1.65646024268063e-13
I	0.0142822460583915	3.67417665912023e-05	0.00658785155443207	0.00088291754700993	0.340350676173350
V	0.0086482491527928	0.0104409259090894	0.0211404749123276	0.000595608528850126	0.641383901993665
A	0.0212660236220165	0.26346009198281	0.0080702083660053	0.00130518903649726	0.00244512812134338
G	0.00611601469894055	0.0241275350040789	0.00248160884315027	0.000479410524118261	0.00046453715774133
S	0.0155927194616159	0.0983216499552332	0.0930071386167497	0.00226284184737810	0.000749532606614653
T	0.033362867448793	0.0299780812850249	0.0110549309181593	0.00201066610859868	0.00748038633224391
R	0.173525615886966	0.0198732621419063	0.450350038196941	0.0940766775715836	0.000147247258769331
K	0.0425309711415079	0.0873497098691062	0.105079016130324	0.0630714730255146	6.54466389104934e-05
H	0.0295733420259615	0.00218974499791284	0.0293068330828072	0.242023899849023	1.80650201273172e-16
N	0.0385757073208503	0.0135090683727712	0.0112771788261576	0.00850913537727871	7.18269228572095e-05
Q	0.0544292615404293	0.0393378101998232	0.0385067353030494	0.050104783285248	0.00130236760273684
D	0.0516895474627056	0.0321032705433730	0.00619254154240737	0.00514164546367867	0.00074244033431104
E	0.0697596513160932	0.350556449987302	0.0601541772229577	0.0161400297912643	0.00367362134028684
P	2.12184967323292e-14	3.91727455580565e-09	1.40984943621016e-100	0.000400197924124759	4.38100105938167e-66
C	0	0	0	0	0
