	-4	-3	-2	-1	0
W	0.903029720243124	6.69184607688114e-06	0.00951263353071766	0.828818540411616	0
F	0.00681734981596715	5.26376345976221e-06	0.0210340752579563	0.130124015453515	3.67258228917868e-67
Y	0.0204144956244388	1.21224524170249e-05	0.136647169920676	0.00294930512708077	5.316164997786e-90
M	0.00347894581572003	7.47826582885589e-05	0.00606682681984818	0.000338334695621906	1.71126398490159e-08
L	0.00153918617179689	7.11585015547878e-11	0.00511664083556537	6.0978268836768e-05	6.55842831006577e-17
I	0.000430889790396235	2.43255897390993e-06	0.0322799370240738	0.000238546627744695	0.000618809187473863
V	0.000994788576869735	4.40123504953416e-06	0.0481942620994567	8.7505336092786e-05	0.42368317348481
A	0.000522842953773951	0.000110767418276042	0.000843281718150822	2.30570801929445e-05	0.566914846165359
G	0.000363745312341484	9.04999008943002e-06	5.48974945310579e-05	8.42531777802421e-07	0.000782029466822162
S	0.00180143101058695	0.000533025435193868	0.00657025247546605	1.96957236809399e-05	0.00608745594187125
T	0.000849851964412154	7.51337143373992e-05	0.229873619296747	0.000159758013044125	0.00162213899020626
R	0.0387332869119277	6.98522563906783e-05	0.0980515599798181	0.0186225252378862	6.5040728916104e-20
K	0.00543951617552556	2.28937444481010e-05	0.0714311896349283	0.000875719424330921	3.58579830365185e-16
H	0.000989073709323694	1.15534504963823e-05	0.0415768767436307	0.0172275408684125	2.23593633248223e-15
N	0.000616191658029043	0.000962443604914614	0.00760899102446223	0.000106575828104213	2.47852280876800e-07
Q	0.0048458797065284	0.000182413776816769	0.129140997451904	0.000288675229651073	6.20537208339381e-08
D	0.00795635382279606	0.0291414585412802	0.00992969646022162	1.98817799918757e-05	5.44572815256166e-05
E	0.00117645073644208	0.968775713482216	0.146067092231845	3.84515705988348e-05	0.000236762463287383
P	7.67181771454836e-23	1.16608379815872e-13	5.72153824088959e-139	5.07918206740996e-08	1.81897424730660e-90
C	0	0	0	0	0
