	-4	-3	-2	-1	0
W	0.261211567600245	4.36723921630547e-05	0.00661219818101593	0.995516687056364	0
F	0.169106027567538	1.62910500267967e-05	0.107712897437493	0.000828376570976013	0
Y	0.0963980693645688	1.02328640357306e-05	0.0878513691894519	0.00144547660520334	0
M	0.0235603211970033	0.000103755853871529	0.00539899447918896	2.16384660093733e-05	9.90623166143646e-11
L	0.0109844866518533	1.06913252376608e-11	0.00202724253716294	3.63984939292909e-05	5.56083641323493e-17
I	0.000680749819467208	2.02050407527012e-08	0.0393976062077311	3.05712697330821e-05	0.00162978134827565
V	0.000445246563514209	4.87331892540082e-08	0.0640579243668292	2.08696255981959e-05	0.991740723643929
A	0.0263365239409405	0.000253189034273469	0.00200474436077481	4.55559849888675e-06	0.00354167287691090
G	0.00518916336488410	2.56737215025478e-05	0.00012772644231704	7.35429701329105e-07	7.28115783701717e-05
S	0.0830375360985617	0.00366357006164154	0.00200834162283730	4.48383479551995e-06	5.87838241178598e-05
T	0.0234184489990651	0.000865841527435617	0.036575881521768	3.40879786183933e-05	0.0029016875702233
R	0.148766869839959	0.000200099625064315	0.476963783037178	0.00164260530212614	6.96542856235017e-25
K	0.00858612423317946	1.64297384341438e-05	0.00892659429429878	7.60377267556275e-05	3.02530428827151e-12
H	0.0134233075943419	9.9034008476806e-06	0.00351323302697404	0.000237218813444293	5.67743316221867e-66
N	0.0404164936707536	0.00181874183873243	0.00773480261529778	2.72172383256025e-05	1.68815970100717e-07
Q	0.0176775011744672	0.000242250287615674	0.134159546536137	6.48042413921544e-05	2.39861880092913e-10
D	0.0197691425188426	0.173469008182883	0.00301730236647637	5.06836390857708e-06	4.24623518104166e-05
E	0.0509924198008149	0.819261271404633	0.0119098117770678	3.15284981713976e-06	1.19076484435364e-05
P	1.09227985490630e-21	6.79178499357059e-11	1.27743565274865e-139	1.45348026264406e-08	1.85086138771796e-104
C	0	0	0	0	0
