	-4	-3	-2	-1	0
W	0.630278233173251	0.228200437477214	0.00313147768972689	0.326206619179496	0
F	0.0457856081784036	0.0210064091623098	0.0406550873319741	0.571611941595048	9.3385148614945e-265
Y	0.0377679673508603	0.0700531229832838	0.00883944119869844	0.0152585695112387	0
M	0.0157516319972491	0.0101355535110605	0.00795692519094188	0.00483501178052438	2.54705377553177e-12
L	0.00168321747605589	1.17541184093761e-06	0.000549305590111515	0.00106534181884280	1.55376230113448e-14
I	0.00168050330687541	0.00013682880633761	0.00310692264349605	0.000593593171351026	0.000452763828534329
V	0.00835319768972763	0.000548598777586512	0.0153515397435857	0.00030689388269596	0.992276056515057
A	0.00539930987170076	0.0134103780573704	0.00146300198683431	7.41820493062819e-05	0.000855851107640007
G	0.000280564362012738	0.00143167295431318	1.13975013826673e-05	1.06523544760110e-05	0.000173826833055363
S	0.0180621531619028	0.0765554054337848	0.00236797295509217	0.000182736138636987	0.000133392008239755
T	0.0110064685064209	0.0351469336407116	0.693601248047623	0.00203793112738411	0.00605216321394413
R	0.169327392942923	0.0121404450626929	0.0191495995548712	0.0369007706034558	2.49750306295868e-19
K	0.0119183673136449	0.00105414743770515	0.0155905248273874	0.00622918664052972	4.33072128090409e-14
H	0.0041653772997966	0.00392403778568101	0.00719350545114262	0.0315527369091827	5.69829740754766e-39
N	0.00369024676071712	0.0540452093514176	0.00171308204694224	0.000375713946170795	1.83454771062819e-06
Q	0.00523184923146184	0.0671721721068422	0.00765052353964272	0.00213598310619551	2.47218357002475e-10
D	0.0106393724473528	0.227826957751767	0.014037605874505	0.000439333242875767	4.96128940583163e-05
E	0.0189785389296422	0.177210503552505	0.157630838826042	0.000176644777090847	4.49880193639214e-06
P	1.69001529440922e-15	1.07355759781092e-08	6.22587642112572e-132	6.15816549889127e-06	5.52992461172744e-95
C	0	0	0	0	0
