	-4	-3	-2	-1	0
W	0.0976813404071234	0.000603617209524353	0.0367780336368258	0.0498492359634559	7.0570592900867e-305
F	0.0529192123684671	0.000117704159355290	0.0405100717086918	0.306156319074832	4.71613657177923e-25
Y	0.0669491408262691	0.0005153241503993	0.0779918394089662	0.126195601531258	3.38992638551101e-33
M	0.0361936718674251	0.00344514195762080	0.0144383884206266	0.00884717782320907	0.00159166668320027
L	0.00982790986301478	4.99505770014413e-05	0.00513073276796015	0.0158954684941494	6.24692711501465e-06
I	0.0138824256943968	3.47434832742162e-05	0.00454414881310239	0.000799247845167774	0.287112495749812
V	0.0207566292061723	0.000969690458988928	0.0181186268183304	0.00039238866511823	0.679201703146047
A	0.00998705653270702	0.0613610253795978	0.0152893847042635	0.00335715200594080	0.00385506141644399
G	0.00998227957873378	0.254733750549332	0.0029353756514813	0.00101923049328280	0.000499309855982158
S	0.0706349277779859	0.29060447210467	0.0652018691507551	0.00276775731307317	0.000887201188615501
T	0.107595385033255	0.0329928934659147	0.0248278433320344	0.00248786201415697	0.0223760244695996
R	0.0668996423778932	0.0343642592942491	0.543482359193739	0.0868074862935476	2.77723485972519e-05
K	0.0637815996096846	0.0198403914046906	0.0266085816606746	0.0198657179796946	0.000565562251844593
H	0.0376870309989158	0.00279322979234947	0.0087864941373381	0.107408175252223	6.86874931478727e-08
N	0.0686969143614085	0.0176724275346190	0.0243874246414752	0.0092133091209594	0.000165650199682714
Q	0.0630489230898614	0.0781014159595364	0.0167033216270589	0.0688855863284714	0.00047668239338307
D	0.100922656670447	0.0587223130984219	0.00418975694646862	0.0120023376242145	0.00119406264690817
E	0.102553253736239	0.143077649399956	0.0700757473802075	0.177865048485060	0.00204049203527579
P	2.31246929534064e-22	2.04981612778156e-11	3.71544601854922e-75	0.000184897692185564	9.78312159390855e-57
C	0	0	0	0	0
