	-4	-3	-2	-1	0
W	0.112927086830657	0.0162449918831122	0.0233611894556863	0.472317835266032	0
F	0.0727124785491181	0.0302245282002199	0.353230708411241	0.306727309528437	8.1013831359581e-77
Y	0.0857342066682468	0.0455734267125405	0.249586990301870	0.0696351375110477	1.20090492513992e-138
M	0.0610438308524787	0.0156959375017628	0.0209190010207206	0.0149139416007893	7.07725943553256e-09
L	0.0283786304282626	0.00184722012035333	0.00289627400421521	0.00620074664154195	1.49801941803324e-10
I	0.00735007784722434	0.00311754297461222	0.0169761992086994	0.000851928863922136	0.113773242855792
V	0.039807567023175	0.00270768695322037	0.0474716914041846	0.000362272654048463	0.864261583845322
A	0.0277502649241848	0.0365045461178466	0.00922765036196093	0.00197103417217837	0.00619271768096281
G	0.0087496401974613	0.0100713581479377	0.00114729291003348	0.000709590621638145	0.000556289769584308
S	0.0680732824373771	0.0505434533731519	0.0108250138747103	0.00139638200408076	0.000997023130070299
T	0.0382566798073170	0.0126505773843524	0.0319073282141188	0.000569926151201148	0.0115589292134515
R	0.089076032886128	0.0572738214256668	0.0488218379900756	0.0174345536538769	1.54009610961172e-13
K	0.0504160311609299	0.021241128784831	0.028702079412196	0.0156823643859813	7.06384316563488e-12
H	0.0155615454583145	0.0161752980791441	0.0304901514736845	0.0195865530725978	1.05502720648798e-12
N	0.0262741442444736	0.0634393763580313	0.00861201202949877	0.00720870245744437	0.000103448549607209
Q	0.13480835861236	0.171956536172494	0.0265016885849041	0.0194926993241808	6.27390293297421e-05
D	0.054572724048147	0.288783197157356	0.0140868747291034	0.0223433000734855	0.000457192629959066
E	0.0785074180241436	0.155949341492386	0.0752360166130968	0.0224881210083953	0.00203682606058738
P	3.26379178745101e-22	3.11609812519893e-08	4.53678487556662e-72	0.000107601009121979	1.57750984309178e-55
C	0	0	0	0	0
