	-4	-3	-2	-1	0
W	0.389386125052266	0.000327901230947924	0.0109405438827355	0.230575023449964	0
F	0.131849328592973	4.11777223697412e-05	0.0108651338965424	0.0395980073921203	0
Y	0.0216812966859467	0.000146620186611043	0.000397659015906946	0.0297856360355419	0
M	0.0346725671230922	0.000178366878984606	0.0114262484613465	0.00103286767847173	4.81988208769446e-26
L	0.0161039061853422	1.11195931622146e-08	0.00544768935213982	0.00449038806734626	1.56831377950289e-11
I	0.0024872489225643	1.52639510200069e-07	0.0479367363290514	0.000537735898118750	0.000416463660004021
V	0.00056973249565425	1.73168834941742e-06	0.0762799877448732	0.000573439214818634	0.99624983149872
A	0.00727573961589174	0.000180759680714184	0.00132749743480562	0.000190061516170196	0.00106828160097215
G	0.00161571643829884	1.90463301394363e-05	6.45878474020666e-05	3.72518198777309e-05	4.14204956809865e-05
S	0.0106706559079789	0.00226523272216747	0.00852280632391107	0.00130910187715914	3.97407287464021e-05
T	0.0179407176138734	0.00019657388530696	0.142722712048559	0.00107606259735031	0.00215984625665743
R	0.178518774293428	0.000413203205929381	0.0672803204306072	0.229384212519718	5.14856096657614e-46
K	0.0296517543001594	4.03436849443875e-05	0.0378363594168761	0.315684011272794	3.21395020517047e-14
H	0.0199135240630491	0.000107108100225412	0.0145928906223916	0.137747352896222	1.57484621554794e-59
N	0.0127246103859557	0.000681164290915271	0.00355933219989628	0.00132546874147521	1.62542596679503e-07
Q	0.0849779231414458	0.000101174656232031	0.0361327029775682	0.00575509962248419	2.70511779505169e-11
D	0.0197064377987604	0.0608538176184359	0.0286866915172241	0.000748634743983837	2.06846287712931e-05
E	0.0202539413833202	0.934445614357336	0.495980100498163	0.000139054582779927	3.56854508542879e-06
P	1.71605171737036e-21	1.28712319587958e-12	2.09962033718201e-120	1.0590073603245e-05	1.68226277882389e-87
C	0	0	0	0	0
