	-4	-3	-2	-1	0
W	0.291954246079560	0.00048088659408588	0.00127472896836029	0.955338277466823	0
F	0.0498040138063514	0.00212123494001557	0.0049140724923739	0.0308477150331872	9.65228438856436e-255
Y	0.0767992709723774	0.00314419539937067	0.0159030286441905	0.0060349021137346	0
M	0.0439795998033593	0.00260255388707487	0.00333544717127663	0.000137741864317458	5.86222258587004e-13
L	0.0186050914653102	1.36965417798219e-15	0.0041504565787542	0.000120749753786856	4.75337245958262e-16
I	0.000825938830079985	4.84452816804313e-06	0.059219795085468	0.000173071154215930	0.000170807598957918
V	0.0181605789605087	0.00046585293166733	0.0249254956367745	3.78234316274511e-05	0.997573929293876
A	0.0139045600836616	0.0315915957644299	0.00372692849473839	9.54503753527656e-06	0.000334566509259513
G	0.00147993355613939	0.000590560237306328	9.76901159331265e-06	2.72322875868583e-06	3.09843735250229e-05
S	0.0194261138836556	0.508197582520908	0.00320169993617813	3.50215564064521e-05	6.43593724821066e-05
T	0.0268149940328959	0.0279079711503923	0.697284989902145	9.40844998620067e-05	0.00180964931224192
R	0.351209706787173	0.0180788324286312	0.0373647465028647	0.00119310679661344	2.55976674063763e-33
K	0.0149910555524986	0.000796255282174884	0.00638722025104578	0.000131669939901996	2.21034918171620e-13
H	0.0119247777107349	0.00113833439080476	0.00737866319483025	0.00554853857329147	7.31859991635683e-46
N	0.00839046294847542	0.00410979870597907	0.00224947305371379	4.96134672842966e-05	5.61139149324179e-07
Q	0.0195679117855569	0.0079957662177761	0.0228473297154815	0.000154979590877706	4.77289920788312e-09
D	0.0213106646394282	0.356386008366126	0.0122808155988128	2.86501414151197e-05	1.09429913192040e-05
E	0.0108510791022337	0.0343877258678958	0.093545339761398	6.176121168453e-05	4.19463548166265e-06
P	2.13302287980933e-20	7.87192924292411e-10	2.62041215222485e-117	2.51386762250829e-08	6.55153777073824e-81
C	0	0	0	0	0
