	-4	-3	-2	-1	0
W	0.296256410687984	4.66126990465666e-05	0.00278160905322391	0.985277043462965	0
F	0.083216404088975	2.16540408994919e-07	0.00362466737528014	0.00808193832308662	0
Y	0.0456907402773974	3.02444555192203e-06	0.0342032409013008	0.00295546522383996	0
M	0.0346049427448867	0.000155397726137871	0.00638094203642324	0.000255201464106781	3.46705321265484e-13
L	0.00548280421473508	3.07731776633435e-18	0.00160790239733113	0.000362183448796101	1.53112077845369e-16
I	0.00286273802628552	8.3799098057881e-07	0.139245277026322	7.83378375079497e-05	0.00018311988285366
V	0.00573430618005301	1.77824849317577e-06	0.0256017457876433	6.59025755800097e-05	0.998608578868215
A	0.016652868586315	0.000255217001939452	0.00131888900438370	9.29474539234361e-06	0.000352200428349809
G	0.00741796166918359	4.30572858042099e-05	1.39955301039553e-05	1.66354377901861e-06	2.43064849043677e-05
S	0.0400818537157310	0.000959129563613846	0.0036922822728137	5.12427042373001e-05	8.81469843312203e-05
T	0.00591345615763277	0.000138859671827942	0.369464702926659	3.17011459511455e-05	0.000725825393349749
R	0.269716406182187	0.000406006389627844	0.149388122992874	0.000439340549120869	1.42061401628370e-24
K	0.0303598300955484	4.74440291626095e-05	0.0143016915794098	0.000147401597824037	1.13899125777727e-28
H	0.0154219929133819	3.14298385030491e-05	0.0291737007298711	0.00168444669970289	9.4393998948229e-53
N	0.0315203699544843	0.000147898775465326	0.00547845467535622	4.97983589243985e-05	2.67557765641622e-07
Q	0.0156655117461132	0.00033119802062019	0.145340588931807	0.000406626821519914	4.05365443725441e-09
D	0.0318767340565837	0.0222693204569139	0.00753502061605675	1.65091377574971e-05	8.38329253507512e-06
E	0.0615246687025219	0.975162571314143	0.0608471661631406	8.57441495650065e-05	9.16705369460357e-06
P	7.83483857674088e-26	1.75975322187147e-12	7.91714985565981e-126	1.58210343246343e-07	2.42654052275178e-75
C	0	0	0	0	0
