	-4	-3	-2	-1	0
W	0.128356252317562	0.00694231372183254	0.0198457864843325	0.925883225372501	1.27116825545188e-303
F	0.0553493631573845	0.0315027840853772	0.344807664372025	0.0361264482979877	6.35440334755732e-92
Y	0.0359628547973886	0.0203662067634964	0.286093299227956	0.00915110449141122	1.13185409959475e-164
M	0.033037646305376	0.0348454798089298	0.0139377909066547	0.00089776975138514	2.09454636387664e-09
L	0.053598496492881	1.40275369539905e-07	0.00683559950407435	0.000582743396431139	2.32894931809758e-07
I	0.00767244361469438	0.00109910694422158	0.0570660780790197	0.000303756389647163	0.0716793318621306
V	0.0106734470876521	0.00162078287913455	0.068930703938279	0.000449614672784878	0.894659402722126
A	0.0161354048124423	0.0729171339051915	0.0141150703640170	0.00025030479652278	0.00896336343322418
G	0.0087708528141539	0.0107014492178098	0.00141635431892555	7.83570078982953e-05	0.00226651097340199
S	0.0319131996759077	0.136608530617797	0.00718281341894781	0.000143745157298151	0.00264543249946252
T	0.0371463829688945	0.0789750092952964	0.0111838032424775	0.000454621218386775	0.0161969617746984
R	0.232608370148233	0.0241249026001867	0.0555397419973164	0.00693668551337552	3.17824239635577e-15
K	0.0693382805530159	0.0187412381062672	0.0229512106811677	0.000600868061550688	1.88396224537087e-05
H	0.0147337314420283	0.0230860795399428	0.0235682105891573	0.00774636247288922	3.19570233004892e-10
N	0.0288383688977826	0.121936920493759	0.00278682738284432	0.000172654007133905	0.000247385658464680
Q	0.073255355226515	0.0574437474200834	0.0356543752791168	0.00144485989489939	9.15627284739568e-05
D	0.0998945583056835	0.262433259395523	0.00320033812541031	0.00146818079044319	0.00153734136610372
E	0.062714991381645	0.0966549128386552	0.0248843320882787	0.00726523275780534	0.00169363205040828
P	7.59772801611796e-13	2.09112656111524e-09	8.817468192137e-70	4.34659496481308e-05	8.00066205971247e-89
C	0	0	0	0	0
