	-4	-3	-2	-1	0
W	0.0635627182527873	1.14745877714115e-05	0.00313821531777291	0.993636417672923	0
F	0.123300382809163	2.24572160220663e-06	0.000300863001826801	0.0030449743348278	7.49040394216919e-246
Y	0.187746438213528	6.4660886947441e-06	0.000946418889091064	0.00126713257629544	0
M	0.131698085645666	5.42950879757184e-05	0.00358859877382345	0.000126437037357147	2.28309782697666e-10
L	0.0241514293532576	2.24993920164168e-20	0.000506542774853125	2.33736257590061e-05	2.67295614410334e-20
I	0.000426302599667239	1.10797467265529e-08	0.00221947401538919	3.18533729213224e-05	0.00290864250130078
V	0.00185101482005872	7.52226053604283e-08	0.00246402823478598	9.86582817133982e-05	0.994930028947156
A	0.00663380869437127	8.35915279640165e-05	0.000146667910353250	6.57967381674406e-06	0.00094765931801583
G	0.00237104090126923	1.31359554300035e-05	6.61601330630274e-06	1.50576225495485e-07	1.01036676073056e-05
S	0.0121941168322746	0.00170105203793511	0.0039596135398993	5.57657794955397e-06	2.54990773279487e-05
T	0.0365250449162037	0.000100257280165167	0.64301197137509	3.70464330865528e-05	0.00116315947411896
R	0.0865372615066044	0.000196987665945068	0.012271531695003	0.00102234165765309	5.07858532719292e-13
K	0.0465508953403124	2.26845859668131e-05	0.0031333894627688	0.000119139909870238	3.60192081504793e-14
H	0.0416999678243032	2.13717195988952e-06	0.00961556486326126	0.00047889694357541	8.42862881578627e-37
N	0.00688872553742299	0.00050955918923411	0.0035885062219392	4.66942349364726e-05	1.85200918604786e-07
Q	0.111734653154149	9.18135978170844e-05	0.0371862942220725	4.51589351854802e-05	4.53012724165747e-10
D	0.0923179533272878	0.00353012359782897	0.00794594337384926	6.98158318713231e-06	9.2937664369116e-06
E	0.0238101602716734	0.9936740895992	0.265969760314915	2.57365004989887e-06	5.42736525124819e-06
P	7.2569333742709e-23	2.15676903686553e-12	6.88405618385018e-134	1.29226666189498e-08	7.1609183109272e-85
C	0	0	0	0	0
