	-4	-3	-2	-1	0
W	0.0922989155110059	0.0268308785490958	0.0074259448381435	0.808422135158476	2.68099013339963e-187
F	0.063915714546321	0.0615474186257988	0.0220667649275028	0.0395916053531027	2.28925875059899e-14
Y	0.0553902809165966	0.079835901993136	0.0888486595830456	0.0331114394520188	5.84657656512824e-28
M	0.0602568654571493	0.0487678547389874	0.0110351902602176	0.00591629023079975	0.000730055066727131
L	0.0225434548278564	0.00626574089777735	0.0187192998365052	0.00234374479537573	5.02501502579442e-08
I	0.0162828288262893	0.00210725451610573	0.039999676991158	0.0139959808042263	0.273483530570774
V	0.0101259386077862	0.0085175488315479	0.016448002433719	0.0119823078885275	0.63754037002433
A	0.0335319329502730	0.0893319291981004	0.00578334333424842	0.00342491897353674	0.0262855715310884
G	0.00780613521320274	0.0501564201011472	0.00311872705478907	0.000569579083237393	0.00465826500902225
S	0.0231563703151127	0.224473059447401	0.0590397692464466	0.00214735107813723	0.00338824240254549
T	0.0389704964588180	0.0928010767129777	0.0692144183359928	0.0125640273579923	0.0299947802621297
R	0.203412353124625	0.0604991685056345	0.490514534503799	0.0104610983111340	0.000653487220226667
K	0.0664764974369572	0.0343261150750771	0.0508612656160128	0.00620947586373673	0.000120003018648873
H	0.0377800264387675	0.0266782965331847	0.0246040009295593	0.0057124734568251	1.49133423463279e-05
N	0.0230171755924676	0.04099474525767	0.00638736650459304	0.0073558485553642	0.000768689985648384
Q	0.112769641262219	0.0553140980613816	0.030462383888997	0.0129098472754113	0.000970196314571196
D	0.0581207927976449	0.0261885609455181	0.0054481017493639	0.00572338849795742	0.00516826979819775
E	0.0741445797166867	0.0653485881618757	0.0500225499659067	0.0174538427383319	0.0162235752035710
P	2.21196142584389e-13	1.53438475835067e-05	1.23090911471766e-68	0.000104645125809211	3.32319705555771e-69
C	0	0	0	0	0
