	-4	-3	-2	-1	0
W	0.101350384657208	0.00357437039189836	0.00651356258272406	0.968510667350962	0
F	0.0610092084389833	0.00874201371121322	0.0117665405070202	0.00913225979954068	1.28248818859025e-41
Y	0.045777502268891	0.00529630262616829	0.0282910354351054	0.00390836166591164	3.32950167805694e-51
M	0.0639520341285372	0.0135613863263356	0.0048418750065304	0.00049227331688218	0.00078968507745596
L	0.0177815864448589	0.000309200821959406	0.00337153397379187	0.000712269597920321	3.95984237885816e-10
I	0.00257074512855261	0.0029882093787439	0.00269415783369018	0.00046160172579949	0.131756931558969
V	0.00484298272603378	0.0116437263052354	0.0106262031000662	0.000484464744199462	0.850008193747056
A	0.0325928108118708	0.0740556205488073	0.00795109628330577	6.38499115654917e-05	0.00172172040283089
G	0.00776176126454491	0.00655780088678203	0.000847796324174329	1.92796747937001e-05	0.000389966358729868
S	0.0625349894626134	0.190922272195746	0.0326530191836892	0.000155345162287731	0.000491316969789702
T	0.00692678645084523	0.172132441896041	0.0296202136279712	0.000242148775249446	0.0097956783551844
R	0.233007265022398	0.207025602157193	0.658906109291108	0.00268241679222812	0.000410426407604713
K	0.107081154466332	0.179970185602377	0.0228934611236189	0.000194184835085057	0.000415762210874989
H	0.0104044251274688	0.00799998436134616	0.077721662425688	0.00257956539207716	1.45538176124362e-11
N	0.0631893323418733	0.0079584404642887	0.0128757419338990	0.000118090725600156	0.000105815895275245
Q	0.0355608691339854	0.0314156490078731	0.018172807218243	0.000752442893906076	0.000329827827997647
D	0.0827070328561274	0.0491082397061894	0.00728866541670715	0.000314306469315423	0.00051366484209447
E	0.0609491292688756	0.0267385448181070	0.0629645187326675	0.0091692740350461	0.00327100993559952
P	2.21131433581463e-18	8.79369574977234e-09	2.78023010399258e-72	7.1971316301854e-06	3.05050890060961e-50
C	0	0	0	0	0
