	-4	-3	-2	-1	0
W	0.0780087394701161	0.0982795995414114	0.0184415227914865	0.065645485447169	0
F	0.0790593476244007	0.100706171064882	0.0459636583062863	0.140552696691135	3.56074314209477e-163
Y	0.0500760528595503	0.036517568276564	0.168363509317580	0.00936126657095291	1.11356463731932e-186
M	0.0435436397918928	0.101692603489127	0.0603240213715174	0.00504821488053445	8.92914472469347e-14
L	0.0454677926684801	0.00372537106398012	0.019555929571936	0.00639529265833695	6.33759525003175e-11
I	0.00310715459783069	1.5358899797868e-06	0.0499175758833336	0.000451770228976386	0.0290959120515072
V	0.00400142376548493	0.00994174882785515	0.0295660935177642	0.000316373036401273	0.94717219579718
A	0.0114068436503888	0.171315307136501	0.0147566754767089	0.000941234826034693	0.00890048060166716
G	0.00441695831267433	0.0232067699070637	0.00141135609435557	0.000336535176189665	0.000685678720470287
S	0.0115500801086035	0.0511235817124009	0.0105540475987867	0.00112828707867558	0.00112505325841602
T	0.0798650321651208	0.0561371679761076	0.168918026076377	0.00157241760047911	0.0117282953776391
R	0.286358197995888	0.0306767923904355	0.128758701757778	0.554034901196781	5.56128488312004e-22
K	0.037558346985641	0.128845823913799	0.0326808572506833	0.145645044419425	1.55184801113712e-07
H	0.0159664060028888	0.024778490748744	0.0516932590075288	0.057040515649837	2.51716402610401e-22
N	0.0139111459947530	0.00462958922926403	0.0106587427303885	0.00467115235174191	5.50361707517185e-05
Q	0.0522379836390283	0.0514677497288221	0.0640059668444026	0.00401679637817073	5.35506405425302e-06
D	0.047352746392813	0.00946022062741222	0.0194427388388943	0.00186182688398155	0.00103394394084055
E	0.136112107974439	0.097493641919656	0.104987317564191	0.000925674147815166	0.000197893769206812
P	5.87766454964723e-15	2.66555994643893e-07	1.84163423222634e-103	5.45147773631442e-05	4.56171002686312e-70
C	0	0	0	0	0
