	-4	-3	-2	-1	0
W	0.252138032504023	1.48045767802942e-06	0.00657704824966525	0.998537550066426	0
F	0.190547019651331	2.52192430854056e-05	0.0152738599850807	0.00098996538704879	5.34996574049117e-211
Y	0.0485600872435540	6.88723454765974e-05	0.250261640533827	0.000196969938633514	6.76547164305718e-285
M	0.0836895009922396	1.14325478715381e-05	0.00488765100367660	1.22056455589273e-06	1.99941335503158e-16
L	0.00588080094529855	7.0391486692828e-15	0.00188109123003466	7.59508898555765e-07	1.34076498313699e-21
I	0.00152647136257019	2.17576138236647e-07	0.0230375515182653	1.37556347827502e-06	0.000251276366190519
V	0.00167812234235740	1.87136616616383e-06	0.0361361395723758	8.66695493276676e-07	0.99654411250381
A	0.00187053503447212	0.000272902822307997	0.000946299883737186	1.88402148885229e-07	0.00223381747147174
G	0.000457904443967001	1.78757810741576e-05	2.55100123667453e-05	4.03534337389595e-08	2.40574187062750e-05
S	0.0403942706683995	0.00276208370819295	0.00328418213827777	1.69095507834661e-06	4.43390896108722e-05
T	0.00463203734037687	0.00064647150167442	0.25618206210195	3.12430745863236e-06	0.0008863840776224
R	0.0848762072652895	4.68068484045551e-05	0.0196529696847611	7.34392738837977e-05	1.04686535502474e-22
K	0.0195828467495616	2.05447626413859e-05	0.00296733457839774	1.09349551461008e-06	3.21232135538291e-28
H	0.0142361139645887	2.83254956470538e-05	0.0102869479186933	1.57895314169457e-05	3.63153575180991e-37
N	0.0272640576812263	0.00148357131267162	0.00938531596413385	3.43875580647569e-07	8.22847182135219e-08
Q	0.110674958197448	0.000167723333069232	0.171528433303982	3.25982395427229e-06	1.82645133361653e-10
D	0.103303134402553	0.421991546882487	0.00258487507365070	1.11153706060151e-05	1.53751697952845e-05
E	0.00868789921074247	0.572453054006029	0.185101087247123	0.000161206571182092	5.55435428769507e-07
P	1.30810439065083e-15	9.37739041807713e-12	1.16657431786017e-122	3.15208085886754e-10	2.45869699745885e-76
C	0	0	0	0	0
