	-4	-3	-2	-1	0
W	0.305217194493739	0.00198685519972548	0.00547692318530813	0.944698183703815	0
F	0.05708175309826	0.00421253053865366	0.00442925687789237	0.0218697747796368	2.22703109199773e-295
Y	0.0104750418252050	0.0132159085880980	0.0077036163209575	0.00310004611272026	0
M	0.0102502262721987	0.00864103391248592	0.00447857313915302	0.000145134177176861	2.81208546607166e-09
L	0.0121925729849893	5.35065081687289e-16	0.00193234967055332	5.75207883118616e-05	1.09068904942487e-15
I	0.000357086096361975	3.70157813058385e-07	0.00396668059337911	0.000145900405346514	0.00105377481898762
V	0.00139299438328132	2.12950384733230e-06	0.00550642748401809	5.996561126102e-05	0.996464995135308
A	0.00531478104219711	0.0183001668928825	0.000249910436512541	3.34806362181603e-05	0.00148314912901627
G	0.00145024462176049	0.00316906521154266	9.38241656757764e-06	4.14213246352745e-06	4.2137871612361e-05
S	0.0263310231884529	0.572436450357728	0.0133406015582946	2.82977708527650e-05	3.70279630440572e-05
T	0.062525658049157	0.00566511348301543	0.767881228057791	0.000447758103612069	0.000893962760925466
R	0.247660429067572	0.0342823810236449	0.0101765706721406	0.00341798236047536	1.00156471170920e-23
K	0.0413571019553144	0.00640978564542466	0.00322120905329504	0.00272946267646513	2.17746324443841e-13
H	0.0105613724865106	0.00561887439080517	0.0150409525505846	0.0222474117444937	2.42238382108971e-43
N	0.00782276171802783	0.065448012019602	0.00336988412906687	0.000388918976682917	3.29697372844866e-07
Q	0.153718817495840	0.0100126189947225	0.00804639411908208	0.000565269213020397	7.96719213425925e-08
D	0.0297482926487635	0.152398790831503	0.0174196600552300	4.35745923938244e-05	1.77612244104775e-05
E	0.0165426485723698	0.0981999126455434	0.127750379680173	1.62216241595225e-05	6.77891509756187e-06
P	1.94414958118015e-29	6.02961393745604e-10	2.13486724340699e-130	9.54590894239814e-07	1.19728920490602e-98
C	0	0	0	0	0
