	-4	-3	-2	-1	0
W	0.39100181987028	5.91331397992777e-06	9.99448725104176e-05	0.967439295200885	0
F	0.166837509765705	7.926782691111e-06	0.0049360765357403	0.0297479105489714	3.05864477827645e-287
Y	0.00501744504637591	4.75812667702656e-06	0.00096029070157063	0.00142490337090678	0
M	0.00892085115991746	9.1481504322279e-06	0.002324431695194	0.000131709149342664	1.46028590558397e-11
L	0.0162993745446830	6.50750262061064e-12	0.00125774024124080	6.67052700848669e-05	1.68942267288269e-21
I	0.000380468611435099	1.20059173626845e-08	0.977735925927676	7.05899611710056e-06	0.00119193386157874
V	0.000758067350741599	9.40823629289279e-09	0.0031277789707281	1.20436213873393e-05	0.996625981567882
A	0.00348389871134383	6.28345939733288e-05	6.59055339031099e-05	3.24486856674069e-06	0.00142233319731844
G	0.00192134358325154	1.07044555998732e-05	3.23900467660894e-06	8.79413048798361e-07	6.60403489774128e-05
S	0.008770526083743	0.00140782040924159	6.85949182201363e-05	8.18136163034283e-06	8.21556247091526e-05
T	0.0200446470413615	0.00012823486337784	0.000350457402776766	8.09152509945595e-05	0.000596818417033334
R	0.319790616297423	0.000119428751669888	0.00511459900337514	0.000202013506074125	5.49897823555376e-34
K	0.0405127552884908	3.48825156898603e-06	0.000373431765219446	0.000132780837637894	3.25863161073661e-13
H	0.000697452147415169	1.21673991118431e-05	5.24315366406319e-05	0.000618384372564665	1.21091221486882e-45
N	0.00439061716965424	0.000143626959960758	2.12477744680212e-05	2.86967357443433e-05	1.26395190571621e-07
Q	0.00293423645082546	0.000128348948642345	0.000921113016147386	7.53817868600325e-05	1.49553051187151e-10
D	0.00599093734631218	0.0724724859349123	9.54004910793094e-05	6.1658400776684e-06	1.04256682285408e-05
E	0.00224743353104051	0.925483091637075	0.00249139060883329	1.3723608156918e-05	4.18475460013321e-06
P	9.64454043573678e-21	4.24911087593825e-13	3.57989942990120e-124	6.2609484606087e-09	1.88236297888196e-77
C	0	0	0	0	0
