	-4	-3	-2	-1	0
W	0.435403031100279	0.0234471236307739	0.0132623314266689	0.0995193421082062	0
F	0.0875554811526982	0.0423344588573197	0.300340926781347	0.425588000995485	6.4158665064821e-213
Y	0.0440141724268323	0.000134090222652865	0.387587447930872	0.0585719671237019	7.97661509494992e-271
M	0.067295495117219	0.048556818565926	0.00752267802363376	0.00513999920278954	3.35585979815794e-10
L	0.0265820739655385	0.00174560126805007	0.00373637292474673	0.00366330178383811	1.20698563132795e-08
I	0.00935502510811987	6.38508199791327e-05	0.0230826884414744	0.000193595910746792	0.0148178742192333
V	0.0106727444559099	0.0131973206077697	0.0491705972116999	0.000144392590650734	0.961534142028306
A	0.0114626793762442	0.0768251817878274	0.0067773924140101	0.00178871936718252	0.0101767465669690
G	0.00423445210487089	0.0212467066506718	0.000589579873314125	0.00072649553320664	0.00167825518984773
S	0.0157087191826980	0.0724103119034164	0.00422121323226991	0.00196204708733941	0.00142318714808455
T	0.0271901003764508	0.0448954968318229	0.0150381874741317	0.000751840998218772	0.00876915697723264
R	0.0632000276167579	0.029977554477222	0.0415701456306121	0.0208308997188060	1.17860520214127e-31
K	0.0364841830958798	0.026448452172545	0.0117613208473027	0.00999506377348688	5.31455499828237e-15
H	0.0102738066073414	0.00249729871415123	0.0305011587833982	0.245180406317814	1.91989438359146e-31
N	0.0158569825202059	0.0218373554663415	0.00302429721224684	0.00522148207184868	0.000113030299004977
Q	0.0695477867522274	0.104984763959627	0.0342181796397029	0.0248304214971626	4.87125486361238e-06
D	0.0368496572489065	0.107796599856836	0.00490786008813745	0.0136161590815995	0.00120433545168067
E	0.0283135817554941	0.361600959913537	0.0626876220644311	0.0822211731896768	0.000278388459329541
P	3.63264406108495e-11	5.42935304462327e-08	1.56783170271964e-78	5.46916482399961e-05	1.52473948094192e-46
C	0	0	0	0	0
