	-4	-3	-2	-1	0
W	0.194454949862128	0.053776885342774	0.003603602831733	0.168685164863768	3.75489890839347e-321
F	0.0656031544938175	0.476951320175113	0.0197795579516460	0.653015028769287	4.3060860357295e-87
Y	0.0682166673905495	0.103555423974615	0.0147493862586685	0.108113522051476	1.79826544537418e-104
M	0.0515454748319956	0.0708588837186074	0.0108313758888437	0.00484222556604714	1.55207268161248e-06
L	0.0330619307156295	0.0215767200310628	0.0157252855327615	0.0107900646294273	4.72289463560647e-08
I	0.0109611450492084	0.000416611029825615	0.00951192311026114	0.00149890115977011	0.0991637798498278
V	0.00579238902157695	0.0149659646764220	0.0151550238287572	0.000184975395087421	0.87765204767611
A	0.0205364754536215	0.042919851534104	0.00765780962579995	0.000254079535925801	0.00440909633392902
G	0.00404779766395398	0.00995257299918395	0.000957650017740924	9.5240565210429e-05	0.000501435340671057
S	0.0315715027391711	0.0247525598700854	0.00386074520207904	0.000294901592222354	0.000787563431504957
T	0.0346672237147055	0.036958481973194	0.00396816425072187	0.000403223514156088	0.0116301314217418
R	0.243563721603516	0.0266470390184423	0.0202626976130304	0.0100435590490976	1.83523002477797e-08
K	0.0634762443738321	0.0307432708091073	0.00725915151705679	0.0049356308768262	1.09315640469807e-05
H	0.0158494439957241	0.0246809425749502	0.00235163501372685	0.0311322967794545	2.40259030446937e-13
N	0.0238849009677647	0.00566577915510795	0.00204543827815405	0.00174159103248052	4.39594751361464e-05
Q	0.028399537517614	0.0221751140807806	0.0376398073231773	0.000903748673230216	0.000829743720070035
D	0.0422761184017627	0.0110593098021143	0.0232798510801306	0.00203698414523530	0.000587602506612028
E	0.0620913222034287	0.0223432581193091	0.801360894675711	0.00101633018103053	0.00438209102618062
P	6.06293532568222e-16	1.1115201112286e-08	1.61246521907324e-82	1.25316202674097e-05	1.07879998916731e-53
C	0	0	0	0	0
