	-4	-3	-2	-1	0
W	0.0506396425710261	6.5630290544691e-06	0.0118308364720416	0.2652557805755	0
F	0.00972542936435182	4.14081271905533e-06	0.0715761843320875	0.703564746251814	2.43640570864363e-307
Y	0.11928824731622	5.45648322014137e-06	0.202206059873976	0.0131882005255866	0
M	0.0276223968256114	2.30923395572359e-05	0.0034692433170837	2.19406211568390e-05	5.97733660633837e-16
L	0.00231736448400272	8.6268707238454e-17	0.00220330923604975	8.53626600314969e-05	1.5265925606473e-18
I	0.000240361882881023	1.04940289915652e-09	0.186120996179482	1.86116936806143e-05	0.000181250866751650
V	0.000167109286532439	1.21143975184382e-07	0.0180966337834553	1.49451789064574e-05	0.997980471003323
A	0.000869091690490569	8.33196924506608e-05	0.00045242259842331	1.03234435778381e-05	0.000403741180891746
G	0.00766160080144062	2.48547318219038e-05	2.41655860830843e-05	6.78176454281064e-06	3.31235329815077e-05
S	0.0102631563196271	0.00269094058795940	0.00603941893556329	0.000104540229545281	4.44501104429297e-05
T	0.0172796861605811	7.03804952536368e-05	0.277042461292126	3.67214334813153e-05	0.00134716876483707
R	0.674875237748135	9.4585520014402e-05	0.0170041148405633	0.0091928697303884	4.95384786700343e-39
K	0.0180165669633604	2.34256700519635e-05	0.0248112573737854	0.00230755881248863	2.08160651972708e-12
H	0.00507275268896066	1.10388064852479e-05	0.0283734340047906	0.00576121677530284	1.88918205890931e-41
N	0.00496980160015767	0.000118362141579713	0.00106766832890743	0.000101369247666647	4.27503087480383e-08
Q	0.0301337699485992	8.93933422958236e-05	0.0371590583403202	0.000162316436406245	1.77171179479715e-10
D	0.0167171515580992	0.00195250424422669	0.00503786224365365	2.28792822637574e-05	8.70379371473477e-06
E	0.00414063278992363	0.994801819904805	0.107484873261607	0.000143562187471360	1.04781749484361e-06
P	6.17505641578561e-30	5.12605574926709e-12	3.78733480499356e-131	2.7315018842938e-07	1.10792538400583e-81
C	0	0	0	0	0
