	-4	-3	-2	-1	0
W	0.0694057103901463	0.0753151709025601	0.0135999159772040	0.941189603059887	0
F	0.0488395656392924	0.079119912713106	0.0309489258283587	0.0256091595426368	4.37378976153346e-19
Y	0.0782265627491355	0.122984406036242	0.093671390662727	0.0051545340687918	5.38525148066544e-29
M	0.122961762810044	0.0259093816329747	0.0102511561689839	0.00280552437172254	0.000400941007325543
L	0.0269106888103733	0.00237422404191155	0.00214982848327261	0.00157496343705736	3.06817036297875e-08
I	0.0310721025814377	0.00130765947217545	0.00338183950162924	0.000683079649698291	0.394587819513893
V	0.0235619462270701	0.0106928863717298	0.0126809413008067	0.000922978991676406	0.464304465548802
A	0.0178139479745199	0.0703552975300852	0.0077463874591073	0.000257737032953145	0.0590076067620069
G	0.00319554319629982	0.0188836492998809	0.00283747339820801	3.81529748338289e-05	0.0121169077323061
S	0.0310782436752573	0.124235848382667	0.18167985605657	0.000310282797203845	0.00714324091157961
T	0.0581097440438179	0.040969428064217	0.115940080146307	0.000719059325647512	0.0441948344494699
R	0.181847871334923	0.0416507710912975	0.315851906959551	0.00556868162146335	0.000516405539374139
K	0.0682417762919224	0.156543873524317	0.0550345554390072	0.00151446736955614	0.00434901246335774
H	0.0118888197129740	0.0291655813833491	0.0533482935517017	0.00397012336688641	1.41786238419150e-06
N	0.0435496327074618	0.0354100708355664	0.0109787380514529	0.000515454155696718	0.000505872915274833
Q	0.0344303645438574	0.0591246221818964	0.0374589466501668	0.00169804769814596	0.00180686476906786
D	0.116699183011627	0.0492524928654865	0.0124360448698343	0.00151063377815016	0.00330982841981063
E	0.032166534299841	0.0567047000306833	0.0400037194951119	0.0059388528437383	0.00775475142364346
P	3.20994854829746e-23	2.36398547835232e-08	8.57635241336961e-71	1.86639142541582e-05	4.14226792192322e-56
C	0	0	0	0	0
