	-4	-3	-2	-1	0
W	0.163072930389303	4.83443379421599e-06	0.00108397259106422	0.97871088175229	0
F	0.185276368468148	4.31681672433939e-05	0.022727889020311	0.00735145212734635	1.04016187492995e-171
Y	0.0344280822479222	2.87279208442051e-05	0.0436716211305357	0.00240723135344762	6.06141072575189e-287
M	0.0938915488561339	5.59896627826437e-05	0.00942812423639553	0.000115899166381419	1.82860577686820e-08
L	0.00165277346607653	1.07961045885419e-17	0.00285730492664251	6.18980644175707e-05	1.59053175707519e-17
I	0.00168136650526883	3.78090897463862e-05	0.0106527636321414	2.11069333387638e-05	0.00854902522947706
V	0.000648402161604683	5.79637310994135e-06	0.0279689043100349	3.35950391273547e-05	0.989529451136765
A	0.00206862295295334	0.000637740173084146	0.00122692986477392	3.53650045859732e-06	0.00075938986520501
G	0.000486525657120473	0.000108609530445659	0.000278609633494012	2.66959568192745e-06	8.55454718112596e-05
S	0.0150217953776944	0.00841344107004402	0.00474967398333663	3.10754800384391e-05	0.00022794016541995
T	0.00826970070433282	0.000663297209885617	0.64649551439256	9.97005065620857e-05	0.000835555450952571
R	0.435507601679901	0.000586828715023227	0.0814241244239017	0.00161974515777959	1.18763597611644e-11
K	0.0121011542613808	4.93818456843512e-05	0.0668148743670316	0.000101824700485835	1.46158922838700e-14
H	0.00654563600792311	0.000142479963511024	0.00473869086391898	0.00913465367297834	4.59590199725955e-32
N	0.0205763502173237	0.00190254456224217	0.00111747449954575	1.40786961356759e-05	2.34916848097173e-07
Q	0.00935212230683234	0.000623634633564482	0.0330614199175287	0.000259325152397726	3.39974992120991e-09
D	0.00454347898866177	0.0126115941781813	0.00922576764576055	2.60155282507034e-05	1.25066788270591e-05
E	0.00487553975141928	0.974084122465562	0.0324763405610224	5.10430327853168e-06	3.29386995323652e-07
P	1.40988993935053e-27	5.25078469152939e-12	2.4236373599470e-162	2.06269603180522e-07	4.24577416096875e-74
C	0	0	0	0	0
