	-4	-3	-2	-1	0
W	0.571095485203326	1.83716420613835e-05	0.0042831907774423	0.992688205231886	0
F	0.0375234413069867	6.42544890298845e-05	0.473072885852039	0.00289094568053859	2.24533680921982e-148
Y	0.0289366543069542	1.01395243850914e-05	0.0179557749278772	0.00147987259611093	1.16662027221904e-202
M	0.158185768702156	8.28555803277916e-05	0.00566631517710732	6.54497536993738e-05	2.9961456504928e-13
L	0.00293956512137565	2.49475951721624e-18	0.0118368504177281	2.11571424600206e-05	1.20359180348042e-20
I	0.00131421616952628	4.96995881197742e-06	0.0396897070151991	1.40161304822888e-05	0.000117306685188028
V	0.00166423042999375	2.88302488523093e-05	0.137346502668046	2.84653938081018e-05	0.998248280596473
A	0.00206607320356002	0.000278624952886181	0.00147201771095291	3.14877601225208e-06	0.00079294508329896
G	0.000745974304846308	6.45903158678549e-05	0.00028690266724674	1.23460464471692e-06	4.19931516994892e-05
S	0.0140652500153540	0.00338904719589879	0.00339021803060187	1.1621702087002e-05	0.000136630267699004
T	0.00565930666676526	0.000312837258700765	0.0363794951823760	8.15167136820698e-05	0.000655449039354565
R	0.0798051586456135	0.000196420486783278	0.0153395946073762	0.00182643888527187	6.74709245620474e-29
K	0.0147759494799028	3.24492223421167e-05	0.00799857863891114	2.56009395749715e-05	6.10394303761526e-15
H	0.0141390996596885	2.78888323060349e-05	0.00231356515639730	0.000478171637937921	1.16047740087658e-29
N	0.00139721627814841	0.00207710756213459	0.000972192881626238	5.24583037621083e-05	3.09970387982964e-07
Q	0.0373606687499003	0.000956856367599271	0.0307303418549830	0.000274650263082097	1.43739890882178e-09
D	0.00448498917004003	0.119390854638436	0.0206226415486144	1.08149556506911e-05	6.23615710196658e-06
E	0.0238409518731811	0.873063901720522	0.190643224885475	4.62137490383376e-05	8.47611092086941e-07
P	7.12681377765992e-10	3.05469705278272e-12	1.05110105370365e-126	1.75402711227572e-08	7.60917109451674e-72
C	0	0	0	0	0
