	-4	-3	-2	-1	0
W	0.061554391221961	0.00669268070445638	0.0535037457858906	0.0445538266764691	0
F	0.0522760763965594	0.0119824515314607	0.0993439452329305	0.285667478553266	2.13557902831873e-55
Y	0.0872012695790127	0.0212283699718201	0.104502818170880	0.067662300696214	2.15163149388535e-42
M	0.0715486373826542	0.0622694451239653	0.0379121089874104	0.00174580185550069	0.000944723804682127
L	0.0285026380310726	5.24672219573446e-07	0.0181701318445910	0.0127312761818314	3.67709818335582e-10
I	0.0221101633776843	1.05891246137061e-05	0.0645948353333614	4.39209183394213e-05	0.0830518440893597
V	0.00465478089409875	0.00422080129716067	0.0262793648657011	9.3514025857663e-05	0.873180165427368
A	0.0244826432768917	0.190322859817261	0.0225104165871036	0.00182748934723793	0.0183884439127072
G	0.00394215584485428	0.0863562002471008	0.00218729344203283	0.000207437264452483	0.00114360753310045
S	0.0366359106927778	0.144847329594083	0.0111987325881009	0.00258987374460231	0.00256205534103191
T	0.0193529172409366	0.0408611286096272	0.0909093521768043	0.00081921783474804	0.0168242818758606
R	0.316141680307759	0.0450443824227979	0.142081227217806	0.329217670641903	2.18904465268779e-07
K	0.0557743238084293	0.0599384720239106	0.043958196335357	0.0971107196037495	0.000641174775829872
H	0.0248777892865433	0.00314084314129719	0.0480670192248295	0.109584002714561	4.98320147828123e-14
N	0.0298637216921213	0.0150487489134699	0.0210051256958501	0.0171773068535478	2.8322786981298e-05
Q	0.0725051339619821	0.0412934636070036	0.0808631947531752	0.0125489297708430	0.000268817357782946
D	0.0326029698914845	0.0699037357983178	0.0203987756559302	0.00725067683897902	0.000531592512241294
E	0.0559727971131773	0.196837828107867	0.112513716102245	0.00914283982057713	0.00243475131082965
P	2.05357219857692e-19	1.45291567332316e-07	1.03495478639987e-78	2.57166573210995e-05	8.3642575286324e-50
C	0	0	0	0	0
