	-4	-3	-2	-1	0
W	0.181836930304270	1.05833145919212e-05	0.000319977122242448	0.985234321920229	0
F	0.320840436437807	3.57910708513765e-06	0.0113535840157243	0.00493240287731548	0
Y	0.0338633541612823	1.66423626466711e-05	0.0274012379795303	0.00330717005630250	0
M	0.0822819403275202	6.64136997522204e-06	0.0157205832031748	2.18654981080303e-05	2.43277599453843e-18
L	0.00899281854818859	3.69109948107378e-19	0.00426007444998105	2.26807894053704e-05	3.78443753022496e-23
I	0.000968861577321734	1.14738684962718e-07	0.00375286017833545	3.32055892325802e-05	5.86839402866843e-05
V	0.0058912756488683	1.32867000141196e-06	0.0295691353912688	6.30745903063077e-05	0.998364958923416
A	0.00200336406567153	0.000360500230319949	0.00138319445719591	5.56318119142134e-06	0.000604456265299304
G	0.00330055424646089	2.16363499290212e-05	4.46168129763992e-05	3.91222641528325e-07	4.53033117691984e-05
S	0.0268378842595629	0.00167335797963841	0.00818746226467605	8.86327669802401e-06	8.79423043617275e-05
T	0.0434419192481319	0.000137156416520430	0.391877908397993	0.000107866536588605	0.000805298505626296
R	0.149567572725070	0.000111774397281577	0.110301110173897	0.000340413599969693	4.67912073694476e-40
K	0.0760511059676236	0.000138058482659085	0.0107105494863661	0.000208081974841171	5.56763872898796e-26
H	0.00524241988420594	7.06958204049544e-06	0.0335562388099556	0.00560010524779488	1.03711871702433e-86
N	0.00969146537001838	0.000259567725867392	0.00713294518305835	1.87698658626637e-05	8.82635211851262e-08
Q	0.018506956130536	0.000178403116320829	0.0102101005457142	5.34322786564067e-05	3.10179999815935e-09
D	0.0210053241646897	0.00254047331090701	0.050650899286903	2.16749597658296e-05	2.52515176430063e-05
E	0.00967581693277106	0.99453311284553	0.283567522241007	2.00806773353262e-05	8.0138662766969e-06
P	1.76373817101033e-38	1.17207274428183e-15	3.08333228813035e-141	3.58577553131992e-08	9.73035958707357e-77
C	0	0	0	0	0
