	-4	-3	-2	-1	0
W	0.433495100781962	0.000596682051277996	0.00409360519609945	0.571034225409436	0
F	0.0556662242973581	0.00371665292996372	0.0157588325449632	0.392852953044627	2.6197127989454e-161
Y	0.0649895994533403	0.00770768690475717	0.0275500043129236	0.0146931927394835	1.55247154767691e-288
M	0.0681261827490621	0.00392599345949034	0.0072333022879071	0.000259191005727455	1.67164480468814e-17
L	0.0153040942826834	4.62441751356844e-12	0.00169922255915566	0.000184584149660279	1.94083858721594e-15
I	0.0139294631777703	8.0493356036735e-07	0.00187416257814515	3.24010782180786e-05	0.000438215719051750
V	0.0172829345896325	9.31055447011714e-06	0.00681447883998175	2.47447729171003e-05	0.991995355042288
A	0.0153484449817216	0.032232363618889	0.00109976733001451	4.4646322428355e-06	0.00128693656564544
G	0.00140320169911230	0.00263978811195521	2.01572599270907e-05	3.62101458556092e-06	5.69710598221009e-05
S	0.0285630159164236	0.669012119679051	0.00861700808545107	2.89432960716618e-05	0.000130465453981986
T	0.0275207065922834	0.0227700162417764	0.410481255588654	0.000105927164999135	0.0059748428331098
R	0.0774313828243074	0.0257847720231206	0.0151300071146211	0.00163491185959045	6.06916690631228e-27
K	0.0181444336618991	0.00432116334978643	0.0151983855882272	0.00180489959334582	3.57834761457376e-12
H	0.0280814275903923	0.00195439725127030	0.0384983107601043	0.0170898968713129	7.48242753698536e-26
N	0.00495816199488621	0.00980328979642653	0.00660079275234172	6.84667049505602e-05	3.92684182806276e-07
Q	0.0969406860539614	0.0184722393297123	0.152808257026933	0.000132236045214647	7.88818369199711e-10
D	0.0214579725774632	0.0170549047375016	0.0088905051492726	2.86184106102615e-05	0.000114527019965934
E	0.0113569667757404	0.179997815022366	0.277631945025277	1.66774046873319e-05	2.29282955359059e-06
P	3.58797004015495e-23	6.31458041539176e-16	3.08065718140196e-114	4.48023193195995e-08	9.66254607442892e-72
C	0	0	0	0	0
