	-4	-3	-2	-1	0
W	0.555656121315817	4.0288378579936e-05	0.00849990694093818	0.926877385161087	0
F	0.0500652444405323	7.78780143932077e-06	0.00711032566533303	0.0555519251156439	4.9857196376769e-101
Y	0.0202495101917331	0.000337894346585514	0.00303308955876341	0.0069334045381072	3.71349063154267e-107
M	0.0705692938891217	6.47187416192902e-05	0.00127009233907942	8.1585583591697e-05	5.39899500288341e-06
L	0.00123449294108201	7.538907980066e-14	0.000900699949904841	0.000569696311623907	2.4159182500644e-13
I	0.0035599246194943	4.01383268789887e-07	0.00304318194384427	6.83017043839904e-05	0.109377172642135
V	0.00134366526917829	1.99375674369846e-06	0.00326187680066629	0.000152306258809690	0.872754567672962
A	0.00417109143288667	7.5573567244894e-05	0.00821138901562554	3.80652197989323e-05	0.00920931329626085
G	0.000547535225335071	5.48410068020564e-06	0.000198365557367311	1.79799399244778e-06	0.000415938670440623
S	0.0276359324976388	0.0021881238876954	0.362970482257121	0.000176454708846177	0.000427732628323923
T	0.0105683195670786	0.000172086183161638	0.316319971656609	0.000101993394730716	0.00742222729151284
R	0.0667215290641705	0.000255284928120963	0.0258962516256865	0.00444726301742706	5.69134418058498e-06
K	0.00403230840406469	1.03503434787233e-05	0.00151533989474483	0.000214654449606955	6.32702623602935e-10
H	0.00283620500738165	4.54042934815811e-05	0.0726804378065838	0.00446394078909291	1.97383792411805e-27
N	0.00830653490540213	0.000770042842510725	0.0169882561353112	0.000144996133915552	5.54048181756083e-06
Q	0.0345703087366675	7.4855197094842e-05	0.05252264493908	0.000102173865429048	6.83937938553218e-06
D	0.116645885890344	0.0642592425545641	0.0212465470483877	2.60102575347682e-05	0.000186938016466980
E	0.0212860966020716	0.931690467673062	0.094331140864954	4.80153311347143e-05	0.000182638948566732
P	4.40469267807445e-21	2.05926855895619e-11	2.56766919076548e-151	3.01652433209986e-08	2.91714441764859e-61
C	0	0	0	0	0
