	-4	-3	-2	-1	0
W	0.456729182239396	0.0579737835096733	0.0169393583624894	0.911516820374202	0
F	0.141070472572428	0.110751952302479	0.0450127895166775	0.0460506872185443	7.49423012289935e-40
Y	0.0365945645893590	0.0647909987755128	0.128581413977856	0.00487310699730221	1.89119173074331e-45
M	0.0325854570805047	0.0260400585410091	0.0155382103228277	0.00085810176975643	0.000583047828834583
L	0.0165649249263916	0.00970491569388683	0.0207050224804178	0.00125966419612147	7.25371599476259e-09
I	0.0130164705347279	0.00429644582281210	0.0132861616769573	0.000862250969474015	0.665892490928655
V	0.0155847693391989	0.00616974270513373	0.0208318403184434	0.000841472349490902	0.31892801109102
A	0.0146093864919526	0.0449913615678103	0.0162687782075314	8.12700297474517e-05	0.0018472032072825
G	0.00385730386633729	0.00671567143681184	0.00313345174401461	1.38470169542606e-05	0.000207148918811723
S	0.0450754753252822	0.117542946834527	0.0467468439390134	0.000180097048028262	0.000664646235221403
T	0.0348887090111071	0.0206930461699409	0.0188919091660486	0.00214505495011596	0.00720715993922751
R	0.0819330525323028	0.188122807076555	0.232866757563704	0.00608720287514064	9.04000814473798e-06
K	0.0124295316228363	0.0269413154359097	0.0261247573966819	0.000459844893218008	0.000130848000590207
H	0.00919882997773717	0.0142959409894153	0.0100722799192757	0.0236932468011789	1.23747251102321e-11
N	0.0241980485553151	0.0224517919924943	0.0109945648013763	0.000318638796270004	3.24276295321520e-05
Q	0.0177465004264743	0.0232899437898524	0.191064575385374	0.000403188601451088	0.000472475055061145
D	0.0317563099899622	0.0405223058984132	0.0170732396357371	0.000137822072040834	0.000323824068720132
E	0.0121610109186872	0.214704971329773	0.165868045585573	0.000211314089523161	0.00370166982280769
P	1.71424216179708e-21	1.27990125549286e-10	9.98041833486927e-92	6.36895144048491e-06	2.50219823980656e-58
C	0	0	0	0	0
