	-4	-3	-2	-1	0
W	0.941853105841964	3.91859055174418e-06	0.000414016399956119	0.999439849608133	0
F	0.00617478594277329	5.73464654466499e-08	0.00659676726010522	5.68998302433786e-05	0
Y	0.0214056136599196	3.99609872531277e-07	0.0112951924754842	8.08520024465854e-05	0
M	0.00187104459386916	9.0071709232709e-05	0.00204037758354261	2.86752300011388e-06	3.99545585105374e-12
L	0.00146796165559949	1.75795592215623e-14	0.00177162399548757	8.62449595269292e-07	3.07268918336094e-14
I	0.000106891396118229	4.09164782866629e-06	0.000815243900554228	8.21823586034473e-07	5.67017218247716e-05
V	3.46552321240774e-05	9.20998041204803e-07	0.00341835931340422	2.36350656825467e-06	0.99529145325816
A	0.00159927449881582	8.3878196622574e-05	0.000324936962412323	3.45269811687652e-07	0.00284587923598712
G	0.000123338189223915	3.52514168138128e-06	2.98614903469336e-06	1.58629932383788e-08	0.000117118187039020
S	0.00781086337473205	0.00061861615468512	0.00721107819779112	4.64594670364453e-07	4.69627832430665e-05
T	0.00040273868528261	0.000182348835802617	0.902998626657159	3.39540426918219e-06	0.00158138922491774
R	0.00902747456008796	0.000155037988837145	0.0052121861986663	0.000374969041714691	3.68735860698174e-25
K	0.00159343791044203	7.44869186251913e-06	0.00449083076195689	9.88803503884708e-07	4.79026859332793e-15
H	0.00163996788133203	5.15728935045915e-06	0.0038318645878427	2.61642267408522e-05	9.39859152097491e-93
N	0.000289752410194919	0.000180961225561452	0.00841602156764682	2.34733969625869e-06	3.81801574073325e-07
Q	0.000949367629976583	0.000440808634165126	0.0163166632707055	4.16020423612606e-06	3.74399920784739e-11
D	0.00257470494825140	0.136887063486945	0.00261358189014582	9.80750259022176e-07	6.00131319606716e-05
E	0.00107502158929301	0.86133569445212	0.0222296428281052	1.64816555224596e-06	1.00613821643231e-07
P	4.68187775594915e-18	3.57248930902516e-13	1.75067765064918e-120	3.59298010115592e-09	8.94129423989236e-97
C	0	0	0	0	0
