	-4	-3	-2	-1	0
W	0.000177029451133973	8.28471728691485e-05	0.00241631239204848	5.72645601870089e-05	1.28174692355586e-08
F	0.00173361276381406	0.00930138954916243	0.00244270351273674	0.00302258688433853	0.998538212528515
Y	0.00970865111651205	0.000604439739323258	0.00202856915164829	0.00101042311468395	2.50937301193321e-09
M	0.00270146646536987	0.0425764804497701	0.000955030150788517	0.000761407569784091	2.28505910150116e-05
L	0.0120112276031485	0.000626042087160822	1.32730361981414e-56	0.000184112474706332	5.75112057017992e-06
I	5.35365160935941e-05	0.00251463292700366	0.000255378587126100	0.00228941695916928	4.28532713739794e-05
V	0.000522960115628609	0.00477155925106456	0.000697173226678955	0.00265084026620758	1.72437256863775e-06
A	0.000554648275131196	0.00606087253293571	0.00108384157421379	0.00031156253563765	5.35004710711442e-06
G	0.000340149680059219	0.000236229564253827	1.93308876764665e-06	1.36124536911592e-05	8.3156727061534e-07
S	0.00330434547863071	0.094099474603363	0.00384816025134994	0.0193265688313199	3.94373767863393e-06
T	0.00366969359633234	0.0128424109693392	0.980399643039524	0.962393480759817	6.6768078408357e-07
R	0.909110693670614	0.00669009388802604	0.00218133721204024	0.000654869266032723	5.91917554205092e-07
K	0.0422723287176429	0.0133514680650985	0.00105125027497977	0.00161981597650867	3.71300598954219e-06
H	0.000579568947829814	0.000324131955466403	0.000245455910783828	0.00166046208918464	0.000758249377588305
N	0.00109062731408672	0.00537492860836344	3.49439452002193e-05	0.00133991631644757	0.000120816745132337
Q	0.00707136946412635	0.0533311944295254	0.00212969451451774	0.0010095903441123	3.90417117797305e-06
D	0.00164879122637855	0.166300000884849	3.52633120584362e-05	0.00027981693173176	0.000485670509860811
E	0.0034492995974679	0.580911803322425	0.000193309855536967	0.00141425266643943	4.85402897124321e-06
P	6.06489100763584e-26	3.79575913772998e-87	7.6888714139316e-132	1.11825680600235e-28	5.4750775735865e-141
C	0	0	0	0	0
