	-4	-3	-2	-1	0
W	0.00264250456182241	7.84913058162831e-05	0.0052652736569393	0.153310426323849	0
F	0.0135896852860079	0.000345382906636048	0.00452193743346514	0.405602188939019	0
Y	0.0128711388018355	0.000123552849032718	0.00668371559293344	0.133687092915204	0
M	0.00909602502793962	0.0228295219561013	0.00864247913038526	0.0376338344080239	0.000197549946510465
L	0.0271357202901098	4.17658035728917e-05	0.00575135046638002	0.00190222054761134	2.68575286451517e-48
I	0.000799593842273819	0.235467665401218	0.000128127470444381	0.00401510950346728	0.00439478701677745
V	0.00110296379787394	0.137260625603569	0.00748546370830326	0.0093365661100033	0.841282661330792
A	0.00760121088755182	0.0502792185065455	0.00133462132989808	0.0031177533419119	0.124824817686691
G	0.0295932205162719	0.00113547912644036	0.00314731810377327	0.00112485949682062	0.00070540328110753
S	0.140884871029613	0.0419382669830939	0.0661679996493352	0.071865595865969	0.0100089312001299
T	0.128590154073099	0.092268512054954	0.0145357320374458	0.0375990962973394	0.0182747765216945
R	0.162634962207891	0.0632996082796551	0.674381805022838	0.0321895434271594	1.89904690823863e-12
K	0.087571718866427	0.0377666476667379	0.121468154378528	0.0317667846167735	4.36295365727622e-09
H	0.000490482717634104	0.00111601760166487	0.00160265963985561	0.00219752867227085	1.01065384293146e-122
N	0.117334768654560	0.000156300810798970	0.00152587696540473	0.0113448737516661	8.72046903124962e-07
Q	0.199642551192197	0.0402116696265285	0.0697667966369716	0.0430152629130707	2.66047879653513e-05
D	0.0209862950795337	0.0093774854661313	0.00648086727316493	0.0127680154095213	0.000177183299678822
E	0.0374321331673589	0.266303788051503	0.00110982150393423	0.00752324746031888	0.000106408516897304
P	3.92001518577248e-63	1.37925551441871e-18	1.04834437245778e-83	1.07059010807033e-44	1.57601724420215e-90
C	0	0	0	0	0
