	-4	-3	-2	-1	0
W	0.00459400410423989	1.20398243580001e-07	3.84983667980877e-05	0.0225378969976998	0
F	0.000257001356125827	7.01859322958489e-09	9.43706195996564e-06	0.00133151814524899	0
Y	1.68795195115678e-13	9.40423829807172e-10	2.13198607643821e-06	0.00076673067068795	0
M	0.0256325423790079	0.000151603584082853	0.000370694726532348	0.0390651370028451	4.96096003303303e-10
L	0.000337378780170565	1.00964753859826e-08	1.05668574537891e-06	0.000316547061287516	1.18495469298668e-21
I	0.0143284503686259	4.39150284920669e-06	0.000231265932022036	0.0107404042837271	5.11513365017747e-12
V	0.00359977889215668	4.23511478482688e-06	0.000917787560597086	0.000177721121036333	0.999407180267543
A	0.00687843282379384	0.00089705549058389	5.83310238547985e-05	0.000523057274448903	0.000197513246838674
G	5.94966775817648e-05	0.000106884909072888	1.94583854138938e-06	2.20346891699228e-05	5.15928875787456e-06
S	0.254610862187585	0.000814839248285198	0.00440027391007956	0.000480740409046747	6.885582145092e-06
T	0.0154976156308049	0.000251779891649270	0.866852457179938	0.00164241044769452	0.000381566852098289
R	0.00438195179029566	1.58242883144880e-05	0.0863746385505808	0.221316268707977	9.84984352728986e-74
K	0.000227791692274735	0.000134674999183111	0.023138300800537	0.669051394103123	1.86511277333858e-52
H	0.410183060001885	7.59569445984781e-08	0.00132623666512394	0.0268135631177337	7.4819311542433e-51
N	0.00298528959982722	7.02064065435367e-06	0.000167882991254579	5.42906296061269e-06	2.30694762446220e-07
Q	0.00428544914022128	0.00342424295360794	0.000488450662971621	0.00450782689002952	2.46925506926672e-11
D	0.00769244167166382	0.00109610644375613	0.000317121944378504	7.37790512664595e-05	6.19610770061017e-07
E	0.244448449458218	0.993091126400681	0.0153034881130088	0.000621807179667037	8.43931181240871e-07
P	3.44535221529528e-09	1.21813817635171e-10	6.49563883977964e-152	5.73378434933723e-06	2.06623393014089e-159
C	0	0	0	0	0
