	-4	-3	-2	-1	0
W	0.0161776615439807	0.000177065803593979	8.12203633931447e-05	3.72836742158727e-05	0
F	0.0978563873259742	0.000495817237659229	0.000731005762208942	0.00323844594470127	5.39338659861157e-104
Y	0.0505368744690164	0.000303909467531374	0.000211941914830235	1.33030215485561e-05	5.20484280815497e-253
M	0.000322407594039809	0.112258988728401	0.00295566572950852	0.00668445220794346	1.01228190814329e-12
L	0.0043791395660286	5.86689105351253e-05	1.22608611246844e-08	4.788054368491e-05	1.86947761588577e-37
I	0.00628836573234969	0.104221013990356	1.46860278975406e-07	2.50022534684017e-05	5.94465726252234e-31
V	0.00132612495567716	0.0288795153738095	1.86712209015324e-06	9.61723713853304e-05	0.989971984705303
A	0.00076768685014559	0.00925337637752114	0.000609181415351039	0.00427022477068364	0.0062706621840855
G	0.000947603727721323	0.000789451280204646	1.69553221420114e-05	0.00200947897414945	0.000155749887147861
S	0.00397147502133047	0.0117781359672640	0.0180834241363190	0.161026213236291	0.000223605428186333
T	0.0262463391922793	0.0104660041724458	0.787525200509202	0.190379562953186	0.0033280009154174
R	0.0599912337388423	0.086085333560869	0.000490527921937941	0.000670897074783404	1.40412790397805e-13
K	0.0629586590983362	0.0181014769969147	0.000207439552702129	0.00101663987915612	4.50226297062384e-24
H	0.591127187791553	5.53902940376121e-05	4.4461927958108e-05	0.585487384715822	8.88112367805529e-13
N	0.0122332433203100	0.000806604135361292	3.06051387974102e-05	0.0201733873714514	2.87040838310934e-06
Q	0.0600580663628572	0.0910390203634453	0.00139033467924817	0.0134925104677798	4.40811183117044e-08
D	0.00259585551727611	0.00159050492167142	0.000596629286256327	0.00733156000370168	2.31030923677070e-05
E	0.00221568819228195	0.523639722418379	0.187023380096915	0.00399679244435873	2.39792959497435e-05
P	5.37836734454751e-25	4.25513021041605e-82	7.30757524252748e-114	2.80809168812217e-06	6.7936147881098e-122
C	0	0	0	0	0
