	-4	-3	-2	-1	0
W	0.232803721227045	0.0312935434992081	0.000919021418053408	0.981081517594443	0
F	0.248250879446454	0.237126206539536	0.0007277463274886	0.00323786855243103	1.80517850751738e-306
Y	0.148129699929329	0.436971205008835	0.00103502815980248	0.000293799809090115	9.34214237231512e-216
M	0.0203992302782285	0.0653506999232178	0.00743070684527877	0.000152530468762018	7.36063561847036e-08
L	0.0932990329741716	0.00422835378304423	2.72287320312102e-05	4.80829513142789e-05	3.66587497612369e-14
I	0.0133111694355704	1.98026319688801e-20	0.00226347923723795	0.000110153126779511	0.000219379221151675
V	0.0279381463866962	9.13423764207903e-09	0.00679518599698354	2.7419735273641e-05	0.995519173706666
A	0.00555979137570729	0.0059357695905894	0.00062067787399514	0.000140449189416461	0.000417592678409293
G	0.00084184508516322	0.000795477013185696	3.51359125199666e-06	2.40134321779093e-05	2.41964099129599e-05
S	0.00777882609986421	0.0132648063226843	0.0089472596705826	0.00300575938424869	8.28809605350172e-05
T	0.0350753749485366	0.00122118787030198	0.891271702829003	0.00270651518308158	0.00371480771535871
R	0.0337956934884149	0.0296955169169444	0.0178193283421172	0.00347384991928925	1.06068064011652e-47
K	0.0568965411346559	0.00616815647639749	0.0303191114119019	0.0008921628746215	6.12557062807483e-33
H	0.00411459847642041	0.116270467370250	0.00685224381943925	0.00149972515025063	4.33318240939362e-28
N	0.0076682068001419	0.0253765596163037	0.000697202512810996	0.000124923536795598	2.63437431123734e-07
Q	0.0379130582353716	0.00541521542946684	0.0153408603099908	0.00105302512135224	1.60934751791755e-10
D	0.0143879033702963	0.00784441124241603	0.00129433620274626	0.00136800708894588	1.5702629816125e-05
E	0.0118362813079320	0.0130424142633810	0.00763536671928444	0.00071060803323248	5.92947339184716e-06
P	7.89495660385488e-28	1.98300661890114e-117	6.04925443565952e-156	4.95888484938426e-05	1.36784161664964e-109
C	0	0	0	0	0
