	-4	-3	-2	-1	0
W	0.0256558283050555	0.00434132882850916	0.00447380393473714	0.796694599840237	1.35424952523751e-307
F	0.0716900128103947	0.163698018507260	0.0460275837419919	0.000866717631000997	2.70381912069941e-33
Y	0.201269791632299	0.0354049621465245	0.0396528623752019	0.000677907718920204	1.02098951970905e-76
M	0.00316236829440623	0.0147857584368790	0.00237311446502892	0.000123354408354598	0.000489874047128285
L	0.00765959902159988	0.000137599600882002	3.69353725024397e-05	7.21537183669283e-05	0.151886967964327
I	0.00536542428749207	2.17893450546286e-08	0.000778075138528965	5.91254534078593e-05	0.83763931024641
V	0.0153953271423262	9.70363709125576e-07	0.00389806937607714	7.95987619842497e-05	0.000374983461091032
A	0.0118244332102230	0.0111001126175744	0.00104572928581671	3.86634809612838e-05	2.19326994125786e-05
G	0.00359998885514726	0.0308013705906324	3.77209731437851e-06	4.01983565459092e-06	3.46274859065437e-06
S	0.0207959766922242	0.055591741673389	0.00498268557291196	0.000757010744391918	5.07207391259546e-06
T	0.0234408350889498	0.00450060311123543	0.678188939507637	0.00115385985270023	4.13205775325844e-06
R	0.0939922846294998	0.00217620848364318	0.159857036245668	0.000425694102188464	1.08776229674492e-07
K	0.0498958966930477	0.0121721832155633	0.0081789318185072	0.000116096046001622	3.27847972236570e-08
H	0.0106425082030609	0.00484116401561913	0.017366401974267	0.198456394099962	1.35283891854777e-10
N	0.0317791915928709	0.00903166403815631	0.000248995356195006	0.000244817058385917	1.70043170568962e-06
Q	0.337073457704058	0.0110309146602599	0.0233495950623169	0.000159499857500300	1.28469793580501e-05
D	0.0337889543822452	0.301718486044279	0.00394735646967226	4.15103281899841e-05	1.21636896212590e-05
E	0.0503312568773391	0.338666891876540	0.00559011220562528	2.8977016487167e-05	0.0095474119043796
P	0.00263686457775978	2.20736431549196e-67	1.14363327013398e-129	4.53046714477002e-11	3.17437428977179e-137
C	0	0	0	0	0
