	-4	-3	-2	-1	0
W	0.00201777089231826	7.88487170333986e-05	0.000768563155269129	0.00695468416898023	3.17942498915086e-16
F	0.000616126599104551	3.71908043191252e-05	0.00141835098833173	0.640004312063547	5.30699133196473e-09
Y	0.00102846099383578	3.87360709557112e-05	0.0088102086400975	0.155498280927668	1.67073256880280e-10
M	0.00088977614297086	0.0135877735341953	0.00174539174156203	0.0025259210262637	0.0151734742924975
L	0.00386714705044523	0.00127797486233013	3.14329649916909e-08	0.000137704602595946	0.52754868074692
I	1.29177255011345e-15	0.0136268780206647	0.00040543593428071	0.00503382145148016	0.419803591520171
V	7.62331370097051e-07	0.00381048801883640	0.00297589377407428	0.00773178759921149	0.00352333620311813
A	0.000102070797171275	0.00136412543793344	7.55517760474953e-05	0.000242695222722633	6.79881248246711e-05
G	5.83497940127343e-05	0.000313176647492381	1.21450823281536e-06	1.86528329462651e-05	4.30272280591754e-05
S	0.000107952131524184	0.00112265835707020	0.00791436400668448	0.000796944658909841	5.69650233757613e-05
T	2.58632491988212e-05	0.000286495093337283	0.0511705360145966	0.0621715596688441	0.000556330136929657
R	0.102370980102795	0.93295001021072	0.894035176916236	0.0935464472053722	9.95102777497656e-06
K	0.884225559540542	0.0101593195877242	0.00373051113499818	0.0065577282042147	5.97982367201829e-06
H	0.000138796015757147	2.70656526177154e-05	0.00991297619721093	0.0109788421744991	4.21839291752397e-05
N	0.00112467665897900	4.67593955454442e-05	4.02886637368725e-05	0.00139315469867794	9.9692054209324e-05
Q	0.00209964936208487	0.00981074935605778	0.00510674991875847	0.00199540396184505	0.000281301689592799
D	0.00104338033316100	0.000381081319760587	0.000264764567027326	0.00319325660586104	0.00230322984609692
E	0.000282678004727184	0.0110806689134065	0.0116239906298904	0.00121880099957571	0.0304842628795183
P	1.16055722797304e-28	2.05904842552341e-95	5.83719334195696e-132	1.92678503993992e-09	1.24236824834530e-109
C	0	0	0	0	0
