	-4	-3	-2	-1	0
W	1.14906521599125e-05	8.67739746445459e-13	7.8624336156021e-06	0.99995454603733	2.31368682980486e-91
F	8.63957429429058e-06	2.16725909257702e-20	4.18405826853973e-06	2.82805463615967e-06	3.20163645590012e-06
Y	1.60560420442531e-05	3.61356509338827e-17	2.49846760074935e-05	9.7291461396462e-06	8.27389862927524e-11
M	0.00350579136027237	7.11360668605026e-07	6.17892508491072e-05	4.91098015462692e-06	0.00776874637102442
L	1.70888570926611e-05	6.48047869141856e-08	9.26315745055608e-05	4.17834368951203e-06	0.990551350854415
I	8.20572924593824e-09	3.24925635163462e-12	3.76878043419068e-06	1.63284668360190e-07	5.75961987527807e-09
V	9.27835184203901e-07	8.72514518127843e-12	7.37584275374043e-06	1.75908858204586e-07	1.09031787329117e-11
A	0.000229154795013363	0.000498210066656432	0.000270092508438215	4.41530519131063e-08	8.93384701157352e-06
G	6.30236208069071e-05	0.000129044513805742	0.00211017043978854	2.71308850421449e-10	4.2668721991734e-07
S	0.00261192357021252	0.998337112920786	0.969882945039838	8.48023514235738e-07	8.8512000605751e-06
T	4.52390269102663e-05	2.34450434898392e-05	0.000451444044946725	1.51923259748860e-05	2.38208166826073e-07
R	0.00171805004545611	3.42769601999955e-08	0.000126442334080192	2.89874603360766e-06	5.06928314630914e-06
K	0.000883813823628217	4.71638192003437e-09	0.000258244701205403	8.48637838608443e-08	7.97448066515612e-06
H	0.00347817457840035	4.84593272408301e-08	0.00112664289677126	9.086359398844e-08	0.000608295718052473
N	0.00060665008729478	0.000371461608456323	0.00218101171004160	5.90308691165487e-08	1.83909939368973e-05
Q	0.337800345726561	8.41992632579368e-06	0.000516750881319644	9.80484969419938e-07	0.000101772505516125
D	0.0722800731438541	0.000601315183131235	0.0157922272796828	1.28804928442215e-06	2.30391431345528e-06
E	0.576723534655371	3.01271063813779e-05	0.00693572522709829	1.98013736423926e-06	0.000914438446753323
P	1.43997145292242e-08	0	0.000145706320355448	1.29477569616936e-09	4.32108985853046e-281
C	0	0	0	0	0
