Res	HN	N	PEG NH
2	8.85	118.87	-1.2
3	8.59346	124.53841	0.5
4	8.26346	117.03841	-2.9
5	8.23345	125.83	-5.1
6	8.20345	122.33842	3.4
7	8.19345	121.33842	5.3
8	9.29	123	
10	8.45345	119.63842	-0.5
11	9.188	130.3	-15
12	8.62346	121.23842	-9.9
13	9.49345	128.83842	-17.9
14	8.86345	119.33842	-16.3
15	8.27347	126.83842	-18.8
16	8.79346	124.13842	8.2
17	8.42346	125.93841	-6.4
18	9.02347	124.73842	-6.1
19	9.09346	117.23842	-17.7
20	8.00346	118.23842	-1.4
23	8.75346	116.23842	-11.3
24	7.82346	115.45	-7.8
25	8.90345	120.97	-8.4
26	8.87346	126.23842	-14.3
27	8.94345	127.33842	-10.2
28	6.98346	118.13842	-18.8
29	8.66346	128.2384	-24.4
30	8.62346	129.83842	-7.3
32	7.87346	113.43	
34	9.02347	127.73842	-12.5
35	9.35	126.9	-13.7
36	8.78345	128.7384	-0.7
37	8.16346	117.31	-6.6
38	8.79346	118.82	8.5
39	9.37346	115.03841	1.1
41	8.574	124.98	-15.8
43	8.00346	116.33842	
44	7.07346	122.73842	
46	8.58346	123.63842	16.7
47	8.20345	118.53841	5.8
48	7.64346	118.53841	31.1
49	7.13346	122.93841	-2
50	7.91346	118.73842	-17.8
51	8.80346	126.33842	-12.6
52	9.60347	118.63842	5.8
53	7.98346	111.38	0.3
54	9.42346	124.84	-1.6
55	8.73345	127.73842	
56	8.42346	119.23842	
57	9.17346	116.13842	0.2
58	7.82346	116.73842	-4.5
59	8.38346	124.43841	8.4
61	8.90345	112.73842	-13.4
62	8.30346	123.62	-11.1
63	8.67346	123.43	-3.4
64	8.16346	122.63842	-11.2
65	9.16346	121.93841	-17.1
66	8.77347	124.93841	-2.7
67	8.07345	128.83842	-8.8
68	8.85347	129.43842	19.1
70	8.63346	130.33839	-9.7
72	8.92	127.68	
74	8.81	117.69	-13.4
75	7.78346	121.23842	
76	8.88346	129.2384	17.8
77	8.83346	128.13841	
78	8.85347	127.93841	
79	7.50346	120.83842	-15.1
80	8.34	128.08	-15.7
81	8.77347	121.53841	-11.2
83	8.33346	118.23842	-15.6
84	7.57346	118.43841	-16.3
86	8.64	125.072	-7
87	9.17346	126.73842	-16.3
88	8.40345	122.83842	-8.6
89	8.84346	130.83839	-15.6
90	8.89347	124.33842	-7.7
