Rows are residues, columns are chains, data are neighbors in that chain for each residue
residue	chain	PDBdata	DSSP	1	2
1	1	4 A	L	9	0
2	1	5 A	L	12	0
3	1	6 A	L	23	0
4	1	7 A	L	15	0
5	1	8 A	E	19	3
6	1	9 A	L	12	5
7	1	10 A	L	10	4
8	1	11 A	L	7	1
9	1	12 A	L	7	0
10	1	13 A	L	7	1
11	1	14 A	L	8	3
12	1	15 A	L	14	3
13	1	16 A	L	15	7
14	1	17 A	H	8	2
15	1	18 A	H	12	6
16	1	19 A	H	18	3
17	1	20 A	H	14	0
18	1	21 A	H	11	0
19	1	22 A	H	22	0
20	1	23 A	H	22	0
21	1	24 A	H	9	0
22	1	25 A	H	16	0
23	1	26 A	L	19	0
24	1	27 A	H	12	0
25	1	28 A	H	14	0
26	1	29 A	H	21	0
27	1	30 A	L	13	0
28	1	31 A	L	9	0
29	1	32 A	L	13	0
30	1	33 A	L	14	0
31	1	34 A	E	20	0
32	1	35 A	E	13	0
33	1	36 A	E	15	0
34	1	37 A	E	12	0
35	1	38 A	E	13	0
36	1	39 A	L	11	0
37	1	40 A	L	6	0
38	1	41 A	L	7	0
39	1	42 A	L	8	0
40	1	43 A	L	10	0
41	1	44 A	L	13	0
42	1	45 A	E	20	0
43	1	46 A	E	17	0
44	1	47 A	E	21	0
45	1	48 A	E	23	0
46	1	49 A	E	25	0
47	1	50 A	L	22	0
48	1	51 A	L	30	0
49	1	52 A	L	20	0
50	1	53 A	L	18	0
51	1	54 A	L	18	0
52	1	55 A	L	27	0
53	1	56 A	L	18	0
54	1	57 A	L	12	0
55	1	58 A	L	10	0
56	1	59 A	L	7	0
57	1	60 A	L	17	0
58	1	61 A	L	21	0
59	1	62 A	E	29	0
60	1	63 A	E	28	0
61	1	64 A	E	29	0
62	1	65 A	E	28	0
63	1	66 A	E	22	0
64	1	67 A	E	20	0
65	1	68 A	E	14	0
66	1	69 A	L	15	0
67	1	70 A	L	11	0
68	1	71 A	L	7	0
69	1	72 A	L	11	0
70	1	73 A	L	9	0
71	1	74 A	E	18	0
72	1	75 A	E	18	0
73	1	76 A	E	23	0
74	1	77 A	E	29	0
75	1	78 A	E	30	0
76	1	79 A	E	26	0
77	1	80 A	E	25	0
78	1	81 A	E	17	0
79	1	82 A	E	19	0
80	1	83 A	E	22	0
81	1	84 A	E	17	2
82	1	85 A	E	24	0
83	1	86 A	E	13	7
84	1	87 A	E	18	3
85	1	88 A	L	10	8
86	1	89 A	L	8	7
87	1	90 A	L	13	3
88	1	91 A	E	16	4
89	1	92 A	E	22	0
90	1	93 A	E	15	4
91	1	94 A	E	28	0
92	1	95 A	E	16	1
93	1	96 A	E	32	0
94	1	97 A	E	20	0
95	1	98 A	E	19	0
96	1	99 A	L	25	0
97	1	100 A	L	17	0
98	1	101 A	E	13	0
99	1	102 A	L	16	0
100	1	103 A	L	7	0
101	1	104 A	L	7	0
102	1	105 A	L	16	0
103	1	106 A	H	19	0
104	1	107 A	H	13	0
105	1	108 A	H	9	0
106	1	109 A	L	19	0
107	1	110 A	E	17	0
108	1	111 A	L	25	0
109	1	112 A	L	23	0
110	1	113 A	E	27	0
111	1	114 A	E	21	3
112	1	115 A	E	22	0
113	1	116 A	E	16	6
114	1	117 A	E	24	0
115	1	118 A	E	14	5
116	1	119 A	E	16	0
117	1	120 A	L	18	0
118	1	121 A	L	10	0
119	1	122 A	L	7	0
120	1	123 A	L	12	0
121	1	124 A	L	12	0
122	1	125 A	L	19	0
123	1	126 A	E	13	0
124	1	127 A	E	13	0
125	1	128 A	E	20	0
126	1	129 A	E	15	1
127	1	130 A	E	20	0
128	1	131 A	E	12	4
129	1	132 A	E	11	4
130	1	133 A	E	15	1
131	1	134 A	E	14	4
132	1	135 A	L	14	2
133	1	136 A	L	11	6
134	1	137 A	L	12	10
135	1	138 A	L	9	7
136	1	139 A	L	8	2
137	1	140 A	L	9	9
138	1	141 A	L	18	2
139	1	142 A	E	21	1
140	1	143 A	E	22	0
141	1	144 A	E	15	5
142	1	145 A	E	22	1
143	1	146 A	E	16	4
144	1	147 A	E	23	0
145	1	148 A	E	19	0
146	1	149 A	E	24	0
147	1	150 A	H	14	0
148	1	151 A	H	21	0
149	1	152 A	H	25	0
150	1	153 A	L	13	0
151	1	154 A	L	11	0
152	2	1 B	L	0	3
153	2	2 B	L	0	4
154	2	3 B	L	0	9
155	2	4 B	L	0	13
156	2	5 B	L	0	15
157	2	6 B	L	0	23
158	2	7 B	L	0	15
159	2	8 B	E	3	19
160	2	9 B	L	5	12
161	2	10 B	L	4	9
162	2	11 B	L	1	7
163	2	12 B	L	0	7
164	2	13 B	L	0	7
165	2	14 B	L	3	8
166	2	15 B	L	3	14
167	2	16 B	L	7	14
168	2	17 B	H	2	8
169	2	18 B	H	6	11
170	2	19 B	H	4	17
171	2	20 B	H	0	14
172	2	21 B	H	0	11
173	2	22 B	H	0	22
174	2	23 B	H	0	19
175	2	24 B	H	0	9
176	2	25 B	H	0	15
177	2	26 B	L	0	19
178	2	27 B	H	0	12
179	2	28 B	H	0	14
180	2	29 B	H	0	20
181	2	30 B	L	0	14
182	2	31 B	L	0	10
183	2	32 B	L	0	13
184	2	33 B	L	0	14
185	2	34 B	E	0	20
186	2	35 B	E	0	11
187	2	36 B	E	0	15
188	2	37 B	E	0	11
189	2	38 B	E	0	14
190	2	39 B	L	0	11
191	2	40 B	L	0	6
192	2	41 B	L	0	7
193	2	42 B	L	0	8
194	2	43 B	L	0	10
195	2	44 B	L	0	13
196	2	45 B	E	0	19
197	2	46 B	E	0	17
198	2	47 B	E	0	21
199	2	48 B	E	0	22
200	2	49 B	E	0	25
201	2	50 B	L	0	20
202	2	51 B	L	0	30
203	2	52 B	L	0	21
204	2	53 B	L	0	20
205	2	54 B	L	0	20
206	2	55 B	L	0	28
207	2	56 B	L	0	18
208	2	57 B	L	0	12
209	2	58 B	L	0	10
210	2	59 B	L	0	8
211	2	60 B	L	0	16
212	2	61 B	L	0	21
213	2	62 B	E	0	29
214	2	63 B	E	0	28
215	2	64 B	E	0	30
216	2	65 B	E	0	27
217	2	66 B	E	0	25
218	2	67 B	E	0	20
219	2	68 B	E	0	14
220	2	69 B	L	0	16
221	2	70 B	L	0	11
222	2	71 B	L	0	6
223	2	72 B	L	0	10
224	2	73 B	L	0	9
225	2	74 B	E	0	17
226	2	75 B	E	0	17
227	2	76 B	E	0	23
228	2	77 B	E	0	29
229	2	78 B	E	0	30
230	2	79 B	E	0	26
231	2	80 B	E	0	24
232	2	81 B	E	0	17
233	2	82 B	E	0	20
234	2	83 B	E	0	23
235	2	84 B	E	2	17
236	2	85 B	E	0	24
237	2	86 B	E	7	13
238	2	87 B	E	3	18
239	2	88 B	L	8	9
240	2	89 B	L	6	8
241	2	90 B	L	3	13
242	2	91 B	E	4	15
243	2	92 B	E	0	21
244	2	93 B	E	4	15
245	2	94 B	E	0	28
246	2	95 B	E	1	15
247	2	96 B	E	0	31
248	2	97 B	E	1	20
249	2	98 B	E	0	19
250	2	99 B	L	0	25
251	2	100 B	L	0	17
252	2	101 B	E	0	13
253	2	102 B	L	0	15
254	2	103 B	L	0	7
255	2	104 B	L	0	7
256	2	105 B	L	0	16
257	2	106 B	H	0	19
258	2	107 B	H	0	13
259	2	108 B	H	0	9
260	2	109 B	L	0	18
261	2	110 B	E	0	17
262	2	111 B	L	0	25
263	2	112 B	L	0	23
264	2	113 B	E	0	29
265	2	114 B	E	3	21
266	2	115 B	E	0	23
267	2	116 B	E	6	15
268	2	117 B	E	0	24
269	2	118 B	E	5	14
270	2	119 B	E	0	17
271	2	120 B	L	0	18
272	2	121 B	L	0	11
273	2	122 B	L	0	7
274	2	123 B	L	0	12
275	2	124 B	L	0	12
276	2	125 B	L	0	19
277	2	126 B	E	0	13
278	2	127 B	E	0	13
279	2	128 B	E	0	21
280	2	129 B	E	1	16
281	2	130 B	E	0	20
282	2	131 B	E	4	12
283	2	132 B	E	5	11
284	2	133 B	E	1	15
285	2	134 B	E	4	14
286	2	135 B	L	2	13
287	2	136 B	L	6	10
288	2	137 B	L	10	12
289	2	138 B	L	8	9
290	2	139 B	L	2	8
291	2	140 B	L	7	9
292	2	141 B	L	2	18
293	2	142 B	E	1	21
294	2	143 B	E	0	22
295	2	144 B	E	5	15
296	2	145 B	E	1	22
297	2	146 B	E	4	16
298	2	147 B	E	0	23
299	2	148 B	E	0	19
300	2	149 B	E	0	24
301	2	150 B	H	0	15
302	2	151 B	H	0	21
303	2	152 B	H	0	25
304	2	153 B	L	0	13
305	2	154 B	L	0	8

