Rows are residues, columns are chains, data are neighbors in that chain for each residue
residue	chain	PDBdata	DSSP	1	2
1	1	2 A	L	7	0
2	1	3 A	L	15	0
3	1	4 A	L	19	0
4	1	5 A	E	17	0
5	1	6 A	E	24	0
6	1	7 A	E	21	0
7	1	8 A	E	26	0
8	1	9 A	E	17	0
9	1	10 A	E	25	0
10	1	11 A	E	19	0
11	1	12 A	E	20	0
12	1	13 A	L	11	0
13	1	14 A	L	12	0
14	1	15 A	E	10	0
15	1	16 A	E	10	0
16	1	17 A	E	20	0
17	1	18 A	E	17	0
18	1	19 A	E	16	0
19	1	20 A	E	25	0
20	1	21 A	E	17	0
21	1	22 A	E	27	0
22	1	23 A	E	20	0
23	1	24 A	E	26	0
24	1	25 A	L	19	0
25	1	26 A	L	18	0
26	1	27 A	L	9	0
27	1	28 A	L	16	0
28	1	29 A	L	23	0
29	1	30 A	H	14	0
30	1	31 A	H	17	0
31	1	32 A	H	27	0
32	1	33 A	H	24	0
33	1	34 A	H	16	0
34	1	35 A	H	26	0
35	1	36 A	H	25	0
36	1	37 A	H	22	0
37	1	38 A	H	19	0
38	1	39 A	H	28	0
39	1	40 A	H	24	0
40	1	41 A	H	16	0
41	1	42 A	L	17	0
42	1	43 A	L	13	0
43	1	44 A	L	11	0
44	1	45 A	L	9	0
45	1	46 A	L	15	0
46	1	47 A	L	23	0
47	1	48 A	L	25	0
48	1	49 A	L	18	0
49	1	50 A	L	13	0
50	1	51 A	L	22	0
51	1	52 A	E	17	0
52	1	53 A	E	27	0
53	1	54 A	E	22	0
54	1	55 A	E	21	1
55	1	56 A	E	27	0
56	1	57 A	E	18	1
57	1	58 A	L	17	0
58	1	59 A	L	14	0
59	1	60 A	L	16	1
60	1	61 A	E	27	1
61	1	62 A	E	28	0
62	1	63 A	E	19	2
63	1	64 A	E	25	0
64	1	65 A	L	24	0
65	1	66 A	L	24	0
66	1	67 A	L	21	0
67	1	68 A	L	15	0
68	1	69 A	L	10	0
69	1	70 A	L	18	0
70	1	71 A	L	11	0
71	1	72 A	L	16	0
72	1	73 A	L	11	0
73	1	74 A	L	17	0
74	1	75 A	L	21	0
75	1	76 A	L	19	0
76	1	77 A	E	20	0
77	1	78 A	L	20	0
78	1	79 A	L	14	0
79	1	80 A	E	11	0
80	1	81 A	L	12	0
81	1	82 A	L	14	0
82	1	83 A	E	18	0
83	1	84 A	L	13	0
84	1	85 A	L	18	0
85	1	86 A	L	18	0
86	1	87 A	L	15	0
87	1	88 A	L	13	0
88	1	89 A	L	12	0
89	1	90 A	L	19	0
90	1	91 A	L	16	0
91	1	92 A	L	20	1
92	1	93 A	L	14	0
93	1	94 A	L	13	0
94	1	95 A	L	17	0
95	1	96 A	L	22	0
96	1	97 A	E	24	0
97	1	98 A	E	23	0
98	1	99 A	E	26	1
99	1	100 A	E	24	0
100	1	101 A	L	22	2
101	1	102 A	E	17	2
102	1	103 A	L	13	1
103	1	104 A	L	11	1
104	1	105 A	L	8	0
105	1	106 A	L	11	0
106	1	107 A	L	15	1
107	1	108 A	E	26	0
108	1	109 A	L	24	0
109	1	110 A	L	25	0
110	1	111 A	L	23	1
111	1	112 A	E	27	0
112	1	113 A	E	23	2
113	1	114 A	E	25	0
114	1	115 A	E	24	1
115	1	116 A	L	23	0
116	1	117 A	L	15	0
117	1	118 A	L	13	0
118	1	119 A	L	20	1
119	1	120 A	H	10	0
120	1	121 A	H	8	1
121	1	122 A	H	18	2
122	1	123 A	L	14	0
123	1	124 A	L	14	0
124	1	125 A	L	14	2
125	1	126 A	L	22	2
126	1	127 A	L	24	0
127	1	128 A	E	24	0
128	1	129 A	E	30	0
129	1	130 A	E	26	0
130	1	131 A	E	21	0
131	1	132 A	E	20	0
132	1	133 A	E	19	0
133	1	134 A	E	14	0
134	1	135 A	L	18	0
135	1	136 A	H	16	0
136	1	137 A	H	10	0
137	1	138 A	H	18	0
138	1	139 A	H	20	0
139	1	140 A	H	14	0
140	1	141 A	H	14	0
141	1	142 A	H	22	0
142	1	143 A	H	19	0
143	1	144 A	H	11	0
144	1	145 A	H	20	0
145	1	146 A	L	20	0
146	1	147 A	L	12	0
147	1	148 A	L	8	0
148	1	149 A	L	7	0
149	1	150 A	L	17	0
150	1	151 A	L	12	0
151	1	152 A	L	17	0
152	1	153 A	L	12	0
153	1	154 A	L	17	0
154	1	155 A	L	14	0
155	1	156 A	E	24	0
156	1	157 A	E	21	0
157	1	158 A	E	23	0
158	1	159 A	E	19	0
159	1	160 A	E	15	0
160	1	161 A	E	21	0
161	1	162 A	E	18	0
162	1	163 A	E	15	0
163	1	164 A	L	14	0
164	1	165 A	L	12	0
165	2	201 A	E	11	1
166	2	202 A	L	16	1

