Rows are residues, columns are chains, data are neighbors in that chain for each residue
residue	chain	PDBdata	DSSP	1	2	3	4
1	1	4 A	L	13	0	0	0
2	1	5 A	E	13	0	0	0
3	1	6 A	E	25	0	0	0
4	1	7 A	E	16	0	0	0
5	1	8 A	E	13	0	0	0
6	1	9 A	E	23	0	0	0
7	1	10 A	E	15	0	0	0
8	1	11 A	E	20	0	0	0
9	1	12 A	E	17	0	0	0
10	1	13 A	E	20	0	0	0
11	1	14 A	E	22	0	0	0
12	1	15 A	E	13	0	0	0
13	1	16 A	E	18	0	0	0
14	1	17 A	E	11	0	0	0
15	1	18 A	E	16	0	0	0
16	1	19 A	E	10	0	0	0
17	1	20 A	E	13	0	0	0
18	1	21 A	E	12	0	0	0
19	1	22 A	E	21	0	0	0
20	1	23 A	E	17	0	0	0
21	1	24 A	E	23	1	0	0
22	1	25 A	L	20	0	0	0
23	1	26 A	L	13	2	0	0
24	1	27 A	E	11	5	0	0
25	1	28 A	E	13	1	0	0
26	1	29 A	E	14	2	0	0
27	1	30 A	E	12	0	0	0
28	1	31 A	E	12	0	0	0
29	1	32 A	E	20	1	0	0
30	1	33 A	E	20	3	0	0
31	1	34 A	E	27	0	0	0
32	1	35 A	E	28	0	0	0
33	1	36 A	E	21	0	0	0
34	1	37 A	E	28	0	0	0
35	1	38 A	E	18	0	0	0
36	1	39 A	E	31	0	0	0
37	1	40 A	E	18	0	0	0
38	1	41 A	E	21	0	0	0
39	1	42 A	L	14	0	0	0
40	1	43 A	L	11	0	0	0
41	1	44 A	E	19	0	0	0
42	1	45 A	E	17	0	0	0
43	1	46 A	E	28	0	0	0
44	1	47 A	E	22	0	0	0
45	1	48 A	E	29	0	0	0
46	1	49 A	E	31	0	0	0
47	1	50 A	E	34	0	0	0
48	1	51 A	E	20	2	0	0
49	1	52 A	L	20	6	0	0
50	1	53 A	L	15	12	0	0
51	1	54 A	H	14	7	0	0
52	1	55 A	H	15	16	0	0
53	1	56 A	H	27	7	0	0
54	1	57 A	H	27	2	0	0
55	1	58 A	H	15	9	0	0
56	1	59 A	H	24	7	0	0
57	1	60 A	H	26	1	0	0
58	1	61 A	H	13	3	0	0
59	1	62 A	H	13	7	0	0
60	1	63 A	H	19	4	0	0
61	1	64 A	H	26	0	0	0
62	1	65 A	H	18	0	0	0
63	1	66 A	H	16	0	0	0
64	1	67 A	H	21	0	0	0
65	1	68 A	H	26	0	0	0
66	1	69 A	L	16	0	0	0
67	1	70 A	L	13	0	0	0
68	1	71 A	L	20	0	0	0
69	1	72 A	E	13	0	3	0
70	1	73 A	L	24	0	0	0
71	1	74 A	L	14	0	6	0
72	1	75 A	L	12	0	9	0
73	1	76 A	H	26	0	3	0
74	1	77 A	H	15	0	9	0
75	1	78 A	H	13	0	7	0
76	1	79 A	H	24	0	1	0
77	1	80 A	H	23	0	3	0
78	1	81 A	H	12	0	3	0
79	1	82 A	H	14	0	0	0
80	1	83 A	H	25	0	0	0
81	1	84 A	H	17	0	1	0
82	1	85 A	H	10	2	0	0
83	1	86 A	H	15	2	0	0
84	1	87 A	L	19	5	0	0
85	1	88 A	L	8	7	0	0
86	1	89 A	L	7	9	0	0
87	1	90 A	L	13	10	0	0
88	1	91 A	L	13	13	0	0
89	1	92 A	L	17	5	0	0
90	1	93 A	L	14	9	0	0
91	1	94 A	E	17	10	0	0
92	1	95 A	H	19	17	0	0
93	1	96 A	H	26	7	0	0
94	1	97 A	H	27	4	0	0
95	1	98 A	H	28	3	0	0
96	1	99 A	H	29	3	0	0
97	1	100 A	H	32	0	0	0
98	1	101 A	H	32	0	0	0
99	1	102 A	H	33	0	0	0
100	1	103 A	H	31	0	0	0
101	1	104 A	H	29	0	0	0
102	1	105 A	H	31	0	0	0
103	1	106 A	H	30	0	0	0
104	1	107 A	H	32	0	0	0
105	1	108 A	H	28	0	1	0
106	1	109 A	H	29	0	0	0
107	1	110 A	H	28	0	0	0
108	1	111 A	H	26	0	3	0
109	1	112 A	H	25	0	0	0
110	1	113 A	H	26	0	0	0
111	1	114 A	H	19	0	0	0
112	1	115 A	L	15	0	5	0
113	1	116 A	L	13	0	1	0
114	1	117 A	L	16	0	2	0
115	1	118 A	E	22	0	1	0
116	1	119 A	H	29	0	0	0
117	1	120 A	H	26	0	2	0
118	1	121 A	H	16	0	5	0
119	1	122 A	H	22	0	4	0
120	1	123 A	L	21	0	4	0
121	1	124 A	L	11	0	16	0
122	1	125 A	L	14	0	7	0
123	1	126 A	L	15	0	8	0
124	1	127 A	L	16	0	4	0
125	1	128 A	L	11	0	3	0
126	1	129 A	L	15	0	0	0
127	1	130 A	E	27	0	0	0
128	1	131 A	E	19	0	0	0
129	1	132 A	E	27	0	0	0
130	1	133 A	E	25	0	0	0
131	1	134 A	E	28	0	0	0
132	1	135 A	E	28	0	0	0
133	1	136 A	L	23	0	0	0
134	1	137 A	L	25	0	0	0
135	1	138 A	L	23	0	0	0
136	1	139 A	L	23	0	0	0
137	1	140 A	L	18	0	0	0
138	1	141 A	L	22	0	0	0
139	1	142 A	L	9	0	0	0
140	1	143 A	H	15	0	0	0
141	1	144 A	H	10	0	0	0
142	1	145 A	H	13	0	0	0
143	1	146 A	H	22	0	0	0
144	1	147 A	H	19	0	0	0
145	1	148 A	H	13	0	0	0
146	1	149 A	H	21	0	0	0
147	1	150 A	H	27	0	0	0
148	1	151 A	H	19	0	0	0
149	1	152 A	H	15	0	0	0
150	1	153 A	H	27	0	0	0
151	1	154 A	H	19	0	0	0
152	1	155 A	H	12	0	0	0
153	1	156 A	L	14	0	0	0
154	1	157 A	L	15	0	0	0
155	1	158 A	L	25	0	0	0
156	1	159 A	L	19	0	0	0
157	1	160 A	E	24	0	0	0
158	1	161 A	E	24	0	0	0
159	1	162 A	E	27	0	0	0
160	1	163 A	E	26	0	0	0
161	1	164 A	E	25	0	0	0
162	1	165 A	L	28	0	0	0
163	1	166 A	L	24	0	0	0
164	1	167 A	L	20	0	0	0
165	1	168 A	L	11	0	0	0
166	1	169 A	H	16	0	0	0
167	1	170 A	H	7	0	0	0
168	1	171 A	H	13	0	0	0
169	1	172 A	H	23	0	0	0
170	1	173 A	H	16	0	0	0
171	1	174 A	H	13	0	0	0
172	1	175 A	H	25	0	0	0
173	1	176 A	H	23	0	0	0
174	1	177 A	H	14	0	0	0
175	1	178 A	H	17	0	0	0
176	1	179 A	H	27	0	0	0
177	1	180 A	H	18	0	0	0
178	1	181 A	H	14	0	0	0
179	1	182 A	H	22	0	0	0
180	1	183 A	H	22	0	0	0
181	1	184 A	L	12	0	0	0
182	1	185 A	L	7	0	0	0
183	1	186 A	L	7	0	0	1
184	1	187 A	L	21	0	0	0
185	1	188 A	E	17	0	0	0
186	1	189 A	E	24	0	0	0
187	1	190 A	E	24	0	0	0
188	1	191 A	E	26	0	0	0
189	1	192 A	E	25	0	0	0
190	1	193 A	L	25	0	0	0
191	1	194 A	L	21	1	0	0
192	1	195 A	L	20	1	0	0
193	1	196 A	L	25	0	0	0
194	1	197 A	L	24	0	0	0
195	1	198 A	L	14	0	0	0
196	1	199 A	H	15	0	0	0
197	1	200 A	H	11	0	0	0
198	1	201 A	H	15	0	0	0
199	1	202 A	H	26	0	0	0
200	1	203 A	H	19	0	0	0
201	1	204 A	H	12	0	0	0
202	1	205 A	H	25	0	0	0
203	1	206 A	H	22	0	0	0
204	1	207 A	H	18	0	0	0
205	1	208 A	H	16	0	0	0
206	1	209 A	H	24	0	0	0
207	1	210 A	H	18	0	0	1
208	1	211 A	H	10	0	0	0
209	1	212 A	H	16	0	0	0
210	1	213 A	H	21	0	0	0
211	1	214 A	L	16	0	0	0
212	1	215 A	L	27	0	0	0
213	1	216 A	L	16	0	0	3
214	1	217 A	E	23	0	0	1
215	1	218 A	E	29	0	0	0
216	1	219 A	E	27	0	0	0
217	1	220 A	L	27	0	0	0
218	1	221 A	L	33	0	0	0
219	1	222 A	L	23	0	0	0
220	1	223 A	L	17	1	0	0
221	1	224 A	L	23	0	0	0
222	1	225 A	L	12	7	0	0
223	1	226 A	L	19	1	0	0
224	1	227 A	H	18	2	0	0
225	1	228 A	H	9	0	0	0
226	1	229 A	H	23	0	0	0
227	1	230 A	H	26	0	0	0
228	1	231 A	H	15	0	0	0
229	1	232 A	H	19	0	0	0
230	1	233 A	H	25	0	0	0
231	1	234 A	H	17	0	0	4
232	1	235 A	H	10	0	0	3
233	1	236 A	H	15	0	0	1
234	1	237 A	L	19	0	0	3
235	1	238 A	L	17	0	0	3
236	1	239 A	L	10	0	0	12
237	1	240 A	L	12	0	0	10
238	1	241 A	L	21	0	0	3
239	1	242 A	E	20	0	0	5
240	1	243 A	E	26	0	0	2
241	1	244 A	E	27	0	0	0
242	1	245 A	E	28	0	0	0
243	1	246 A	L	24	0	0	0
244	1	247 A	L	19	2	0	0
245	1	248 A	L	20	5	0	0
246	1	249 A	L	23	0	0	0
247	1	250 A	L	19	5	0	0
248	1	251 A	L	12	3	3	0
249	1	252 A	H	15	1	9	0
250	1	253 A	H	9	5	4	0
251	1	254 A	H	17	2	1	0
252	1	255 A	H	23	0	3	0
253	1	256 A	H	15	1	8	0
254	1	257 A	H	12	2	1	0
255	1	258 A	H	23	0	0	0
256	1	259 A	H	21	0	2	0
257	1	260 A	H	16	0	0	1
258	1	261 A	L	21	0	0	0
259	1	262 A	L	24	0	0	0
260	1	263 A	L	20	0	0	6
261	1	264 A	E	21	0	0	3
262	1	265 A	E	25	0	0	0
263	1	266 A	E	26	0	0	0
264	1	267 A	E	29	0	0	0
265	1	268 A	L	26	0	0	0
266	1	269 A	L	27	0	0	0
267	1	270 A	L	29	0	0	0
268	1	271 A	L	27	1	0	0
269	1	272 A	L	29	0	0	0
270	1	273 A	L	28	0	0	0
271	1	274 A	H	30	0	0	0
272	1	275 A	H	28	0	1	0
273	1	276 A	H	22	0	4	0
274	1	277 A	H	22	0	5	0
275	1	278 A	H	25	0	0	0
276	1	279 A	H	17	0	7	0
277	1	280 A	H	14	0	12	0
278	1	281 A	H	26	0	2	0
279	1	282 A	H	17	0	8	0
280	1	283 A	H	17	0	14	0
281	1	284 A	H	20	0	7	0
282	1	285 A	H	23	0	3	0
283	1	286 A	H	13	0	9	1
284	1	287 A	H	11	0	11	3
285	1	288 A	H	15	0	3	3
286	1	289 A	L	8	0	4	10
287	1	290 A	L	20	0	0	5
288	1	291 A	L	16	0	0	3
289	1	292 A	E	25	0	0	0
290	1	293 A	E	25	0	0	0
291	1	294 A	E	28	0	0	0
292	1	295 A	L	22	0	0	0
293	1	296 A	L	23	1	0	0
294	1	297 A	L	29	0	0	0
295	1	298 A	H	25	0	0	0
296	1	299 A	H	22	0	0	0
297	1	300 A	H	30	0	0	0
298	1	301 A	H	28	0	0	0
299	1	302 A	H	26	0	0	0
300	1	303 A	H	30	0	0	0
301	1	304 A	H	27	0	0	0
302	1	305 A	H	29	0	0	0
303	1	306 A	H	23	0	3	0
304	1	307 A	H	21	0	3	0
305	1	308 A	L	27	0	0	0
306	1	309 A	L	13	0	9	0
307	1	310 A	L	20	0	2	0
308	1	311 A	E	22	0	0	0
309	1	312 A	E	22	0	0	1
310	1	313 A	E	26	0	0	0
311	1	314 A	E	29	0	0	0
312	1	315 A	E	27	0	0	0
313	1	316 A	E	25	0	0	0
314	1	317 A	E	25	0	0	0
315	1	318 A	H	21	0	0	0
316	1	319 A	H	20	0	0	0
317	1	320 A	H	22	0	0	0
318	1	321 A	H	22	0	0	0
319	1	322 A	H	15	0	0	0
320	1	323 A	H	26	0	0	0
321	1	324 A	H	20	0	0	0
322	1	325 A	H	17	0	0	0
323	1	326 A	H	17	0	0	0
324	1	327 A	H	24	0	0	0
325	1	328 A	E	21	0	0	0
326	1	329 A	E	11	0	0	0
327	1	330 A	L	15	0	0	0
328	1	331 A	L	21	0	0	0
329	1	332 A	L	23	0	0	0
330	1	333 A	L	12	0	0	0
331	1	334 A	L	22	0	0	0
332	1	335 A	H	10	0	0	0
333	1	336 A	H	13	0	0	0
334	1	337 A	H	20	0	0	0
335	1	338 A	E	20	0	0	0
336	1	339 A	E	24	0	0	0
337	1	340 A	L	15	0	0	0
338	1	341 A	L	22	0	0	0
339	1	342 A	L	17	0	0	0
340	1	343 A	L	11	0	0	0
341	1	344 A	L	6	0	0	0
342	1	345 A	L	17	0	0	0
343	1	346 A	L	20	0	0	0
344	1	347 A	E	26	0	0	0
345	1	348 A	L	30	0	0	0
346	1	349 A	L	23	0	0	0
347	1	350 A	L	22	0	0	0
348	1	351 A	E	13	0	0	0
349	1	352 A	E	17	0	0	0
350	1	353 A	L	14	0	0	0
351	1	354 A	H	8	0	0	0
352	1	355 A	H	7	0	0	0
353	1	356 A	H	15	0	0	0
354	1	357 A	H	15	0	0	0
355	1	358 A	H	13	0	0	0
356	1	359 A	H	11	0	0	0
357	1	360 A	H	18	0	0	0
358	1	361 A	E	10	0	0	0
359	1	362 A	L	13	1	0	0
360	2	4 B	L	0	13	0	0
361	2	5 B	E	0	12	0	0
362	2	6 B	E	0	27	0	0
363	2	7 B	E	0	17	0	0
364	2	8 B	E	0	14	0	0
365	2	9 B	E	0	22	0	0
366	2	10 B	E	0	15	0	0
367	2	11 B	E	0	20	0	0
368	2	12 B	E	0	16	0	0
369	2	13 B	E	0	22	0	0
370	2	14 B	E	0	23	0	0
371	2	15 B	E	0	13	0	0
372	2	16 B	E	0	19	0	0
373	2	17 B	E	0	11	0	0
374	2	18 B	E	0	16	0	0
375	2	19 B	E	0	10	0	0
376	2	20 B	E	0	13	0	0
377	2	21 B	E	0	12	0	0
378	2	22 B	E	0	21	0	0
379	2	23 B	E	0	17	0	0
380	2	24 B	L	1	23	0	0
381	2	25 B	L	0	21	0	0
382	2	26 B	L	2	14	0	0
383	2	27 B	L	5	11	0	0
384	2	28 B	E	1	13	0	0
385	2	29 B	E	2	14	0	0
386	2	30 B	E	0	12	0	0
387	2	31 B	E	0	14	0	0
388	2	32 B	E	1	20	0	0
389	2	33 B	E	3	19	0	0
390	2	34 B	E	0	28	0	0
391	2	35 B	E	0	28	0	0
392	2	36 B	E	0	21	0	0
393	2	37 B	E	0	30	0	0
394	2	38 B	E	0	18	0	0
395	2	39 B	E	0	32	0	0
396	2	40 B	E	0	18	0	0
397	2	41 B	E	0	20	0	0
398	2	42 B	L	0	14	0	0
399	2	43 B	L	0	11	0	0
400	2	44 B	E	0	19	0	0
401	2	45 B	E	0	17	0	0
402	2	46 B	E	0	27	0	0
403	2	47 B	E	0	23	0	0
404	2	48 B	E	0	28	0	0
405	2	49 B	E	0	30	0	0
406	2	50 B	E	0	35	0	0
407	2	51 B	E	2	20	0	0
408	2	52 B	L	6	19	0	0
409	2	53 B	L	13	16	0	0
410	2	54 B	H	7	13	0	0
411	2	55 B	H	16	16	0	0
412	2	56 B	H	6	28	0	0
413	2	57 B	H	2	26	0	0
414	2	58 B	H	9	15	0	0
415	2	59 B	H	7	23	0	0
416	2	60 B	H	1	29	0	0
417	2	61 B	H	2	15	0	0
418	2	62 B	H	8	13	0	0
419	2	63 B	H	5	19	0	0
420	2	64 B	H	0	26	0	0
421	2	65 B	H	0	18	0	0
422	2	66 B	H	0	17	0	0
423	2	67 B	H	0	21	0	0
424	2	68 B	H	0	26	0	0
425	2	69 B	L	0	16	0	0
426	2	70 B	L	0	13	0	0
427	2	71 B	L	0	20	0	0
428	2	72 B	E	0	13	0	0
429	2	73 B	L	0	24	0	0
430	2	74 B	L	0	15	0	0
431	2	75 B	L	0	12	0	0
432	2	76 B	H	0	26	0	0
433	2	77 B	H	0	15	0	0
434	2	78 B	H	0	13	0	0
435	2	79 B	H	0	24	0	0
436	2	80 B	H	0	22	0	0
437	2	81 B	H	0	12	0	0
438	2	82 B	H	0	14	0	0
439	2	83 B	H	0	25	0	0
440	2	84 B	H	0	18	0	0
441	2	85 B	H	2	9	0	0
442	2	86 B	H	2	15	0	0
443	2	87 B	L	5	20	0	0
444	2	88 B	L	8	8	0	0
445	2	89 B	L	10	7	0	0
446	2	90 B	L	10	13	0	0
447	2	91 B	L	13	14	0	0
448	2	92 B	L	5	17	0	0
449	2	93 B	L	9	14	0	0
450	2	94 B	E	10	18	0	0
451	2	95 B	H	16	21	0	0
452	2	96 B	H	7	26	0	0
453	2	97 B	H	4	26	0	0
454	2	98 B	H	3	28	0	0
455	2	99 B	H	3	30	0	0
456	2	100 B	H	0	33	0	0
457	2	101 B	H	0	32	0	0
458	2	102 B	H	0	34	0	0
459	2	103 B	H	0	29	0	0
460	2	104 B	H	0	29	0	0
461	2	105 B	H	0	31	0	0
462	2	106 B	H	0	30	0	0
463	2	107 B	H	0	32	0	0
464	2	108 B	H	0	28	0	0
465	2	109 B	H	0	29	0	0
466	2	110 B	H	0	30	0	0
467	2	111 B	H	0	26	0	0
468	2	112 B	H	0	26	0	0
469	2	113 B	H	0	26	0	0
470	2	114 B	H	0	20	0	0
471	2	115 B	L	0	15	0	0
472	2	116 B	L	0	13	0	0
473	2	117 B	L	0	16	0	0
474	2	118 B	E	0	22	0	0
475	2	119 B	H	0	28	0	0
476	2	120 B	H	0	25	0	0
477	2	121 B	H	0	16	0	0
478	2	122 B	H	0	22	0	0
479	2	123 B	L	0	21	0	0
480	2	124 B	L	0	11	0	0
481	2	125 B	L	0	13	0	0
482	2	126 B	L	0	14	0	0
483	2	127 B	L	0	18	0	0
484	2	128 B	L	0	11	0	0
485	2	129 B	L	0	16	0	0
486	2	130 B	E	0	27	0	0
487	2	131 B	E	0	20	0	0
488	2	132 B	E	0	28	0	0
489	2	133 B	E	0	24	0	0
490	2	134 B	E	0	28	0	0
491	2	135 B	E	0	29	0	0
492	2	136 B	L	0	24	0	0
493	2	137 B	L	0	25	0	0
494	2	138 B	L	0	23	0	0
495	2	139 B	L	0	23	0	0
496	2	140 B	L	0	18	0	0
497	2	141 B	L	0	23	0	0
498	2	142 B	L	0	11	0	0
499	2	143 B	H	0	15	0	0
500	2	144 B	H	0	10	0	0
501	2	145 B	H	0	13	0	0
502	2	146 B	H	0	22	0	0
503	2	147 B	H	0	19	0	0
504	2	148 B	H	0	13	0	0
505	2	149 B	H	0	22	0	0
506	2	150 B	H	0	27	0	0
507	2	151 B	H	0	17	0	0
508	2	152 B	H	0	15	0	0
509	2	153 B	H	0	25	0	0
510	2	154 B	H	0	19	0	0
511	2	155 B	H	0	10	0	0
512	2	156 B	L	0	13	0	0
513	2	157 B	L	0	14	0	0
514	2	158 B	L	0	25	0	0
515	2	159 B	L	0	16	0	0
516	2	160 B	E	0	24	0	0
517	2	161 B	E	0	25	0	0
518	2	162 B	E	0	26	0	0
519	2	163 B	E	0	26	0	0
520	2	164 B	E	0	25	0	0
521	2	165 B	L	0	27	0	0
522	2	166 B	L	0	24	0	0
523	2	167 B	L	0	20	0	0
524	2	168 B	L	0	12	0	0
525	2	169 B	H	0	16	0	0
526	2	170 B	H	0	7	1	0
527	2	171 B	H	0	12	0	0
528	2	172 B	H	0	24	0	0
529	2	173 B	H	0	16	0	0
530	2	174 B	H	0	11	0	0
531	2	175 B	H	0	25	0	0
532	2	176 B	H	0	22	0	0
533	2	177 B	H	0	14	0	0
534	2	178 B	H	0	19	0	0
535	2	179 B	H	0	27	0	0
536	2	180 B	H	0	19	0	0
537	2	181 B	H	0	11	0	0
538	2	182 B	H	0	19	0	0
539	2	183 B	H	0	22	0	0
540	2	184 B	L	0	12	0	0
541	2	185 B	L	0	7	0	0
542	2	186 B	L	0	7	0	0
543	2	187 B	L	0	21	0	0
544	2	188 B	E	0	17	0	0
545	2	189 B	E	0	21	0	0
546	2	190 B	E	0	26	0	0
547	2	191 B	E	0	27	0	0
548	2	192 B	E	0	26	0	0
549	2	193 B	L	0	27	0	0
550	2	194 B	L	1	22	0	0
551	2	195 B	L	1	20	0	0
552	2	196 B	L	0	25	0	0
553	2	197 B	E	0	26	1	0
554	2	198 B	L	0	14	8	0
555	2	199 B	H	0	17	10	0
556	2	200 B	H	0	11	14	0
557	2	201 B	H	0	15	5	0
558	2	202 B	H	0	27	2	0
559	2	203 B	H	0	19	6	0
560	2	204 B	H	0	13	7	0
561	2	205 B	H	0	24	2	0
562	2	206 B	H	0	23	1	0
563	2	207 B	H	0	17	1	0
564	2	208 B	H	0	16	2	0
565	2	209 B	H	0	25	0	0
566	2	210 B	H	0	18	0	0
567	2	211 B	H	0	10	0	0
568	2	212 B	H	0	16	0	0
569	2	213 B	H	0	22	0	0
570	2	214 B	L	0	16	0	0
571	2	215 B	L	0	27	0	0
572	2	216 B	L	0	16	0	0
573	2	217 B	E	0	23	0	0
574	2	218 B	E	0	29	0	0
575	2	219 B	E	0	27	0	0
576	2	220 B	L	0	27	0	0
577	2	221 B	L	0	34	0	0
578	2	222 B	E	0	23	1	0
579	2	223 B	L	2	18	2	0
580	2	224 B	L	0	21	1	0
581	2	225 B	L	7	10	3	0
582	2	226 B	L	2	20	4	0
583	2	227 B	H	2	17	1	0
584	2	228 B	H	1	10	4	0
585	2	229 B	H	0	23	3	0
586	2	230 B	H	0	26	0	0
587	2	231 B	H	0	15	0	0
588	2	232 B	H	0	19	3	0
589	2	233 B	H	0	24	0	0
590	2	234 B	H	0	17	0	0
591	2	235 B	H	0	10	1	0
592	2	236 B	H	0	14	4	0
593	2	237 B	L	0	19	1	0
594	2	238 B	L	0	17	0	0
595	2	239 B	L	0	10	0	0
596	2	240 B	L	0	13	0	0
597	2	241 B	L	0	21	0	0
598	2	242 B	E	0	20	0	0
599	2	243 B	E	0	26	0	0
600	2	244 B	E	0	26	0	0
601	2	245 B	E	0	26	0	0
602	2	246 B	L	0	25	0	0
603	2	247 B	L	1	19	0	0
604	2	248 B	L	5	18	0	0
605	2	249 B	L	0	25	0	0
606	2	250 B	L	4	21	0	0
607	2	251 B	L	1	16	0	0
608	2	252 B	H	1	15	0	0
609	2	253 B	H	4	9	0	0
610	2	254 B	H	2	16	0	0
611	2	255 B	H	0	22	0	0
612	2	256 B	H	1	17	0	0
613	2	257 B	H	3	11	0	0
614	2	258 B	H	0	22	0	0
615	2	259 B	H	0	21	0	0
616	2	260 B	H	0	15	0	0
617	2	261 B	L	0	21	0	0
618	2	262 B	L	0	25	0	0
619	2	263 B	L	0	20	0	0
620	2	264 B	E	0	21	0	0
621	2	265 B	E	0	25	0	0
622	2	266 B	E	0	26	0	0
623	2	267 B	E	0	31	0	0
624	2	268 B	L	0	26	0	0
625	2	269 B	L	0	28	0	0
626	2	270 B	L	0	27	0	0
627	2	271 B	L	1	26	0	0
628	2	272 B	L	0	28	0	0
629	2	273 B	L	0	30	0	0
630	2	274 B	H	0	30	0	0
631	2	275 B	H	0	28	0	0
632	2	276 B	H	0	24	0	0
633	2	277 B	H	0	22	0	0
634	2	278 B	H	0	26	0	0
635	2	279 B	H	0	17	0	0
636	2	280 B	H	0	15	0	0
637	2	281 B	H	0	27	0	0
638	2	282 B	H	0	18	0	0
639	2	283 B	H	0	17	0	0
640	2	284 B	H	0	19	0	0
641	2	285 B	H	0	22	0	0
642	2	286 B	H	0	13	0	0
643	2	287 B	H	0	11	0	0
644	2	288 B	L	0	15	0	0
645	2	289 B	L	0	8	0	0
646	2	290 B	L	0	18	0	0
647	2	291 B	L	0	17	0	0
648	2	292 B	E	0	25	0	0
649	2	293 B	E	0	25	0	0
650	2	294 B	E	0	28	0	0
651	2	295 B	L	0	23	0	0
652	2	296 B	L	0	23	0	0
653	2	297 B	L	0	29	0	0
654	2	298 B	H	0	26	0	0
655	2	299 B	H	0	22	0	0
656	2	300 B	H	0	29	0	0
657	2	301 B	H	0	27	0	0
658	2	302 B	H	0	28	0	0
659	2	303 B	H	0	30	0	0
660	2	304 B	H	0	28	0	0
661	2	305 B	H	0	30	0	0
662	2	306 B	H	0	23	0	0
663	2	307 B	H	0	20	0	0
664	2	308 B	L	0	26	0	0
665	2	309 B	L	0	12	0	0
666	2	310 B	L	0	20	0	0
667	2	311 B	E	0	22	0	0
668	2	312 B	E	0	22	0	0
669	2	313 B	E	0	25	0	0
670	2	314 B	E	0	29	0	0
671	2	315 B	E	0	27	0	0
672	2	316 B	E	0	26	0	0
673	2	317 B	E	0	24	0	0
674	2	318 B	H	0	21	0	0
675	2	319 B	H	0	20	0	0
676	2	320 B	H	0	23	0	0
677	2	321 B	H	0	22	0	0
678	2	322 B	H	0	14	0	0
679	2	323 B	H	0	25	0	0
680	2	324 B	H	0	22	0	0
681	2	325 B	H	0	16	0	0
682	2	326 B	H	0	17	0	0
683	2	327 B	H	0	24	0	0
684	2	328 B	E	0	21	0	0
685	2	329 B	E	0	12	0	0
686	2	330 B	L	0	15	0	0
687	2	331 B	L	0	20	0	0
688	2	332 B	L	0	25	0	0
689	2	333 B	L	0	12	0	0
690	2	334 B	L	0	22	0	0
691	2	335 B	L	0	11	0	0
692	2	336 B	L	0	14	0	0
693	2	337 B	L	0	21	0	0
694	2	338 B	E	0	19	0	0
695	2	339 B	E	0	24	0	0
696	2	340 B	L	0	17	0	0
697	2	341 B	L	0	23	0	0
698	2	342 B	L	0	16	0	0
699	2	343 B	L	0	11	0	0
700	2	344 B	L	0	6	0	0
701	2	345 B	L	0	19	0	0
702	2	346 B	L	0	20	0	0
703	2	347 B	E	0	26	0	0
704	2	348 B	L	0	31	0	0
705	2	349 B	L	0	23	0	0
706	2	350 B	L	0	23	0	0
707	2	351 B	E	0	12	0	0
708	2	352 B	E	0	17	0	0
709	2	353 B	L	0	15	0	0
710	2	354 B	H	0	9	0	0
711	2	355 B	H	0	7	0	0
712	2	356 B	H	0	13	0	0
713	2	357 B	H	0	18	0	0
714	2	358 B	H	0	12	0	0
715	2	359 B	H	0	12	0	0
716	2	360 B	H	0	18	0	0
717	2	361 B	E	0	9	0	0
718	2	362 B	L	1	14	0	0
719	3	4 C	L	0	0	13	0
720	3	5 C	E	0	0	12	0
721	3	6 C	L	0	0	26	0
722	3	7 C	L	0	0	14	0
723	3	8 C	E	0	0	13	0
724	3	9 C	E	0	0	21	0
725	3	10 C	E	0	0	14	0
726	3	11 C	E	0	0	20	0
727	3	12 C	E	0	0	16	0
728	3	13 C	E	0	0	21	0
729	3	14 C	E	0	0	23	0
730	3	15 C	E	0	0	13	0
731	3	16 C	E	0	0	20	0
732	3	17 C	E	0	0	11	0
733	3	18 C	E	0	0	16	0
734	3	19 C	E	0	0	10	0
735	3	20 C	E	0	0	13	0
736	3	21 C	E	0	0	12	0
737	3	22 C	E	0	0	21	0
738	3	23 C	E	0	0	17	0
739	3	24 C	E	0	0	23	1
740	3	25 C	L	0	0	21	0
741	3	26 C	L	0	0	13	2
742	3	27 C	E	0	0	12	5
743	3	28 C	E	0	0	13	1
744	3	29 C	E	0	0	14	2
745	3	30 C	E	0	0	12	0
746	3	31 C	E	0	0	14	0
747	3	32 C	E	0	0	20	1
748	3	33 C	E	0	0	20	3
749	3	34 C	E	0	0	29	0
750	3	35 C	E	0	0	28	0
751	3	36 C	E	0	0	21	0
752	3	37 C	E	0	0	28	0
753	3	38 C	E	0	0	18	0
754	3	39 C	E	0	0	31	0
755	3	40 C	E	0	0	18	0
756	3	41 C	E	0	0	19	0
757	3	42 C	L	0	0	13	0
758	3	43 C	L	0	0	11	0
759	3	44 C	E	0	0	19	0
760	3	45 C	E	0	0	17	0
761	3	46 C	E	0	0	26	0
762	3	47 C	E	0	0	23	0
763	3	48 C	E	0	0	28	0
764	3	49 C	E	0	0	31	0
765	3	50 C	E	0	0	33	0
766	3	51 C	E	0	0	20	2
767	3	52 C	L	0	0	20	6
768	3	53 C	L	0	0	14	13
769	3	54 C	H	0	0	13	7
770	3	55 C	H	0	0	15	15
771	3	56 C	H	0	0	28	6
772	3	57 C	H	0	0	25	2
773	3	58 C	H	0	0	15	9
774	3	59 C	H	0	0	22	7
775	3	60 C	H	0	0	28	1
776	3	61 C	H	0	0	14	3
777	3	62 C	H	0	0	13	7
778	3	63 C	H	0	0	19	4
779	3	64 C	H	0	0	27	0
780	3	65 C	H	0	0	18	0
781	3	66 C	H	0	0	16	0
782	3	67 C	H	0	0	20	0
783	3	68 C	H	0	0	24	0
784	3	69 C	L	0	0	16	0
785	3	70 C	L	0	0	13	0
786	3	71 C	L	0	0	19	0
787	3	72 C	E	3	0	12	0
788	3	73 C	L	0	0	24	0
789	3	74 C	L	6	0	13	0
790	3	75 C	L	9	0	13	0
791	3	76 C	H	3	0	26	0
792	3	77 C	H	9	0	15	0
793	3	78 C	H	7	0	12	0
794	3	79 C	H	1	0	24	0
795	3	80 C	H	3	0	24	0
796	3	81 C	H	3	0	11	0
797	3	82 C	H	0	0	13	0
798	3	83 C	H	0	0	25	0
799	3	84 C	H	1	0	18	0
800	3	85 C	H	0	0	10	2
801	3	86 C	H	0	0	15	1
802	3	87 C	H	0	0	20	4
803	3	88 C	L	0	0	8	8
804	3	89 C	L	0	0	7	9
805	3	90 C	L	0	0	13	10
806	3	91 C	L	0	0	14	13
807	3	92 C	L	0	0	18	6
808	3	93 C	L	0	0	14	9
809	3	94 C	E	0	0	17	10
810	3	95 C	H	0	0	21	17
811	3	96 C	H	0	0	25	7
812	3	97 C	H	0	0	26	4
813	3	98 C	H	0	0	27	3
814	3	99 C	H	0	0	30	3
815	3	100 C	H	0	0	32	0
816	3	101 C	H	0	0	32	0
817	3	102 C	H	0	0	33	0
818	3	103 C	H	0	0	28	0
819	3	104 C	H	0	0	29	0
820	3	105 C	H	0	0	31	0
821	3	106 C	H	0	0	30	0
822	3	107 C	H	0	0	30	0
823	3	108 C	H	1	0	29	0
824	3	109 C	H	0	0	29	0
825	3	110 C	H	0	0	29	0
826	3	111 C	H	3	0	26	0
827	3	112 C	H	0	0	25	0
828	3	113 C	H	0	0	26	0
829	3	114 C	H	0	0	20	0
830	3	115 C	H	5	0	15	0
831	3	116 C	L	1	0	13	0
832	3	117 C	L	2	0	16	0
833	3	118 C	E	1	0	22	0
834	3	119 C	H	0	0	30	0
835	3	120 C	H	2	0	26	0
836	3	121 C	H	5	0	17	0
837	3	122 C	H	4	0	22	0
838	3	123 C	L	4	0	21	0
839	3	124 C	L	16	0	12	0
840	3	125 C	L	7	0	15	0
841	3	126 C	L	8	0	15	0
842	3	127 C	L	4	0	17	0
843	3	128 C	L	3	0	11	0
844	3	129 C	L	0	0	15	0
845	3	130 C	E	0	0	26	0
846	3	131 C	E	0	0	20	0
847	3	132 C	E	0	0	27	0
848	3	133 C	E	0	0	24	0
849	3	134 C	E	0	0	28	0
850	3	135 C	E	0	0	28	0
851	3	136 C	L	0	0	24	0
852	3	137 C	L	0	0	24	0
853	3	138 C	L	0	0	23	0
854	3	139 C	L	0	0	24	0
855	3	140 C	L	0	0	18	0
856	3	141 C	L	0	0	21	0
857	3	142 C	L	0	0	11	0
858	3	143 C	H	0	0	15	0
859	3	144 C	H	0	0	10	0
860	3	145 C	H	0	0	13	0
861	3	146 C	H	0	0	22	0
862	3	147 C	H	0	0	19	0
863	3	148 C	H	0	0	13	0
864	3	149 C	H	0	0	22	0
865	3	150 C	H	0	0	28	0
866	3	151 C	H	0	0	19	0
867	3	152 C	H	0	0	15	0
868	3	153 C	H	0	0	28	0
869	3	154 C	H	0	0	21	0
870	3	155 C	H	0	0	12	0
871	3	156 C	L	0	0	13	0
872	3	157 C	L	0	0	15	0
873	3	158 C	L	0	0	24	0
874	3	159 C	L	0	0	16	0
875	3	160 C	E	0	0	24	0
876	3	161 C	E	0	0	26	0
877	3	162 C	E	0	0	26	0
878	3	163 C	E	0	0	26	0
879	3	164 C	E	0	0	26	0
880	3	165 C	L	0	0	28	0
881	3	166 C	L	0	0	24	0
882	3	167 C	L	0	0	20	0
883	3	168 C	L	0	0	12	0
884	3	169 C	H	0	0	16	0
885	3	170 C	H	0	0	7	0
886	3	171 C	H	0	0	13	0
887	3	172 C	H	0	0	24	0
888	3	173 C	H	0	0	16	0
889	3	174 C	H	0	0	11	0
890	3	175 C	H	0	0	25	0
891	3	176 C	H	0	0	23	0
892	3	177 C	H	0	0	14	0
893	3	178 C	H	0	0	17	0
894	3	179 C	H	0	0	28	0
895	3	180 C	H	0	0	19	0
896	3	181 C	H	0	0	13	0
897	3	182 C	H	0	0	22	0
898	3	183 C	H	0	0	22	0
899	3	184 C	L	0	0	13	0
900	3	185 C	L	0	0	7	0
901	3	186 C	L	0	1	7	0
902	3	187 C	L	0	0	21	0
903	3	188 C	E	0	0	17	0
904	3	189 C	E	0	0	23	0
905	3	190 C	E	0	0	25	0
906	3	191 C	E	0	0	27	0
907	3	192 C	E	0	0	27	0
908	3	193 C	L	0	0	26	0
909	3	194 C	L	0	0	21	1
910	3	195 C	L	0	0	20	1
911	3	196 C	L	0	0	25	0
912	3	197 C	L	0	0	24	0
913	3	198 C	L	0	0	14	0
914	3	199 C	H	0	0	15	0
915	3	200 C	H	0	0	12	0
916	3	201 C	H	0	0	15	0
917	3	202 C	H	0	0	26	0
918	3	203 C	H	0	0	19	0
919	3	204 C	H	0	0	12	0
920	3	205 C	H	0	0	25	0
921	3	206 C	H	0	0	23	0
922	3	207 C	H	0	0	17	0
923	3	208 C	H	0	0	16	0
924	3	209 C	H	0	0	25	0
925	3	210 C	H	0	1	18	0
926	3	211 C	H	0	0	10	0
927	3	212 C	H	0	0	16	0
928	3	213 C	H	0	0	22	0
929	3	214 C	L	0	0	16	0
930	3	215 C	L	0	0	27	0
931	3	216 C	L	0	3	17	0
932	3	217 C	E	0	1	23	0
933	3	218 C	E	0	1	29	0
934	3	219 C	E	0	0	27	0
935	3	220 C	L	0	0	27	0
936	3	221 C	L	0	0	33	0
937	3	222 C	L	0	0	23	0
938	3	223 C	L	0	0	17	1
939	3	224 C	L	0	0	23	0
940	3	225 C	L	0	0	10	7
941	3	226 C	L	0	0	19	1
942	3	227 C	H	0	0	18	2
943	3	228 C	H	0	0	9	1
944	3	229 C	H	0	0	22	0
945	3	230 C	H	0	0	26	0
946	3	231 C	H	0	0	15	0
947	3	232 C	H	0	0	19	0
948	3	233 C	H	0	0	26	0
949	3	234 C	H	0	3	19	0
950	3	235 C	H	0	3	10	0
951	3	236 C	H	0	1	14	0
952	3	237 C	L	0	3	19	0
953	3	238 C	L	0	3	18	0
954	3	239 C	L	0	12	10	0
955	3	240 C	L	0	10	14	0
956	3	241 C	L	0	3	21	0
957	3	242 C	E	0	5	20	0
958	3	243 C	E	0	2	27	0
959	3	244 C	E	0	0	27	0
960	3	245 C	E	0	0	28	0
961	3	246 C	L	0	0	24	0
962	3	247 C	L	0	0	19	2
963	3	248 C	L	0	0	20	5
964	3	249 C	L	0	0	25	0
965	3	250 C	L	0	0	20	4
966	3	251 C	L	3	0	13	4
967	3	252 C	H	10	0	16	1
968	3	253 C	H	5	0	9	6
969	3	254 C	H	1	0	18	1
970	3	255 C	H	3	0	22	0
971	3	256 C	H	8	0	15	2
972	3	257 C	H	1	0	13	2
973	3	258 C	H	0	0	23	0
974	3	259 C	H	2	0	21	0
975	3	260 C	H	0	1	15	0
976	3	261 C	L	0	0	22	0
977	3	262 C	L	0	0	24	0
978	3	263 C	L	0	6	19	0
979	3	264 C	E	0	3	22	0
980	3	265 C	E	0	0	24	0
981	3	266 C	E	0	0	27	0
982	3	267 C	E	0	0	32	0
983	3	268 C	L	0	0	27	0
984	3	269 C	L	0	0	27	0
985	3	270 C	L	0	0	28	0
986	3	271 C	L	0	0	27	1
987	3	272 C	L	0	0	29	0
988	3	273 C	L	0	0	30	0
989	3	274 C	H	0	0	30	0
990	3	275 C	H	1	0	29	0
991	3	276 C	H	4	0	22	0
992	3	277 C	H	5	0	22	0
993	3	278 C	H	0	0	26	0
994	3	279 C	H	6	0	17	0
995	3	280 C	H	12	0	16	0
996	3	281 C	H	2	0	26	0
997	3	282 C	H	8	0	17	0
998	3	283 C	H	13	0	17	0
999	3	284 C	H	7	0	23	0
1000	3	285 C	H	3	0	23	0
1001	3	286 C	H	9	2	13	0
1002	3	287 C	H	11	2	11	0
1003	3	288 C	L	3	3	15	0
1004	3	289 C	L	4	10	8	0
1005	3	290 C	L	0	5	21	0
1006	3	291 C	L	0	3	17	0
1007	3	292 C	E	0	0	24	0
1008	3	293 C	E	0	0	26	0
1009	3	294 C	E	0	0	28	0
1010	3	295 C	L	0	0	23	0
1011	3	296 C	L	0	0	23	1
1012	3	297 C	L	0	0	29	0
1013	3	298 C	H	0	0	25	0
1014	3	299 C	H	0	0	23	0
1015	3	300 C	H	0	0	31	0
1016	3	301 C	H	0	0	29	0
1017	3	302 C	H	0	0	28	0
1018	3	303 C	H	0	0	30	0
1019	3	304 C	H	0	0	28	0
1020	3	305 C	H	0	0	29	0
1021	3	306 C	H	3	0	23	0
1022	3	307 C	H	3	0	20	0
1023	3	308 C	L	0	0	29	0
1024	3	309 C	L	9	0	13	0
1025	3	310 C	L	2	0	20	0
1026	3	311 C	E	0	0	22	0
1027	3	312 C	E	0	1	21	0
1028	3	313 C	E	0	0	25	0
1029	3	314 C	E	0	0	30	0
1030	3	315 C	E	0	0	27	0
1031	3	316 C	E	0	0	26	0
1032	3	317 C	E	0	0	25	0
1033	3	318 C	H	0	0	21	0
1034	3	319 C	H	0	0	21	0
1035	3	320 C	H	0	0	23	0
1036	3	321 C	H	0	0	23	0
1037	3	322 C	H	0	0	14	0
1038	3	323 C	H	0	0	25	0
1039	3	324 C	H	0	0	21	0
1040	3	325 C	H	0	0	17	0
1041	3	326 C	H	0	0	17	0
1042	3	327 C	H	0	0	24	0
1043	3	328 C	E	0	0	21	0
1044	3	329 C	E	0	0	12	0
1045	3	330 C	L	0	0	15	0
1046	3	331 C	L	0	0	19	0
1047	3	332 C	L	0	0	23	0
1048	3	333 C	L	0	0	13	0
1049	3	334 C	L	0	0	22	0
1050	3	335 C	L	0	0	12	0
1051	3	336 C	L	0	0	13	0
1052	3	337 C	L	0	0	20	0
1053	3	338 C	E	0	0	19	0
1054	3	339 C	E	0	0	24	0
1055	3	340 C	L	0	0	15	0
1056	3	341 C	L	0	0	22	0
1057	3	342 C	L	0	0	17	0
1058	3	343 C	L	0	0	11	0
1059	3	344 C	L	0	0	6	0
1060	3	345 C	L	0	0	17	0
1061	3	346 C	L	0	0	19	0
1062	3	347 C	E	0	0	26	0
1063	3	348 C	L	0	0	29	0
1064	3	349 C	L	0	0	23	0
1065	3	350 C	L	0	0	23	0
1066	3	351 C	E	0	0	13	0
1067	3	352 C	E	0	0	18	0
1068	3	353 C	L	0	0	15	0
1069	3	354 C	H	0	0	8	0
1070	3	355 C	H	0	0	7	0
1071	3	356 C	H	0	0	15	0
1072	3	357 C	H	0	0	16	0
1073	3	358 C	H	0	0	13	0
1074	3	359 C	H	0	0	11	0
1075	3	360 C	H	0	0	18	0
1076	3	361 C	E	0	0	9	0
1077	3	362 C	L	0	0	14	1
1078	4	4 D	L	0	0	0	14
1079	4	5 D	E	0	0	0	12
1080	4	6 D	E	0	0	0	26
1081	4	7 D	E	0	0	0	15
1082	4	8 D	E	0	0	0	13
1083	4	9 D	E	0	0	0	22
1084	4	10 D	E	0	0	0	15
1085	4	11 D	E	0	0	0	20
1086	4	12 D	E	0	0	0	16
1087	4	13 D	E	0	0	0	21
1088	4	14 D	E	0	0	0	23
1089	4	15 D	E	0	0	0	13
1090	4	16 D	E	0	0	0	19
1091	4	17 D	E	0	0	0	11
1092	4	18 D	E	0	0	0	16
1093	4	19 D	E	0	0	0	10
1094	4	20 D	E	0	0	0	13
1095	4	21 D	E	0	0	0	12
1096	4	22 D	E	0	0	0	21
1097	4	23 D	E	0	0	0	16
1098	4	24 D	E	0	0	1	23
1099	4	25 D	L	0	0	0	21
1100	4	26 D	L	0	0	2	14
1101	4	27 D	E	0	0	4	12
1102	4	28 D	E	0	0	0	13
1103	4	29 D	E	0	0	2	14
1104	4	30 D	E	0	0	0	12
1105	4	31 D	E	0	0	0	14
1106	4	32 D	E	0	0	1	20
1107	4	33 D	E	0	0	3	18
1108	4	34 D	E	0	0	0	27
1109	4	35 D	E	0	0	0	28
1110	4	36 D	E	0	0	0	21
1111	4	37 D	E	0	0	0	29
1112	4	38 D	E	0	0	0	18
1113	4	39 D	E	0	0	0	32
1114	4	40 D	E	0	0	0	18
1115	4	41 D	E	0	0	0	20
1116	4	42 D	L	0	0	0	14
1117	4	43 D	L	0	0	0	11
1118	4	44 D	E	0	0	0	19
1119	4	45 D	E	0	0	0	17
1120	4	46 D	E	0	0	0	27
1121	4	47 D	E	0	0	0	22
1122	4	48 D	E	0	0	0	28
1123	4	49 D	E	0	0	0	31
1124	4	50 D	E	0	0	0	35
1125	4	51 D	E	0	0	2	21
1126	4	52 D	L	0	0	6	20
1127	4	53 D	L	0	0	13	16
1128	4	54 D	H	0	0	7	13
1129	4	55 D	H	0	0	16	15
1130	4	56 D	H	0	0	6	29
1131	4	57 D	H	0	0	2	26
1132	4	58 D	H	0	0	9	15
1133	4	59 D	H	0	0	7	24
1134	4	60 D	H	0	0	1	29
1135	4	61 D	H	0	0	3	15
1136	4	62 D	H	0	0	7	13
1137	4	63 D	H	0	0	5	19
1138	4	64 D	H	0	0	0	27
1139	4	65 D	H	0	0	0	18
1140	4	66 D	H	0	0	0	16
1141	4	67 D	H	0	0	0	20
1142	4	68 D	H	0	0	0	26
1143	4	69 D	L	0	0	0	16
1144	4	70 D	L	0	0	0	13
1145	4	71 D	L	0	0	0	20
1146	4	72 D	E	0	0	0	13
1147	4	73 D	L	0	0	0	24
1148	4	74 D	L	0	0	0	15
1149	4	75 D	L	0	0	0	11
1150	4	76 D	H	0	0	0	26
1151	4	77 D	H	0	0	0	14
1152	4	78 D	H	0	0	0	13
1153	4	79 D	H	0	0	0	24
1154	4	80 D	H	0	0	0	23
1155	4	81 D	H	0	0	0	10
1156	4	82 D	H	0	0	0	13
1157	4	83 D	H	0	0	0	25
1158	4	84 D	H	0	0	0	19
1159	4	85 D	H	0	0	2	10
1160	4	86 D	H	0	0	2	15
1161	4	87 D	L	0	0	5	20
1162	4	88 D	L	0	0	8	8
1163	4	89 D	L	0	0	10	7
1164	4	90 D	L	0	0	10	13
1165	4	91 D	L	0	0	12	14
1166	4	92 D	L	0	0	5	17
1167	4	93 D	L	0	0	10	14
1168	4	94 D	E	0	0	10	18
1169	4	95 D	H	0	0	16	22
1170	4	96 D	H	0	0	7	26
1171	4	97 D	H	0	0	4	26
1172	4	98 D	H	0	0	3	27
1173	4	99 D	H	0	0	3	30
1174	4	100 D	H	0	0	0	33
1175	4	101 D	H	0	0	0	33
1176	4	102 D	H	0	0	0	34
1177	4	103 D	H	0	0	0	28
1178	4	104 D	H	0	0	0	30
1179	4	105 D	H	0	0	0	31
1180	4	106 D	H	0	0	0	30
1181	4	107 D	H	0	0	0	32
1182	4	108 D	H	0	0	0	28
1183	4	109 D	H	0	0	0	29
1184	4	110 D	H	0	0	0	28
1185	4	111 D	H	0	0	0	25
1186	4	112 D	H	0	0	0	26
1187	4	113 D	H	0	0	0	26
1188	4	114 D	H	0	0	0	19
1189	4	115 D	L	0	0	0	16
1190	4	116 D	L	0	0	0	13
1191	4	117 D	L	0	0	0	15
1192	4	118 D	E	0	0	0	22
1193	4	119 D	H	0	0	0	28
1194	4	120 D	H	0	0	0	25
1195	4	121 D	H	0	0	0	17
1196	4	122 D	L	0	0	0	22
1197	4	123 D	L	0	0	0	21
1198	4	124 D	L	0	0	0	12
1199	4	125 D	L	0	0	0	13
1200	4	126 D	L	0	0	0	14
1201	4	127 D	L	0	0	0	17
1202	4	128 D	L	0	0	0	11
1203	4	129 D	L	0	0	0	16
1204	4	130 D	E	0	0	0	28
1205	4	131 D	E	0	0	0	20
1206	4	132 D	E	0	0	0	27
1207	4	133 D	E	0	0	0	25
1208	4	134 D	E	0	0	0	28
1209	4	135 D	E	0	0	0	29
1210	4	136 D	L	0	0	0	23
1211	4	137 D	L	0	0	0	25
1212	4	138 D	L	0	0	0	23
1213	4	139 D	L	0	0	0	23
1214	4	140 D	L	0	0	0	18
1215	4	141 D	L	0	0	0	21
1216	4	142 D	L	0	0	0	11
1217	4	143 D	H	0	0	0	15
1218	4	144 D	H	0	0	0	10
1219	4	145 D	H	0	0	0	13
1220	4	146 D	H	0	0	0	22
1221	4	147 D	H	0	0	0	19
1222	4	148 D	H	0	0	0	14
1223	4	149 D	H	0	0	0	22
1224	4	150 D	H	0	0	0	26
1225	4	151 D	H	0	0	0	18
1226	4	152 D	H	0	0	0	15
1227	4	153 D	H	0	0	0	26
1228	4	154 D	H	0	0	0	20
1229	4	155 D	H	0	0	0	9
1230	4	156 D	L	0	0	0	13
1231	4	157 D	L	0	0	0	15
1232	4	158 D	L	0	0	0	26
1233	4	159 D	L	0	0	0	16
1234	4	160 D	E	0	0	0	24
1235	4	161 D	E	0	0	0	25
1236	4	162 D	E	0	0	0	27
1237	4	163 D	E	0	0	0	25
1238	4	164 D	E	0	0	0	25
1239	4	165 D	L	0	0	0	28
1240	4	166 D	L	0	0	0	24
1241	4	167 D	L	0	0	0	20
1242	4	168 D	L	0	0	0	11
1243	4	169 D	H	0	0	0	16
1244	4	170 D	H	1	0	0	7
1245	4	171 D	H	0	0	0	12
1246	4	172 D	H	0	0	0	24
1247	4	173 D	H	0	0	0	16
1248	4	174 D	H	0	0	0	11
1249	4	175 D	H	0	0	0	25
1250	4	176 D	H	0	0	0	22
1251	4	177 D	H	0	0	0	14
1252	4	178 D	H	0	0	0	17
1253	4	179 D	H	0	0	0	27
1254	4	180 D	H	0	0	0	18
1255	4	181 D	H	0	0	0	11
1256	4	182 D	H	0	0	0	20
1257	4	183 D	H	0	0	0	22
1258	4	184 D	L	0	0	0	12
1259	4	185 D	L	0	0	0	7
1260	4	186 D	L	0	0	0	7
1261	4	187 D	L	0	0	0	21
1262	4	188 D	E	0	0	0	17
1263	4	189 D	E	0	0	0	24
1264	4	190 D	E	0	0	0	25
1265	4	191 D	E	0	0	0	27
1266	4	192 D	E	0	0	0	26
1267	4	193 D	L	0	0	0	26
1268	4	194 D	L	0	0	1	21
1269	4	195 D	L	0	0	1	21
1270	4	196 D	L	0	0	0	25
1271	4	197 D	E	1	0	0	25
1272	4	198 D	L	8	0	0	14
1273	4	199 D	H	10	0	0	17
1274	4	200 D	H	13	0	0	10
1275	4	201 D	H	5	0	0	15
1276	4	202 D	H	2	0	0	26
1277	4	203 D	H	6	0	0	19
1278	4	204 D	H	7	0	0	13
1279	4	205 D	H	2	0	0	24
1280	4	206 D	H	1	0	0	23
1281	4	207 D	H	1	0	0	17
1282	4	208 D	H	2	0	0	16
1283	4	209 D	H	0	0	0	24
1284	4	210 D	H	0	0	0	18
1285	4	211 D	H	0	0	0	10
1286	4	212 D	H	0	0	0	16
1287	4	213 D	H	0	0	0	20
1288	4	214 D	L	0	0	0	17
1289	4	215 D	L	0	0	0	27
1290	4	216 D	L	0	0	0	16
1291	4	217 D	E	0	0	0	24
1292	4	218 D	E	0	0	0	29
1293	4	219 D	E	0	0	0	26
1294	4	220 D	L	0	0	0	27
1295	4	221 D	L	0	0	0	32
1296	4	222 D	E	1	0	0	23
1297	4	223 D	L	1	0	2	18
1298	4	224 D	L	1	0	4	16
1299	4	225 D	L	3	0	7	8
1300	4	226 D	L	4	0	2	20
1301	4	227 D	H	1	0	2	17
1302	4	228 D	H	5	0	2	10
1303	4	229 D	H	3	0	0	20
1304	4	230 D	H	0	0	0	25
1305	4	231 D	H	0	0	0	15
1306	4	232 D	H	3	0	0	19
1307	4	233 D	H	0	0	0	25
1308	4	234 D	H	0	0	0	19
1309	4	235 D	H	1	0	0	10
1310	4	236 D	H	5	0	0	13
1311	4	237 D	L	1	0	0	19
1312	4	238 D	L	0	0	0	17
1313	4	239 D	L	0	0	0	10
1314	4	240 D	L	0	0	0	13
1315	4	241 D	L	0	0	0	21
1316	4	242 D	E	0	0	0	20
1317	4	243 D	E	0	0	0	26
1318	4	244 D	E	0	0	0	27
1319	4	245 D	E	0	0	0	26
1320	4	246 D	L	0	0	0	24
1321	4	247 D	L	0	0	1	20
1322	4	248 D	L	0	0	5	19
1323	4	249 D	L	0	0	0	25
1324	4	250 D	L	0	0	3	22
1325	4	251 D	L	0	0	1	16
1326	4	252 D	H	0	0	1	15
1327	4	253 D	H	0	0	5	10
1328	4	254 D	H	0	0	1	16
1329	4	255 D	H	0	0	0	23
1330	4	256 D	H	0	0	0	16
1331	4	257 D	H	0	0	3	12
1332	4	258 D	H	0	0	0	23
1333	4	259 D	H	0	0	0	21
1334	4	260 D	H	0	0	0	15
1335	4	261 D	H	0	0	0	20
1336	4	262 D	L	0	0	0	23
1337	4	263 D	L	0	0	0	20
1338	4	264 D	E	0	0	0	22
1339	4	265 D	E	0	0	0	25
1340	4	266 D	E	0	0	0	26
1341	4	267 D	E	0	0	0	30
1342	4	268 D	L	0	0	0	27
1343	4	269 D	L	0	0	0	28
1344	4	270 D	L	0	0	0	27
1345	4	271 D	L	0	0	1	28
1346	4	272 D	L	0	0	0	28
1347	4	273 D	L	0	0	0	30
1348	4	274 D	H	0	0	0	31
1349	4	275 D	H	0	0	0	28
1350	4	276 D	H	0	0	0	23
1351	4	277 D	H	0	0	0	23
1352	4	278 D	H	0	0	0	26
1353	4	279 D	H	0	0	0	17
1354	4	280 D	H	0	0	0	14
1355	4	281 D	H	0	0	0	26
1356	4	282 D	H	0	0	0	18
1357	4	283 D	H	0	0	0	17
1358	4	284 D	H	0	0	0	21
1359	4	285 D	H	0	0	0	22
1360	4	286 D	H	0	0	0	13
1361	4	287 D	H	0	0	0	11
1362	4	288 D	L	0	0	0	16
1363	4	289 D	L	0	0	0	8
1364	4	290 D	L	0	0	0	21
1365	4	291 D	L	0	0	0	17
1366	4	292 D	E	0	0	0	26
1367	4	293 D	E	0	0	0	27
1368	4	294 D	E	0	0	0	29
1369	4	295 D	L	0	0	0	24
1370	4	296 D	L	0	0	0	23
1371	4	297 D	L	0	0	0	29
1372	4	298 D	H	0	0	0	26
1373	4	299 D	H	0	0	0	23
1374	4	300 D	H	0	0	0	30
1375	4	301 D	H	0	0	0	28
1376	4	302 D	H	0	0	0	28
1377	4	303 D	H	0	0	0	30
1378	4	304 D	H	0	0	0	28
1379	4	305 D	H	0	0	0	31
1380	4	306 D	H	0	0	0	23
1381	4	307 D	H	0	0	0	21
1382	4	308 D	L	0	0	0	26
1383	4	309 D	L	0	0	0	12
1384	4	310 D	L	0	0	0	21
1385	4	311 D	E	0	0	0	22
1386	4	312 D	E	0	0	0	22
1387	4	313 D	E	0	0	0	25
1388	4	314 D	E	0	0	0	30
1389	4	315 D	E	0	0	0	27
1390	4	316 D	E	0	0	0	27
1391	4	317 D	E	0	0	0	24
1392	4	318 D	H	0	0	0	21
1393	4	319 D	H	0	0	0	20
1394	4	320 D	H	0	0	0	23
1395	4	321 D	H	0	0	0	23
1396	4	322 D	H	0	0	0	14
1397	4	323 D	H	0	0	0	25
1398	4	324 D	H	0	0	0	22
1399	4	325 D	H	0	0	0	16
1400	4	326 D	H	0	0	0	17
1401	4	327 D	H	0	0	0	24
1402	4	328 D	E	0	0	0	21
1403	4	329 D	E	0	0	0	12
1404	4	330 D	L	0	0	0	15
1405	4	331 D	L	0	0	0	21
1406	4	332 D	L	0	0	0	24
1407	4	333 D	L	0	0	0	13
1408	4	334 D	L	0	0	0	23
1409	4	335 D	L	0	0	0	11
1410	4	336 D	L	0	0	0	14
1411	4	337 D	L	0	0	0	21
1412	4	338 D	E	0	0	0	19
1413	4	339 D	E	0	0	0	23
1414	4	340 D	L	0	0	0	17
1415	4	341 D	L	0	0	0	24
1416	4	342 D	L	0	0	0	16
1417	4	343 D	L	0	0	0	10
1418	4	344 D	L	0	0	0	6
1419	4	345 D	L	0	0	0	17
1420	4	346 D	L	0	0	0	19
1421	4	347 D	E	0	0	0	26
1422	4	348 D	L	0	0	0	31
1423	4	349 D	L	0	0	0	23
1424	4	350 D	L	0	0	0	23
1425	4	351 D	E	0	0	0	14
1426	4	352 D	E	0	0	0	18
1427	4	353 D	L	0	0	0	16
1428	4	354 D	H	0	0	0	8
1429	4	355 D	H	0	0	0	7
1430	4	356 D	H	0	0	0	15
1431	4	357 D	H	0	0	0	16
1432	4	358 D	H	0	0	0	12
1433	4	359 D	H	0	0	0	11
1434	4	360 D	H	0	0	0	19
1435	4	361 D	E	0	0	0	9
1436	4	362 D	L	0	0	1	14

