Rows are residues, columns are chains, data are neighbors in that chain for each residue
residue	chain	PDBdata	DSSP	1	2	3	4
1	1	10 A	L	16	0	0	0
2	1	11 A	L	18	0	0	0
3	1	12 A	E	25	0	0	0
4	1	13 A	E	17	0	0	0
5	1	14 A	E	26	0	0	0
6	1	15 A	E	20	0	0	1
7	1	16 A	E	29	0	0	0
8	1	17 A	E	18	0	2	5
9	1	18 A	E	19	0	4	2
10	1	19 A	L	15	0	10	5
11	1	20 A	L	14	0	11	0
12	1	21 A	L	11	0	5	2
13	1	22 A	L	9	0	7	7
14	1	23 A	E	12	0	1	4
15	1	24 A	E	16	0	0	3
16	1	25 A	L	27	0	0	0
17	1	26 A	L	15	0	0	0
18	1	27 A	L	11	0	0	0
19	1	28 A	L	23	0	0	0
20	1	29 A	E	17	0	0	0
21	1	30 A	E	23	0	0	0
22	1	31 A	E	18	0	0	0
23	1	32 A	E	22	0	0	0
24	1	33 A	E	19	0	0	0
25	1	34 A	E	19	0	0	0
26	1	35 A	E	16	0	0	0
27	1	36 A	L	13	0	0	0
28	1	37 A	L	6	0	0	0
29	1	38 A	L	6	1	0	0
30	1	39 A	L	6	2	0	0
31	1	40 A	L	10	3	0	0
32	1	41 A	E	16	2	0	0
33	1	42 A	E	13	0	0	0
34	1	43 A	E	11	0	0	0
35	1	44 A	E	21	0	0	0
36	1	45 A	E	20	0	0	0
37	1	46 A	E	14	0	0	0
38	1	47 A	E	17	0	0	0
39	1	48 A	E	14	0	0	0
40	1	49 A	L	23	0	0	0
41	1	50 A	L	15	0	0	0
42	1	51 A	L	9	0	0	1
43	1	52 A	L	13	0	0	2
44	1	53 A	L	20	0	0	1
45	1	54 A	E	18	0	0	0
46	1	55 A	E	25	0	0	0
47	1	56 A	L	13	0	0	0
48	1	57 A	L	13	0	0	0
49	1	58 A	L	20	0	0	0
50	1	59 A	L	18	0	0	0
51	1	60 A	L	11	0	0	0
52	1	61 A	L	13	0	0	0
53	1	62 A	L	7	0	0	0
54	1	63 A	L	12	0	0	0
55	1	64 A	L	23	0	0	0
56	1	65 A	L	12	0	0	0
57	1	66 A	L	11	0	0	0
58	1	67 A	E	14	0	0	0
59	1	68 A	E	14	3	0	0
60	1	69 A	E	23	1	0	0
61	1	70 A	E	17	3	0	0
62	1	71 A	E	26	0	0	0
63	1	72 A	E	19	1	0	0
64	1	73 A	E	24	0	0	0
65	1	74 A	E	19	0	0	0
66	1	75 A	L	24	0	0	0
67	1	76 A	L	12	1	0	0
68	1	77 A	L	12	0	0	0
69	1	78 A	L	23	0	0	0
70	1	79 A	L	18	0	1	0
71	1	80 A	L	10	0	0	0
72	1	81 A	L	8	0	0	0
73	1	82 A	L	13	0	4	0
74	1	83 A	L	7	0	2	0
75	1	84 A	L	13	0	4	0
76	1	85 A	L	14	3	0	0
77	1	86 A	L	20	3	2	0
78	1	87 A	L	14	13	2	0
79	1	88 A	L	13	9	0	0
80	1	89 A	L	14	4	0	0
81	1	90 A	E	17	4	0	0
82	1	91 A	E	26	3	0	0
83	1	92 A	E	16	5	0	0
84	1	93 A	E	19	7	0	0
85	1	94 A	E	13	9	0	0
86	1	95 A	E	15	6	0	0
87	1	96 A	E	12	7	0	0
88	1	97 A	E	20	2	0	0
89	1	98 A	L	17	0	0	0
90	1	99 A	L	9	1	0	0
91	1	100 A	L	8	1	0	0
92	1	101 A	L	8	0	0	0
93	1	102 A	L	13	0	0	0
94	1	103 A	L	17	0	0	0
95	1	104 A	E	17	0	0	0
96	1	105 A	E	22	1	0	1
97	1	106 A	E	15	0	0	3
98	1	107 A	E	22	1	0	0
99	1	108 A	E	17	1	0	6
100	1	109 A	E	25	0	0	0
101	1	110 A	E	18	1	6	6
102	1	111 A	E	21	0	3	0
103	1	112 A	E	18	1	12	0
104	1	113 A	L	18	1	6	0
105	1	114 A	L	10	6	9	0
106	1	115 A	E	11	7	11	0
107	1	116 A	E	20	6	4	0
108	1	117 A	E	13	7	4	4
109	1	118 A	E	16	10	0	0
110	1	119 A	E	11	6	0	7
111	1	120 A	E	14	6	0	4
112	1	121 A	E	12	3	0	10
113	1	122 A	E	12	2	0	3
114	1	123 A	E	8	0	0	5
115	1	124 A	L	8	0	0	1
116	1	125 A	L	7	0	0	0
117	2	10 B	L	0	15	0	0
118	2	11 B	L	0	18	0	0
119	2	12 B	E	0	24	0	0
120	2	13 B	E	0	17	0	0
121	2	14 B	E	0	26	0	0
122	2	15 B	E	0	21	1	0
123	2	16 B	E	0	27	0	0
124	2	17 B	E	0	20	5	2
125	2	18 B	E	0	18	2	4
126	2	19 B	L	0	15	4	11
127	2	20 B	L	0	14	0	10
128	2	21 B	L	0	11	2	5
129	2	22 B	L	0	9	7	7
130	2	23 B	E	0	11	5	1
131	2	24 B	E	0	17	3	0
132	2	25 B	L	0	25	0	0
133	2	26 B	L	0	14	0	0
134	2	27 B	L	0	12	0	0
135	2	28 B	L	0	22	0	0
136	2	29 B	E	0	16	0	0
137	2	30 B	E	0	24	0	0
138	2	31 B	E	0	17	0	0
139	2	32 B	E	0	23	0	0
140	2	33 B	E	0	19	0	0
141	2	34 B	E	0	18	0	0
142	2	35 B	E	0	16	0	0
143	2	36 B	L	0	12	0	0
144	2	37 B	L	0	6	0	0
145	2	38 B	L	1	6	0	0
146	2	39 B	L	2	7	0	0
147	2	40 B	L	4	8	0	0
148	2	41 B	E	1	16	0	0
149	2	42 B	E	0	12	0	0
150	2	43 B	E	0	10	0	0
151	2	44 B	E	0	19	0	0
152	2	45 B	E	0	21	0	0
153	2	46 B	E	0	13	0	0
154	2	47 B	E	0	16	0	0
155	2	48 B	E	0	12	0	0
156	2	49 B	L	0	22	0	0
157	2	50 B	L	0	14	0	0
158	2	51 B	L	0	9	1	0
159	2	52 B	L	0	13	2	0
160	2	53 B	L	0	20	1	0
161	2	54 B	E	0	18	0	0
162	2	55 B	E	0	25	0	0
163	2	56 B	L	0	13	0	0
164	2	57 B	L	0	13	0	0
165	2	58 B	L	0	21	0	0
166	2	59 B	L	0	19	0	0
167	2	60 B	L	0	11	0	0
168	2	61 B	L	0	10	0	0
169	2	62 B	L	0	7	0	0
170	2	63 B	L	0	12	0	0
171	2	64 B	L	0	23	0	0
172	2	65 B	L	0	12	0	0
173	2	66 B	L	0	13	0	0
174	2	67 B	E	0	12	0	0
175	2	68 B	E	3	15	0	0
176	2	69 B	E	1	22	0	0
177	2	70 B	E	2	17	0	0
178	2	71 B	E	0	26	0	0
179	2	72 B	E	1	19	0	0
180	2	73 B	E	0	24	0	0
181	2	74 B	E	0	14	0	0
182	2	75 B	L	0	23	0	0
183	2	76 B	L	1	12	0	0
184	2	77 B	L	0	11	0	0
185	2	78 B	L	0	22	0	0
186	2	79 B	L	0	17	0	2
187	2	80 B	L	0	10	0	0
188	2	81 B	L	0	8	0	0
189	2	82 B	L	0	12	0	5
190	2	83 B	L	0	7	0	2
191	2	84 B	L	0	13	0	4
192	2	85 B	L	3	13	0	0
193	2	86 B	L	3	20	0	2
194	2	87 B	L	12	13	0	2
195	2	88 B	L	10	11	0	0
196	2	89 B	L	3	13	0	0
197	2	90 B	E	4	17	0	0
198	2	91 B	E	3	25	0	0
199	2	92 B	E	6	15	0	0
200	2	93 B	E	7	19	0	0
201	2	94 B	E	9	12	0	0
202	2	95 B	E	6	18	0	0
203	2	96 B	E	7	11	0	0
204	2	97 B	E	2	21	0	0
205	2	98 B	L	0	18	0	0
206	2	99 B	L	4	10	0	0
207	2	100 B	L	1	9	0	0
208	2	101 B	L	0	9	0	0
209	2	102 B	L	0	12	0	0
210	2	103 B	L	0	17	0	0
211	2	104 B	E	0	15	0	0
212	2	105 B	E	1	21	1	0
213	2	106 B	E	0	15	3	0
214	2	107 B	E	1	23	0	0
215	2	108 B	E	1	16	4	0
216	2	109 B	E	0	25	0	0
217	2	110 B	E	2	17	5	5
218	2	111 B	E	0	21	0	3
219	2	112 B	E	2	18	0	12
220	2	113 B	L	1	18	0	6
221	2	114 B	L	6	9	0	9
222	2	115 B	E	7	11	0	11
223	2	116 B	E	5	19	1	4
224	2	117 B	E	6	11	6	6
225	2	118 B	E	7	16	2	0
226	2	119 B	E	6	12	7	0
227	2	120 B	E	7	14	4	0
228	2	121 B	E	3	12	10	0
229	2	122 B	E	2	13	3	0
230	2	123 B	E	0	7	5	0
231	2	124 B	L	0	8	1	0
232	3	10 C	L	0	0	16	0
233	3	11 C	L	0	0	18	0
234	3	12 C	E	0	0	25	0
235	3	13 C	E	0	0	17	0
236	3	14 C	E	0	0	26	0
237	3	15 C	E	0	1	20	0
238	3	16 C	E	0	0	29	0
239	3	17 C	E	2	5	18	0
240	3	18 C	E	4	2	18	0
241	3	19 C	L	11	5	15	0
242	3	20 C	L	11	0	13	0
243	3	21 C	L	4	2	10	0
244	3	22 C	L	7	7	9	0
245	3	23 C	E	1	5	11	0
246	3	24 C	E	0	3	16	0
247	3	25 C	L	0	0	26	0
248	3	26 C	L	0	0	15	0
249	3	27 C	L	0	0	10	0
250	3	28 C	L	0	0	23	0
251	3	29 C	E	0	0	17	0
252	3	30 C	E	0	0	23	0
253	3	31 C	E	0	0	17	0
254	3	32 C	E	0	0	23	0
255	3	33 C	E	0	0	19	0
256	3	34 C	E	0	0	19	0
257	3	35 C	E	0	0	16	0
258	3	36 C	L	0	0	13	0
259	3	37 C	L	0	0	6	0
260	3	38 C	L	0	0	6	1
261	3	39 C	L	0	0	7	2
262	3	40 C	L	0	0	10	3
263	3	41 C	E	0	0	16	2
264	3	42 C	E	0	0	12	0
265	3	43 C	E	0	0	11	0
266	3	44 C	E	0	0	20	0
267	3	45 C	E	0	0	20	0
268	3	46 C	E	0	0	14	0
269	3	47 C	E	0	0	15	0
270	3	48 C	E	0	0	13	0
271	3	49 C	L	0	0	23	0
272	3	50 C	L	0	0	15	0
273	3	51 C	L	0	1	8	0
274	3	52 C	L	0	2	13	0
275	3	53 C	L	0	1	20	0
276	3	54 C	E	0	0	18	0
277	3	55 C	E	0	0	25	0
278	3	56 C	L	0	0	13	0
279	3	57 C	L	0	0	13	0
280	3	58 C	L	0	0	20	0
281	3	59 C	L	0	0	18	0
282	3	60 C	L	0	0	11	0
283	3	61 C	L	0	0	13	0
284	3	62 C	L	0	0	7	0
285	3	63 C	L	0	0	12	0
286	3	64 C	L	0	0	23	0
287	3	65 C	L	0	0	11	0
288	3	66 C	L	0	0	13	0
289	3	67 C	E	0	0	14	0
290	3	68 C	E	0	0	15	3
291	3	69 C	E	0	0	23	1
292	3	70 C	E	0	0	17	3
293	3	71 C	E	0	0	26	0
294	3	72 C	E	0	0	19	1
295	3	73 C	E	0	0	23	0
296	3	74 C	E	0	0	18	0
297	3	75 C	L	0	0	24	0
298	3	76 C	L	0	0	12	1
299	3	77 C	L	0	0	12	0
300	3	78 C	L	0	0	23	0
301	3	79 C	L	1	0	18	0
302	3	80 C	L	0	0	10	0
303	3	81 C	L	0	0	8	0
304	3	82 C	L	5	0	12	0
305	3	83 C	L	2	0	7	0
306	3	84 C	L	4	0	13	0
307	3	85 C	L	0	0	14	3
308	3	86 C	L	2	0	20	3
309	3	87 C	L	2	0	14	13
310	3	88 C	L	0	0	13	9
311	3	89 C	L	0	0	12	4
312	3	90 C	E	0	0	17	4
313	3	91 C	E	0	0	26	3
314	3	92 C	E	0	0	15	5
315	3	93 C	E	0	0	20	5
316	3	94 C	E	0	0	13	9
317	3	95 C	E	0	0	15	4
318	3	96 C	E	0	0	12	7
319	3	97 C	E	0	0	20	2
320	3	98 C	L	0	0	17	0
321	3	99 C	L	0	0	9	1
322	3	100 C	L	0	0	9	1
323	3	101 C	L	0	0	9	0
324	3	102 C	L	0	0	13	0
325	3	103 C	L	0	0	17	0
326	3	104 C	E	0	0	17	0
327	3	105 C	E	0	1	22	1
328	3	106 C	E	0	3	15	0
329	3	107 C	E	0	0	22	1
330	3	108 C	E	0	5	17	1
331	3	109 C	E	0	0	25	0
332	3	110 C	E	6	6	17	2
333	3	111 C	E	3	0	21	0
334	3	112 C	E	12	0	17	1
335	3	113 C	L	6	0	18	1
336	3	114 C	L	9	0	10	6
337	3	115 C	E	11	1	11	8
338	3	116 C	E	4	1	20	5
339	3	117 C	E	3	5	13	7
340	3	118 C	E	0	0	17	9
341	3	119 C	E	0	6	12	6
342	3	120 C	E	0	4	14	7
343	3	121 C	E	0	10	11	3
344	3	122 C	E	0	3	14	2
345	3	123 C	E	0	5	8	0
346	3	124 C	L	0	1	8	0
347	3	125 C	L	0	0	8	0
348	4	10 D	L	0	0	0	15
349	4	11 D	L	0	0	0	18
350	4	12 D	E	0	0	0	23
351	4	13 D	E	0	0	0	17
352	4	14 D	E	0	0	0	27
353	4	15 D	E	1	0	0	21
354	4	16 D	E	0	0	0	27
355	4	17 D	E	5	2	0	20
356	4	18 D	E	2	4	0	18
357	4	19 D	L	4	11	0	15
358	4	20 D	L	0	10	0	15
359	4	21 D	L	2	5	0	10
360	4	22 D	L	8	7	0	9
361	4	23 D	E	5	1	0	10
362	4	24 D	E	3	0	0	17
363	4	25 D	L	0	0	0	25
364	4	26 D	L	0	0	0	14
365	4	27 D	L	0	0	0	11
366	4	28 D	L	0	0	0	22
367	4	29 D	E	0	0	0	16
368	4	30 D	E	0	0	0	24
369	4	31 D	E	0	0	0	18
370	4	32 D	E	0	0	0	21
371	4	33 D	E	0	0	0	19
372	4	34 D	E	0	0	0	19
373	4	35 D	E	0	0	0	16
374	4	36 D	L	0	0	0	12
375	4	37 D	L	0	0	0	6
376	4	38 D	L	0	0	1	6
377	4	39 D	L	0	0	2	7
378	4	40 D	L	0	0	4	9
379	4	41 D	E	0	0	1	16
380	4	42 D	E	0	0	0	11
381	4	43 D	E	0	0	0	10
382	4	44 D	E	0	0	0	19
383	4	45 D	E	0	0	0	20
384	4	46 D	E	0	0	0	13
385	4	47 D	E	0	0	0	16
386	4	48 D	E	0	0	0	12
387	4	49 D	L	0	0	0	22
388	4	50 D	L	0	0	0	15
389	4	51 D	L	1	0	0	8
390	4	52 D	L	2	0	0	13
391	4	53 D	L	1	0	0	20
392	4	54 D	E	0	0	0	18
393	4	55 D	E	0	0	0	25
394	4	56 D	L	0	0	0	13
395	4	57 D	L	0	0	0	13
396	4	58 D	L	0	0	0	21
397	4	59 D	L	0	0	0	19
398	4	60 D	L	0	0	0	11
399	4	61 D	L	0	0	0	9
400	4	62 D	L	0	0	0	7
401	4	63 D	L	0	0	0	12
402	4	64 D	L	0	0	0	23
403	4	65 D	L	0	0	0	12
404	4	66 D	L	0	0	0	13
405	4	67 D	E	0	0	0	12
406	4	68 D	E	0	0	3	15
407	4	69 D	E	0	0	1	22
408	4	70 D	E	0	0	2	17
409	4	71 D	E	0	0	0	26
410	4	72 D	E	0	0	1	19
411	4	73 D	E	0	0	0	23
412	4	74 D	E	0	0	0	14
413	4	75 D	L	0	0	0	23
414	4	76 D	L	0	0	1	12
415	4	77 D	L	0	0	0	10
416	4	78 D	L	0	0	0	21
417	4	79 D	L	0	1	0	17
418	4	80 D	H	0	0	0	10
419	4	81 D	H	0	0	0	8
420	4	82 D	H	0	6	0	12
421	4	83 D	L	0	2	0	7
422	4	84 D	L	0	4	0	13
423	4	85 D	L	0	0	3	13
424	4	86 D	L	0	2	3	20
425	4	87 D	L	0	2	12	13
426	4	88 D	L	0	0	9	12
427	4	89 D	L	0	0	3	12
428	4	90 D	E	0	0	3	16
429	4	91 D	E	0	0	3	26
430	4	92 D	E	0	0	5	15
431	4	93 D	E	0	0	7	18
432	4	94 D	E	0	0	9	13
433	4	95 D	E	0	0	6	16
434	4	96 D	E	0	0	7	11
435	4	97 D	E	0	0	2	21
436	4	98 D	L	0	0	0	16
437	4	99 D	L	0	0	4	10
438	4	100 D	L	0	0	1	8
439	4	101 D	L	0	0	0	8
440	4	102 D	L	0	0	0	12
441	4	103 D	L	0	0	0	15
442	4	104 D	E	0	0	0	14
443	4	105 D	E	1	0	1	21
444	4	106 D	E	3	0	0	15
445	4	107 D	E	0	0	1	23
446	4	108 D	E	5	0	1	16
447	4	109 D	E	0	0	0	25
448	4	110 D	E	5	6	2	18
449	4	111 D	E	0	3	0	21
450	4	112 D	E	0	13	2	18
451	4	113 D	L	0	6	1	18
452	4	114 D	L	0	9	6	10
453	4	115 D	E	0	11	7	11
454	4	116 D	E	0	4	6	20
455	4	117 D	E	4	4	6	13
456	4	118 D	E	2	0	7	17
457	4	119 D	E	7	0	6	11
458	4	120 D	E	4	0	6	14
459	4	121 D	E	10	0	3	11
460	4	122 D	E	3	0	2	13
461	4	123 D	E	5	0	0	7
462	4	124 D	L	0	0	0	6

