REMARK  Predicted order parameter (S2) from backbone chemical shifts for ../1d3z.talos
REMARK    from David Wishart's RCI method, JACS, 127(43), 14970-14971

VARS RESID RESNAME CS_CNT CS_CNT_R2 S2 
FORMAT %4d %1s %2d %2d %8.3f 

    1 M 10  4    0.881
    2 Q 16  6    0.889
    3 I 18  6    0.900
    4 F 18  6    0.908
    5 V 18  6    0.904
    6 K 18  6    0.892
    7 T 18  6    0.864
    8 L 18  6    0.809
    9 T 17  6    0.721
   10 G 17  5    0.687
   11 K 17  6    0.706
   12 T 18  6    0.784
   13 I 18  6    0.844
   14 T 18  6    0.863
   15 L 18  6    0.876
   16 E 18  6    0.881
   17 V 18  6    0.895
   18 E 17  6    0.891
   19 P 17  5    0.879
   20 S 17  6    0.869
   21 D 18  6    0.869
   22 T 18  6    0.888
   23 I 18  6    0.900
   24 E 18  6    0.912
   25 N 18  6    0.913
   26 V 18  6    0.917
   27 K 18  6    0.912
   28 A 18  6    0.907
   29 K 18  6    0.906
   30 I 18  6    0.913
   31 Q 18  6    0.912
   32 D 18  6    0.899
   33 K 18  6    0.849
   34 E 17  6    0.791
   35 G 17  5    0.720
   36 I 16  6    0.722
   37 P 16  5    0.769
   38 P 16  5    0.845
   39 D 17  6    0.853
   40 Q 18  6    0.798
   41 Q 18  6    0.795
   42 R 18  6    0.819
   43 L 18  6    0.879
   44 I 18  6    0.882
   45 F 18  6    0.858
   46 A 17  6    0.837
   47 G 17  5    0.804
   48 K 17  6    0.785
   49 Q 18  6    0.715
   50 L 18  6    0.726
   51 E 18  6    0.727
   52 D 17  6    0.799
   53 G 17  5    0.815
   54 R 17  6    0.864
   55 T 18  6    0.894
   56 L 18  6    0.917
   57 S 18  6    0.908
   58 D 18  6    0.889
   59 Y 18  6    0.858
   60 N 18  6    0.840
   61 I 18  6    0.825
   62 Q 18  6    0.836
   63 K 18  6    0.853
   64 E 18  6    0.880
   65 S 18  6    0.885
   66 T 18  6    0.878
   67 L 18  6    0.872
   68 H 18  6    0.871
   69 L 18  6    0.881
   70 V 18  6    0.872
   71 L 18  6    0.812
   72 R 18  6    0.594
   73 L 18  6    0.419
   74 R 17  6    0.232
   75 G 16  5    0.139
   76 G 10  5    0.082
