	98	99	100	101	102
W	0.00897671127368281	7.8931074153564e-07	0.000141834575813899	0.0200985832563065	0
F	9.80139981467995e-05	5.14360058512875e-07	7.65360952475475e-05	0.00471648531222617	0
Y	3.01404695498684e-05	6.01883039370379e-07	6.98153297112366e-05	0.00105637901296572	0
M	0.0074733326944223	0.000816404109533739	0.00314197650846215	0.128462545553119	1.73492674357856e-12
L	0.000241092858610000	3.92330038235608e-06	1.68524425512289e-06	0.000252136980869658	1.55665352784935e-20
I	0.0125825292031138	4.43144098179219e-05	0.00158731717752314	0.00619841038745132	7.27549258052675e-11
V	0.0245948086302375	0.000143056789480751	0.00332116147069541	0.00323036298170621	0.998976180623982
A	0.00820640951656994	0.00551420697344498	0.00149434167227398	0.00171314030366011	0.000338800312974166
G	0.00101439921821942	0.000225816754489727	1.12374824817338e-06	0.000103690620046483	6.5683871747705e-06
S	0.0756181269985998	0.00736667112446461	0.00719772465130142	0.00104236255027394	2.24313680138204e-05
T	0.0109648975932362	0.00329848854736259	0.766811858585599	0.00592948155233654	0.000652227022591524
R	0.00365528525180405	0.000513172849703235	0.0507792322334188	0.0888009012308813	1.22855450389355e-112
K	0.00205554256497035	0.00112738744222261	0.0989332644225748	0.681495555652373	1.06610059592720e-64
H	0.412237721538542	1.04667589244577e-06	0.00480727803416023	0.0203490490383869	1.40468559972316e-89
N	0.00580412151831315	4.67966063994969e-05	0.000880338286429558	0.000153370756548765	9.40906465383486e-08
Q	0.0255940228980035	0.00131684545605298	0.0251306592927237	0.0231385828045008	6.06056033964629e-11
D	0.0555211094433272	0.00294699511492748	0.00387167625266173	0.00044919655696476	2.60619859570872e-06
E	0.345328098277936	0.976632968291977	0.0317521764189004	0.0128018674294675	1.09186092613657e-06
P	3.63605271521411e-06	8.34957416316697e-15	4.91908755721863e-155	7.8980199145708e-06	1.72218266956878e-159
C	0	0	0	0	0
