	109	110	111	112	113
W	0.305303987300177	0.0887545270387775	0.00387944231830337	0.994303330371287	0
F	0.11367493749394	0.349439519919991	0.00679019673470605	0.00106126417099120	1.59576427204132e-233
Y	0.298173569669481	0.234540906439428	0.00266338637265459	0.000300070169594687	1.41604350349984e-228
M	0.0214893209283878	0.0416165086435922	0.0106395675471896	0.000425502168686785	6.99048723180723e-07
L	0.0150598449604715	0.00547876083423763	5.36177014559265e-05	3.46577871513067e-05	4.08581806121742e-08
I	0.0145571155415416	2.55390804073200e-28	0.00614820765868941	0.000109262098093122	0.00926251343043757
V	0.0172087736825723	1.39746710882897e-11	0.0133916018015442	0.000104211968424968	0.983820449359672
A	0.0052194304385552	0.0161655633257497	0.00193617953343221	0.000166281171550640	0.000538963462114621
G	0.000508710198592154	0.000427248240531052	1.18165397457637e-06	1.70059143159908e-05	4.78336067375434e-05
S	0.00598647859544093	0.0343906112071725	0.0112817157767929	0.000253100478196063	0.000130409108863224
T	0.0324822967910531	0.000545750496043718	0.72340306096029	0.000616906595309003	0.006096921218923
R	0.0483085856378894	0.0499843054854969	0.0479405903838038	0.00098179630995693	4.77344734590632e-28
K	0.0475131526830091	0.00968221603448964	0.0649535932220048	0.000186371548491452	1.27811318682885e-23
H	0.00354309571661051	0.109494356175947	0.020760045144215	0.000299758761313808	3.87748061623955e-25
N	0.0109053428986138	0.0334657875971482	0.00375677476068261	0.000109720748690734	7.16350373579577e-07
Q	0.0334677127360750	0.0079648459974507	0.0616633850123015	0.000337907302155255	7.05962690163688e-08
D	0.0104174927624637	0.008023202159083	0.0049292104692695	0.0002052815395923	3.67584239502296e-05
E	0.0161801519651261	0.0100258903908865	0.0158082429486898	0.000429125895569262	6.46245357559109e-05
P	6.47612176272486e-27	4.39812819438088e-119	1.56705008322154e-136	5.8445000629394e-05	1.47673291475205e-117
C	0	0	0	0	0
