	5	7	16	18	30	33
W	2.80244249522453e-09	0.000934684977710292	0.0080253892317604	0.00327689839580593	9.22999197255653e-12	0.121088798073168
F	1.46286482181598e-07	0.00694299787449277	0.0108449133466815	0.0108725055665780	0.999044344838838	0.249108741263364
Y	2.97926226573027e-15	0.00239293530093903	0.0332601298940509	0.0159549614759642	0.000136734108797087	0.0593203000787273
M	0.000553151214980496	0.069210365307647	0.0413648495835287	0.0041246938074389	0.00039401125149211	0.020738809662506
L	0.998409575584455	0.768162239484768	0.0204208267266692	1.77509102707997e-05	2.41421913583278e-05	0.084256275459983
I	4.21929341007832e-05	0.00109244845913741	0.0127889958183525	0.0101511901638731	6.90569705793111e-07	0.00595016199094194
V	0.000102872374664840	0.000459015990397478	0.0130153401898642	0.0482583686708815	1.21187276025813e-06	0.00180455245806431
A	0.000137568944827169	0.00351022629676347	0.0528088853657622	0.104594302500919	0.000143568261919638	0.0606193982441398
G	2.73361418223347e-06	5.23335283108545e-05	0.0102584764914822	0.00535789484798614	7.738326669401e-06	0.00585790251255661
S	0.000117251771152617	0.00157606238867052	0.105176398208162	0.0469587149141947	4.65840800074479e-05	0.0113460187499789
T	3.40714518865078e-05	0.000131470282781331	0.43694580607821	0.654700080373567	1.59686517316605e-05	0.0162784309163631
R	5.07864470367414e-06	0.0449115269832826	0.0928682063512414	0.0222812905257321	1.23259195148071e-09	0.0633058370861143
K	1.91538067692912e-05	0.0780994918306455	0.0260644185423738	0.0125342065540774	5.57703132033204e-07	0.0445797601390404
H	3.48012620490988e-07	0.000372314163649834	0.00142737751967955	0.00121552748012805	0.000110241941040729	0.00162145831376460
N	4.68761044150078e-05	0.00339664453509230	0.0181439200481955	0.00464219014615151	1.86942060818984e-05	0.0281539200362309
Q	8.6802487567533e-05	0.00464005511582097	0.0447584712163161	0.0291909970217359	3.09489997618076e-06	0.0616121136848988
D	0.000114901977476109	0.00203730445211394	0.0386779232373233	0.00499659027708996	4.1066800967476e-05	0.0428148270094078
E	0.000321259693220345	0.0119505652173747	0.0324225533507542	0.020296349538592	9.41876538046093e-06	0.121450277277508
P	6.00712024969137e-157	1.04085619116262e-122	2.35186491587688e-114	1.98129632682756e-125	3.96430319658773e-196	6.38556351591208e-241
C	6.01229405057669e-06	0.000127317810401761	0.000727118799591756	0.00057548682901298	1.93028831974490e-06	9.24170432425788e-05
