	21	29	45	60	67	167
W	6.29063341104496e-06	0.00362968346098904	6.3352908429906e-19	7.57281210607857e-142	0	2.79725761412965e-07
F	0.0424691080114467	0.0097310892639882	0.0174387581666344	0.00141523650780420	3.18284088629791e-223	1.03651210270436e-07
Y	0.00506083013544314	0.00665228296200677	0.00243807936389089	0.000681459156969354	0	8.61382573996143e-09
M	0.00113540645913517	0.0149731370059046	0.00325072550351449	2.94130293963030e-08	2.39660586450652e-12	0.005196462989558
L	0.0680792061721832	0.0114437056999295	0.975033654848791	2.50308758964658e-16	3.70840714669892e-10	0.000199994382799858
I	7.37476199838242e-10	0.000982678454475035	1.34952081807540e-07	1.35556413918251e-05	3.25440195520425e-17	3.54712631816658e-06
V	1.37262142965040e-06	0.00145906590787917	3.34815443544512e-07	0.0491891456006626	1.19952283340191e-07	1.98020215932189e-08
A	0.0877557666279036	0.0171769731089026	0.000142549595510778	0.0143036489704685	0.929222592826599	0.918400752086598
G	0.00178068265561577	0.00242194000941449	2.90247166537198e-06	0.00201970258762224	0.00150534076973781	0.00157721453038258
S	0.220312839007793	0.00462488372194975	5.43292230783157e-05	0.0107491577556333	0.00721498997975986	0.0107933113940225
T	0.0177596748429180	0.00932143145869767	1.56469914401707e-05	0.911419346559663	0.0618003420074903	0.00588511000451136
R	6.7097374803997e-07	0.121566436204647	0.000146162782736559	6.27290390237788e-22	7.81839111226845e-28	0.0257346023990432
K	0.000256001137168665	0.719187253775898	0.000499843331716786	1.30839780596054e-09	5.73899419042061e-24	0.00105792746271893
H	0.507169194925	0.000351886563807883	0.000111988111750552	0.000212584786037521	2.63644974916897e-21	1.48415590111042e-05
N	0.0063196438764906	0.00337415739874795	0.000167287972734990	0.00188799342114744	2.09257480409480e-05	0.000574286316089693
Q	0.000910490291895116	0.0280561890267215	6.91826580326375e-05	6.76636970498882e-06	7.07618982231225e-10	0.0216022306977927
D	0.0129082507904930	0.00851433806932109	0.000305580905529195	0.00759091842161058	0.000234768064657517	0.00126974839031935
E	0.0280745701004495	0.0365328679067198	0.000322838305448123	0.000510453499856797	9.1957057488337e-07	0.00768955886801513
P	7.15682391018012e-182	1.29459619046680e-169	4.21702496755351e-171	4.39689738495311e-51	5.41074290063249e-179	2.9621798438038e-273
C	0	0	0	0	0	0
