	18	42	62	65	153	164
W	0.000486631437022652	0.0181806313258288	0.826548335064306	0.00848968562466959	0.000220108432352195	4.02564062727453e-106
F	3.90416628807556e-05	0.935371785284404	0.0661554558286668	0.0218346906100218	0.0926334373019337	2.18455712608723e-70
Y	3.30680058027066e-05	0.0360024841738139	0.0720412207445558	0.0188643023048441	0.849983615804735	1.23390444328747e-82
M	0.00306769648391318	7.80758290081743e-05	0.000859222230510626	0.0200566356435024	0.00146119482171669	8.64400487838145e-14
L	8.12451014991919e-05	7.83988630572856e-07	0.00461203371744501	0.0181707704326320	0.000715156641750426	1.43365057988691e-08
I	0.000207173439407495	7.37052709209132e-06	0.00113455855119849	0.00978699769894712	3.60587718486517e-19	3.09927291118129e-62
V	9.2362675227833e-05	8.04509745256817e-08	0.000627113176515882	0.0130892095252498	2.62189694790511e-10	5.27168137942659e-19
A	0.113856467140424	5.57385188151797e-06	0.000166631771478262	0.0291375003399139	0.0198330316106494	0.00393864912584979
G	0.128030364309005	3.55658058919338e-07	7.56291276762185e-06	0.0112479929647568	0.000747682970097403	6.87192902758748e-05
S	0.102125613804591	8.38864899069789e-07	0.00115724707327193	0.0536845180788802	0.0044261276706875	0.00565990633773255
T	0.00275783912621637	4.15749512569287e-07	0.0135281145461198	0.0518452612543049	0.000392734558353524	0.96547855402753
R	0.00633230960418184	0.00372622190126791	0.00171759987313042	0.0789720366138245	0.000871313566249582	2.27652562477324e-29
K	0.000282097373101019	0.00604641048829974	0.00230599116624327	0.226390057387618	0.00208834087888921	3.09926842620267e-22
H	0.000139852583652082	0.000514569800085111	0.00532850911710512	0.00125746325855462	0.00934616758764815	1.29634932212411e-17
N	0.00223986759295626	1.82072891068729e-06	0.00106155809024295	0.0344978262932338	0.00395165354313164	0.000102441903059458
Q	0.00300674048317100	2.67254757329287e-05	0.000490423009855355	0.111859872686458	0.00270727028199402	5.42097617716774e-05
D	0.170502699148796	1.12085838293611e-05	0.00147073043535587	0.100723079111429	0.003774245824239	0.00896994718702135
E	0.466718930028152	2.46473177703428e-05	0.000787692691230336	0.190079481662719	0.0068479182433832	0.0157275580301681
P	2.28111310860367e-174	4.45865789085386e-188	6.1934772635498e-31	1.26185084404239e-05	2.06874312527294e-255	5.47949803627717e-242
C	0	0	0	0	0	0
