24  413   1   1     0.000    0.000    0.000   0.000   0.000   0.000   0.000 DXDR_ M
24  412   2   2     0.000    0.000    0.000   0.000   0.000   0.000   0.000 DXDR_ D
24  411   3   3     0.000    0.000    0.000   0.000   0.000   0.000   0.000 DXDR_ P
24  410   4   4     0.000    0.000    0.000   0.000   0.000   0.000   0.000 DXDR_ L
24  409   5   5     0.000    0.000    0.000   0.000   0.000   0.000   0.000 DXDR_ N
24  408   6   6     0.000    0.000    0.000   0.000   0.000   0.000   0.000 DXDR_ L
24  407   7   7     0.000    0.000    0.000   0.000   0.000   0.000   0.000 DXDR_ S
24  406   8   8     0.000    0.000    0.000   0.000   0.000   0.000   0.000 DXDR_ W
24  405   9   9     0.000    0.000    0.000   0.000   0.000   0.000   0.000 DXDR_ Y
24  404  10  10     0.000    0.000    0.000   0.000   0.000   0.000   0.000 DXDR_ D
24  403  11  11     0.000    0.000    0.000   0.000   0.000   0.000   0.000 DXDR_ D
24  402  12  12     0.000    0.000    0.000   0.000   0.000   0.000   0.000 DXDR_ D
24  401  13  13     0.000    0.000    0.000   0.000   0.000   0.000   0.000 DXDR_ L
24  400  14  14     0.000    0.000    0.000   0.000   0.000   0.000   0.000 DXDR_ E
24  399  15  15     0.000    0.000    0.000   0.000   0.000   0.000   0.000 DXDR_ R
24  398  16  16     0.000    0.000    0.000   0.000   0.000   0.000   0.000 DXDR_ Q
24  397  17  17     0.000    0.000    0.000   0.000   0.000   0.000   0.000 DXDR_ N
24  396  18  18     0.000    0.000    0.000   0.000   0.000   0.000   0.000 DXDR_ W
24  395  19  19     0.000    0.000    0.000   0.000   0.000   0.000   0.000 DXDR_ S
24  394  20  20     0.000    0.000    0.000   0.000   0.000   0.000   0.000 DXDR_ R
24  393  21  21     0.000    0.000    0.000   0.000   0.000   0.000   0.000 DXDR_ P
24  392  22  22     0.000    0.000    0.000   0.000   0.000   0.000   0.000 DXDR_ F
24  391  23  23     0.000    0.000    0.000   0.000   0.000   0.000   0.000 DXDR_ N
24  390  24  24     0.000    0.000    0.000   0.000   0.000   0.000   0.000 DXDR_ G
24  389  25  25     0.000    0.000    0.000   0.000   0.000   0.000   0.000 DXDR_ S
24  388  26  26     0.000    0.000    0.000   0.000   0.000   0.000   0.000 DXDR_ D
24  387  27  27     0.000    0.000    0.000   0.000   0.000   0.000   0.000 DXDR_ G
24  386  28  28     0.000    0.000    0.000   0.000   0.000   0.000   0.000 DXDR_ K
24  385  29  29     0.000    0.000    0.000   0.000   0.000   0.000   0.000 DXDR_ A
24  384  30  30     0.000    0.000    0.000   0.000   0.000   0.000   0.000 DXDR_ D
24  383  31  31     0.000    0.000    0.000   0.000   0.000   0.000   0.000 DXDR_ R
24  382  32  32     0.000    0.000    0.000   0.000   0.000   0.000   0.000 DXDR_ P
24  381  33  33     0.000    0.000    0.000   0.000   0.000   0.000   0.000 DXDR_ H
24  380  34  34     0.000    0.000    0.000   0.000   0.000   0.000   0.000 DXDR_ Y
24  379  35  35     0.000    0.000    0.000   0.000   0.000   0.000   0.000 DXDR_ N
24  378  36  36     0.000    0.000    0.000   0.000   0.000   0.000   0.000 DXDR_ Y
24  377  37  37     0.000    0.000    0.000   0.000   0.000   0.000   0.000 DXDR_ Y
24  376  38  38     0.000    0.000    0.000   0.000   0.000   0.000   0.000 DXDR_ A
24  375  39  39     0.000    0.000    0.000   0.000   0.000   0.000   0.000 DXDR_ T
24  374  40  40     0.000    0.000    0.000   0.000   0.000   0.000   0.000 DXDR_ L
24  373  41  41     0.000    0.000    0.000   0.000   0.000   0.000   0.000 DXDR_ L
24  372  42  42     0.000    0.000    0.000   0.000   0.000   0.000   0.000 DXDR_ T
24  371  43  43     0.000    0.000    0.000   0.000   0.000   0.000   0.000 DXDR_ L
24  370  44  44     0.000    0.000    0.000   0.000   0.000   0.000   0.000 DXDR_ L
24  369  45  45     0.000    0.000    0.000   0.000   0.000   0.000   0.000 DXDR_ I
24  368  46  46     0.000    0.000    0.000   0.000   0.000   0.000   0.000 DXDR_ A
24  367  47  47     0.000    0.000    0.000   0.000   0.000   0.000   0.000 DXDR_ V
24  366  48  48     0.000    0.000    0.000   0.000   0.000   0.000   0.000 DXDR_ I
24  365  49  49     0.000    0.000    0.000   0.000   0.000   0.000   0.000 DXDR_ V
24  364  50  50     0.000    0.000    0.000   0.000   0.000   0.000   0.000 DXDR_ F
24  363  51  51     0.000    0.000    0.000   0.000   0.000   0.000   0.000 DXDR_ G
24  362  52  52     0.000    0.000    0.000   0.000   0.000   0.000   0.000 DXDR_ N
24  361  53  53     0.000    0.000    0.000   0.000   0.000   0.000   0.000 DXDR_ V
24  360  54  54     0.000    0.000    0.000   0.000   0.000   0.000   0.000 DXDR_ L
24  359  55  55     0.000    0.000    0.000   0.000   0.000   0.000   0.000 DXDR_ V
24  358  56  56     0.000    0.000    0.000   0.000   0.000   0.000   0.000 DXDR_ C
24  357  57  57     0.000    0.000    0.000   0.000   0.000   0.000   0.000 DXDR_ M
24  356  58  58     0.000    0.000    0.000   0.000   0.000   0.000   0.000 DXDR_ A
24  355  59  59     0.000    0.000    0.000   0.000   0.000   0.000   0.000 DXDR_ V
24  354  60  60     0.000    0.000    0.000   0.000   0.000   0.000   0.000 DXDR_ S
24  353  61  61     0.000    0.000    0.000   0.000   0.000   0.000   0.000 DXDR_ R
24  352  62  62     0.000    0.000    0.000   0.000   0.000   0.000   0.000 DXDR_ E
24  351  63  63     0.000    0.000    0.000   0.000   0.000   0.000   0.000 DXDR_ K
24  350  64  64     0.000    0.000    0.000   0.000   0.000   0.000   0.000 DXDR_ A
24  349  65  65     0.000    0.000    0.000   0.000   0.000   0.000   0.000 DXDR_ L
24  348  66  66     0.000    0.000    0.000   0.000   0.000   0.000   0.000 DXDR_ Q
24  347  67  67     0.000    0.000    0.000   0.000   0.000   0.000   0.000 DXDR_ T
24  346  68  68     0.000    0.000    0.000   0.000   0.000   0.000   0.000 DXDR_ T
24  345  69  69     0.000    0.000    0.000   0.000   0.000   0.000   0.000 DXDR_ T
24  344  70  70     0.000    0.000    0.000   0.000   0.000   0.000   0.000 DXDR_ N
24  343  71  71     0.000    0.000    0.000   0.000   0.000   0.000   0.000 DXDR_ Y
24  342  72  72     0.000    0.000    0.000   0.000   0.000   0.000   0.000 DXDR_ L
24  341  73  73     0.000    0.000    0.000   0.000   0.000   0.000   0.000 DXDR_ I
24  340  74  74     0.000    0.000    0.000   0.000   0.000   0.000   0.000 DXDR_ V
24  339  75  75     0.000    0.000    0.000   0.000   0.000   0.000   0.000 DXDR_ S
24  338  76  76     0.000    0.000    0.000   0.000   0.000   0.000   0.000 DXDR_ L
24  337  77  77     0.000    0.000    0.000   0.000   0.000   0.000   0.000 DXDR_ A
24  336  78  78     0.000    0.000    0.000   0.000   0.000   0.000   0.000 DXDR_ V
24  335  79  79     0.000    0.000    0.000   0.000   0.000   0.000   0.000 DXDR_ A
24  334  80  80     0.000    0.000    0.000   0.000   0.000   0.000   0.000 DXDR_ D
24  333  81  81     0.000    0.000    0.000   0.000   0.000   0.000   0.000 DXDR_ L
24  332  82  82     0.000    0.000    0.000   0.000   0.000   0.000   0.000 DXDR_ L
24  331  83  83     0.000    0.000    0.000   0.000   0.000   0.000   0.000 DXDR_ V
24  330  84  84     0.000    0.000    0.000   0.000   0.000   0.000   0.000 DXDR_ A
24  329  85  85     0.000    0.000    0.000   0.000   0.000   0.000   0.000 DXDR_ T
24  328  86  86     0.000    0.000    0.000   0.000   0.000   0.000   0.000 DXDR_ L
24  327  87  87     0.000    0.000    0.000   0.000   0.000   0.000   0.000 DXDR_ V
24  326  88  88     0.000    0.000    0.000   0.000   0.000   0.000   0.000 DXDR_ M
24  325  89  89     0.000    0.000    0.000   0.000   0.000   0.000   0.000 DXDR_ P
24  324  90  90     0.000    0.000    0.000   0.000   0.000   0.000   0.000 DXDR_ W
24  323  91  91     0.000    0.000    0.000   0.000   0.000   0.000   0.000 DXDR_ V
24  322  92  92     0.000    0.000    0.000   0.000   0.000   0.000   0.000 DXDR_ V
24  321  93  93     0.000    0.000    0.000   0.000   0.000   0.000   0.000 DXDR_ Y
24  320  94  94     0.000    0.000    0.000   0.000   0.000   0.000   0.000 DXDR_ L
24  319  95  95     0.000    0.000    0.000   0.000   0.000   0.000   0.000 DXDR_ E
24  318  96  96     0.000    0.000    0.000   0.000   0.000   0.000   0.000 DXDR_ V
24  317  97  97     0.000    0.000    0.000   0.000   0.000   0.000   0.000 DXDR_ V
24  316  98  98     0.000    0.000    0.000   0.000   0.000   0.000   0.000 DXDR_ G
24  315  99  99     0.000    0.000    0.000   0.000   0.000   0.000   0.000 DXDR_ E
24  314 100 100     0.000    0.000    0.000   0.000   0.000   0.000   0.000 DXDR_ W
24  313 101 101     0.000    0.000    0.000   0.000   0.000   0.000   0.000 DXDR_ K
24  312 102 102     0.000    0.000    0.000   0.000   0.000   0.000   0.000 DXDR_ F
24  311 103 103     0.000    0.000    0.000   0.000   0.000   0.000   0.000 DXDR_ S
24  310 104 104     0.000    0.000    0.000   0.000   0.000   0.000   0.000 DXDR_ R
24  309 105 105     0.000    0.000    0.000   0.000   0.000   0.000   0.000 DXDR_ I
24  308 106 106     0.000    0.000    0.000   0.000   0.000   0.000   0.000 DXDR_ H
24  307 107 107     0.000    0.000    0.000   0.000   0.000   0.000   0.000 DXDR_ C
24  306 108 108     0.000    0.000    0.000   0.000   0.000   0.000   0.000 DXDR_ D
24  305 109 109     0.000    0.000    0.000   0.000   0.000   0.000   0.000 DXDR_ I
24  304 110 110     0.000    0.000    0.000   0.000   0.000   0.000   0.000 DXDR_ F
24  303 111 111     0.000    0.000    0.000   0.000   0.000   0.000   0.000 DXDR_ V
24  302 112 112     0.000    0.000    0.000   0.000   0.000   0.000   0.000 DXDR_ T
24  301 113 113     0.000    0.000    0.000   0.000   0.000   0.000   0.000 DXDR_ L
24  300 114 114     0.000    0.000    0.000   0.000   0.000   0.000   0.000 DXDR_ D
24  299 115 115     0.000    0.000    0.000   0.000   0.000   0.000   0.000 DXDR_ V
24  298 116 116     0.000    0.000    0.000   0.000   0.000   0.000   0.000 DXDR_ M
24  297 117 117     0.000    0.000    0.000   0.000   0.000   0.000   0.000 DXDR_ M
24  296 118 118     0.000    0.000    0.000   0.000   0.000   0.000   0.000 DXDR_ C
24  295 119 119     0.000    0.000    0.000   0.000   0.000   0.000   0.000 DXDR_ T
24  294 120 120     0.000    0.000    0.000   0.000   0.000   0.000   0.000 DXDR_ A
24  293 121 121     0.000    0.000    0.000   0.000   0.000   0.000   0.000 DXDR_ S
24  292 122 122     0.000    0.000    0.000   0.000   0.000   0.000   0.000 DXDR_ I
24  291 123 123     0.000    0.000    0.000   0.000   0.000   0.000   0.000 DXDR_ L
24  290 124 124     0.000    0.000    0.000   0.000   0.000   0.000   0.000 DXDR_ N
24  289 125 125     0.000    0.000    0.000   0.000   0.000   0.000   0.000 DXDR_ L
24  288 126 126     0.000    0.000    0.000   0.000   0.000   0.000   0.000 DXDR_ C
24  287 127 127     0.000    0.000    0.000   0.000   0.000   0.000   0.000 DXDR_ A
24  286 128 128     0.000    0.000    0.000   0.000   0.000   0.000   0.000 DXDR_ I
24  285 129 129     0.000    0.000    0.000   0.000   0.000   0.000   0.000 DXDR_ S
24  284 130 130     0.000    0.000    0.000   0.000   0.000   0.000   0.000 DXDR_ I
24  283 131 131     0.000    0.000    0.000   0.000   0.000   0.000   0.000 DXDR_ D
24  282 132 132     0.000    0.000    0.000   0.000   0.000   0.000   0.000 DXDR_ R
24  281 133 133     0.000    0.000    0.000   0.000   0.000   0.000   0.000 DXDR_ Y
24  280 134 134     0.000    0.000    0.000   0.000   0.000   0.000   0.000 DXDR_ T
24  279 135 135     0.000    0.000    0.000   0.000   0.000   0.000   0.000 DXDR_ A
24  278 136 136     0.000    0.000    0.000   0.000   0.000   0.000   0.000 DXDR_ V
24  277 137 137     0.000    0.000    0.000   0.000   0.000   0.000   0.000 DXDR_ A
24  276 138 138     0.000    0.000    0.000   0.000   0.000   0.000   0.000 DXDR_ M
24  275 139 139     0.000    0.000    0.000   0.000   0.000   0.000   0.000 DXDR_ P
24  274 140 140     0.000    0.000    0.000   0.000   0.000   0.000   0.000 DXDR_ M
24  273 141 141     0.000    0.000    0.000   0.000   0.000   0.000   0.000 DXDR_ L
24  272 142 142     0.000    0.000    0.000   0.000   0.000   0.000   0.000 DXDR_ Y
24  271 143 143     0.000    0.000    0.000   0.000   0.000   0.000   0.000 DXDR_ N
24  270 144 144     0.000    0.000    0.000   0.000   0.000   0.000   0.000 DXDR_ T
24  269 145 145     0.000    0.000    0.000   0.000   0.000   0.000   0.000 DXDR_ R
24  268 146 146     0.000    0.000    0.000   0.000   0.000   0.000   0.000 DXDR_ Y
24  267 147 147     0.000    0.000    0.000   0.000   0.000   0.000   0.000 DXDR_ S
24  266 148 148     0.000    0.000    0.000   0.000   0.000   0.000   0.000 DXDR_ S
24  265 149 149     0.000    0.000    0.000   0.000   0.000   0.000   0.000 DXDR_ K
24  264 150 150     0.000    0.000    0.000   0.000   0.000   0.000   0.000 DXDR_ R
24  263 151 151     0.000    0.000    0.000   0.000   0.000   0.000   0.000 DXDR_ R
24  262 152 152     0.000    0.000    0.000   0.000   0.000   0.000   0.000 DXDR_ V
24  261 153 153     0.000    0.000    0.000   0.000   0.000   0.000   0.000 DXDR_ T
24  260 154 154     0.000    0.000    0.000   0.000   0.000   0.000   0.000 DXDR_ V
24  259 155 155     0.000    0.000    0.000   0.000   0.000   0.000   0.000 DXDR_ M
24  258 156 156     0.000    0.000    0.000   0.000   0.000   0.000   0.000 DXDR_ I
24  257 157 157     0.000    0.000    0.000   0.000   0.000   0.000   0.000 DXDR_ S
24  256 158 158     0.000    0.000    0.000   0.000   0.000   0.000   0.000 DXDR_ I
24  255 159 159     0.000    0.000    0.000   0.000   0.000   0.000   0.000 DXDR_ V
24  254 160 160     0.000    0.000    0.000   0.000   0.000   0.000   0.000 DXDR_ W
24  253 161 161     0.000    0.000    0.000   0.000   0.000   0.000   0.000 DXDR_ V
24  252 162 162     0.000    0.000    0.000   0.000   0.000   0.000   0.000 DXDR_ L
24  251 163 163     0.000    0.000    0.000   0.000   0.000   0.000   0.000 DXDR_ S
24  250 164 164     0.000    0.000    0.000   0.000   0.000   0.000   0.000 DXDR_ F
24  249 165 165     0.000    0.000    0.000   0.000   0.000   0.000   0.000 DXDR_ T
24  248 166 166     0.000    0.000    0.000   0.000   0.000   0.000   0.000 DXDR_ I
24  247 167 167     0.000    0.000    0.000   0.000   0.000   0.000   0.000 DXDR_ S
24  246 168 168     0.000    0.000    0.000   0.000   0.000   0.000   0.000 DXDR_ C
24  245 169 169     0.000    0.000    0.000   0.000   0.000   0.000   0.000 DXDR_ P
24  244 170 170     0.000    0.000    0.000   0.000   0.000   0.000   0.000 DXDR_ L
24  243 171 171     0.000    0.000    0.000   0.000   0.000   0.000   0.000 DXDR_ L
24  242 172 172     0.000    0.000    0.000   0.000   0.000   0.000   0.000 DXDR_ F
24  241 173 173     0.000    0.000    0.000   0.000   0.000   0.000   0.000 DXDR_ G
24  240 174 174     0.000    0.000    0.000   0.000   0.000   0.000   0.000 DXDR_ L
24  239 175 175     0.000    0.000    0.000   0.000   0.000   0.000   0.000 DXDR_ N
24  238 176 176     0.000    0.000    0.000   0.000   0.000   0.000   0.000 DXDR_ N
24  237 177 177     0.000    0.000    0.000   0.000   0.000   0.000   0.000 DXDR_ A
24  236 178 178     0.000    0.000    0.000   0.000   0.000   0.000   0.000 DXDR_ D
24  235 179 179     0.000    0.000    0.000   0.000   0.000   0.000   0.000 DXDR_ Q
24  234 180 180     0.000    0.000    0.000   0.000   0.000   0.000   0.000 DXDR_ N
24  233 181 181     0.000    0.000    0.000   0.000   0.000   0.000   0.000 DXDR_ E
24  232 182 182     0.000    0.000    0.000   0.000   0.000   0.000   0.000 DXDR_ C
24  231 183 183     0.000    0.000    0.000   0.000   0.000   0.000   0.000 DXDR_ I
24  230 184 184     0.000    0.000    0.000   0.000   0.000   0.000   0.000 DXDR_ I
24  229 185 185     0.000    0.000    0.000   0.000   0.000   0.000   0.000 DXDR_ A
24  228 186 186     0.000    0.000    0.000   0.000   0.000   0.000   0.000 DXDR_ N
24  227 187 187     0.000    0.000    0.000   0.000   0.000   0.000   0.000 DXDR_ P
24  226 188 188     0.000    0.000    0.000   0.000   0.000   0.000   0.000 DXDR_ A
24  225 189 189     0.000    0.000    0.000   0.000   0.000   0.000   0.000 DXDR_ F
24  224 190 190     0.000    0.000    0.000   0.000   0.000   0.000   0.000 DXDR_ V
24  223 191 191     0.000    0.000    0.000   0.000   0.000   0.000   0.000 DXDR_ V
24  222 192 192     0.000    0.000    0.000   0.000   0.000   0.000   0.000 DXDR_ Y
24  221 193 193     0.000    0.000    0.000   0.000   0.000   0.000   0.000 DXDR_ S
24  220 194 194     0.000    0.000    0.000   0.000   0.000   0.000   0.000 DXDR_ S
24  219 195 195     0.000    0.000    0.000   0.000   0.000   0.000   0.000 DXDR_ I
24  218 196 196     0.000    0.000    0.000   0.000   0.000   0.000   0.000 DXDR_ V
24  217 197 197     0.000    0.000    0.000   0.000   0.000   0.000   0.000 DXDR_ S
24  216 198 198     0.000    0.000    0.000   0.000   0.000   0.000   0.000 DXDR_ F
24  215 199 199     0.000    0.000    0.000   0.000   0.000   0.000   0.000 DXDR_ Y
24  214 200 200     0.000    0.000    0.000   0.000   0.000   0.000   0.000 DXDR_ V
24  213 201 201     0.000    0.000    0.000   0.000   0.000   0.000   0.000 DXDR_ P
24  212 202 202     0.000    0.000    0.000   0.000   0.000   0.000   0.000 DXDR_ F
24  211 203 203     0.000    0.000    0.000   0.000   0.000   0.000   0.000 DXDR_ I
24  210 204 204     0.000    0.000    0.000   0.000   0.000   0.000   0.000 DXDR_ V
24  209 205 205     0.000    0.000    0.000   0.000   0.000   0.000   0.000 DXDR_ T
24  208 206 206     0.000    0.000    0.000   0.000   0.000   0.000   0.000 DXDR_ L
24  207 207 207     0.000    0.000    0.000   0.000   0.000   0.000   0.000 DXDR_ L
24  206 208 208     0.000    0.000    0.000   0.000   0.000   0.000   0.000 DXDR_ V
24  205 209 209     0.000    0.000    0.000   0.000   0.000   0.000   0.000 DXDR_ Y
24  204 210 210     0.000    0.000    0.000   0.000   0.000   0.000   0.000 DXDR_ I
24  203 211 211     0.000    0.000    0.000   0.000   0.000   0.000   0.000 DXDR_ K
24  202 212 212     0.000    0.000    0.000   0.000   0.000   0.000   0.000 DXDR_ I
24  201 213 213     0.000    0.000    0.000   0.000   0.000   0.000   0.000 DXDR_ Y
24  200 214 214     0.000    0.000    0.000   0.000   0.000   0.000   0.000 DXDR_ I
24  199 215 215     0.000    0.000    0.000   0.000   0.000   0.000   0.000 DXDR_ V
24  198 216 216     0.000    0.000    0.000   0.000   0.000   0.000   0.000 DXDR_ L
24  197 217 217     0.000    0.000    0.000   0.000   0.000   0.000   0.000 DXDR_ R
24  196 218 218     0.000    0.000    0.000   0.000   0.000   0.000   0.000 DXDR_ R
24  195 219 219     0.000    0.000    0.000   0.000   0.000   0.000   0.000 DXDR_ R
24  194 220 220     0.000    0.000    0.000   0.000   0.000   0.000   0.000 DXDR_ R
24  193 221 221     0.000    0.000    0.000   0.000   0.000   0.000   0.000 DXDR_ K
24  192 222 222     0.000    0.000    0.000   0.000   0.000   0.000   0.000 DXDR_ R
24  191 223 223     0.000    0.000    0.000   0.000   0.000   0.000   0.000 DXDR_ V
24  190 224 224     0.000    0.000    0.000   0.000   0.000   0.000   0.000 DXDR_ N
24  189 225 225     0.000    0.000    0.000   0.000   0.000   0.000   0.000 DXDR_ T
24  188 226 226     0.000    0.000    0.000   0.000   0.000   0.000   0.000 DXDR_ K
24  187 227 227     0.000    0.000    0.000   0.000   0.000   0.000   0.000 DXDR_ R
24  186 228 228     0.000    0.000    0.000   0.000   0.000   0.000   0.000 DXDR_ S
24  185 229 229     0.000    0.000    0.000   0.000   0.000   0.000   0.000 DXDR_ S
24  184 230 230     0.000    0.000    0.000   0.000   0.000   0.000   0.000 DXDR_ R
24  183 231 231     0.000    0.000    0.000   0.000   0.000   0.000   0.000 DXDR_ A
24  182 232 232     0.000    0.000    0.000   0.000   0.000   0.000   0.000 DXDR_ F
24  181 233 233     0.000    0.000    0.000   0.000   0.000   0.000   0.000 DXDR_ R
24  180 234 234     0.000    0.000    0.000   0.000   0.000   0.000   0.000 DXDR_ A
24  179 235 235     0.000    0.000    0.000   0.000   0.000   0.000   0.000 DXDR_ H
24  178 236 236     0.000    0.000    0.000   0.000   0.000   0.000   0.000 DXDR_ L
24  177 237 237     0.000    0.000    0.000   0.000   0.000   0.000   0.000 DXDR_ R
24  176 238 238     0.000    0.000    0.000   0.000   0.000   0.000   0.000 DXDR_ A
24  175 239 239     0.000    0.000    0.000   0.000   0.000   0.000   0.000 DXDR_ P
24  174 240 240     0.000    0.000    0.000   0.000   0.000   0.000   0.000 DXDR_ L
24  173 241 241     0.000    0.000    0.000   0.000   0.000   0.000   0.000 DXDR_ K
24  172 242 242     0.000    0.000    0.000   0.000   0.000   0.000   0.000 DXDR_ E
24  171 243 243     0.000    0.000    0.000   0.000   0.000   0.000   0.000 DXDR_ A
24  170 244 244     0.000    0.000    0.000   0.000   0.000   0.000   0.000 DXDR_ A
24  169 245 245     0.000    0.000    0.000   0.000   0.000   0.000   0.000 DXDR_ R
24  168 246 246     0.000    0.000    0.000   0.000   0.000   0.000   0.000 DXDR_ R
24  167 247 247     0.000    0.000    0.000   0.000   0.000   0.000   0.000 DXDR_ A
24  166 248 248     0.000    0.000    0.000   0.000   0.000   0.000   0.000 DXDR_ Q
24  165 249 249     0.000    0.000    0.000   0.000   0.000   0.000   0.000 DXDR_ E
24  164 250 250     0.000    0.000    0.000   0.000   0.000   0.000   0.000 DXDR_ L
24  163 251 251     0.000    0.000    0.000   0.000   0.000   0.000   0.000 DXDR_ E
24  162 252 252     0.000    0.000    0.000   0.000   0.000   0.000   0.000 DXDR_ M
24  161 253 253     0.000    0.000    0.000   0.000   0.000   0.000   0.000 DXDR_ E
24  160 254 254     0.000    0.000    0.000   0.000   0.000   0.000   0.000 DXDR_ M
24  159 255 255     0.000    0.000    0.000   0.000   0.000   0.000   0.000 DXDR_ L
24  158 256 256     0.000    0.000    0.000   0.000   0.000   0.000   0.000 DXDR_ S
24  157 257 257     0.000    0.000    0.000   0.000   0.000   0.000   0.000 DXDR_ S
24  156 258 258     0.000    0.000    0.000   0.000   0.000   0.000   0.000 DXDR_ T
24  155 259 259     0.000    0.000    0.000   0.000   0.000   0.000   0.000 DXDR_ S
24  154 260 260     0.000    0.000    0.000   0.000   0.000   0.000   0.000 DXDR_ P
24  153 261 261     0.000    0.000    0.000   0.000   0.000   0.000   0.000 DXDR_ P
24  152 262 262     0.000    0.000    0.000   0.000   0.000   0.000   0.000 DXDR_ E
24  151 263 263     0.000    0.000    0.000   0.000   0.000   0.000   0.000 DXDR_ R
24  150 264 264     0.000    0.000    0.000   0.000   0.000   0.000   0.000 DXDR_ T
24  149 265 265     0.000    0.000    0.000   0.000   0.000   0.000   0.000 DXDR_ R
24  148 266 266     0.000    0.000    0.000   0.000   0.000   0.000   0.000 DXDR_ Y
24  147 267 267     0.000    0.000    0.000   0.000   0.000   0.000   0.000 DXDR_ S
24  146 268 268     0.000    0.000    0.000   0.000   0.000   0.000   0.000 DXDR_ P
24  145 269 269     0.000    0.000    0.000   0.000   0.000   0.000   0.000 DXDR_ I
24  144 270 270     0.000    0.000    0.000   0.000   0.000   0.000   0.000 DXDR_ P
24  143 271 271     0.000    0.000    0.000   0.000   0.000   0.000   0.000 DXDR_ P
24  142 272 272     0.000    0.000    0.000   0.000   0.000   0.000   0.000 DXDR_ S
24  141 273 273     0.000    0.000    0.000   0.000   0.000   0.000   0.000 DXDR_ H
24  140 274 274     0.000    0.000    0.000   0.000   0.000   0.000   0.000 DXDR_ H
24  139 275 275     0.000    0.000    0.000   0.000   0.000   0.000   0.000 DXDR_ Q
24  138 276 276     0.000    0.000    0.000   0.000   0.000   0.000   0.000 DXDR_ L
24  137 277 277     0.000    0.000    0.000   0.000   0.000   0.000   0.000 DXDR_ T
24  136 278 278     0.000    0.000    0.000   0.000   0.000   0.000   0.000 DXDR_ L
24  135 279 279     0.000    0.000    0.000   0.000   0.000   0.000   0.000 DXDR_ P
24  134 280 280     0.000    0.000    0.000   0.000   0.000   0.000   0.000 DXDR_ D
24  133 281 281     0.000    0.000    0.000   0.000   0.000   0.000   0.000 DXDR_ P
24  132 282 282     0.000    0.000    0.000   0.000   0.000   0.000   0.000 DXDR_ S
24  131 283 283     0.000    0.000    0.000   0.000   0.000   0.000   0.000 DXDR_ H
24  130 284 284     0.000    0.000    0.000   0.000   0.000   0.000   0.000 DXDR_ H
24  129 285 285     0.000    0.000    0.000   0.000   0.000   0.000   0.000 DXDR_ G
24  128 286 286     0.000    0.000    0.000   0.000   0.000   0.000   0.000 DXDR_ L
24  127 287 287     0.000    0.000    0.000   0.000   0.000   0.000   0.000 DXDR_ H
24  126 288 288     0.000    0.000    0.000   0.000   0.000   0.000   0.000 DXDR_ S
24  125 289 289     0.000    0.000    0.000   0.000   0.000   0.000   0.000 DXDR_ T
24  124 290 290     0.000    0.000    0.000   0.000   0.000   0.000   0.000 DXDR_ P
24  123 291 291     0.000    0.000    0.000   0.000   0.000   0.000   0.000 DXDR_ D
24  122 292 292     0.000    0.000    0.000   0.000   0.000   0.000   0.000 DXDR_ S
24  121 293 293     0.000    0.000    0.000   0.000   0.000   0.000   0.000 DXDR_ P
24  120 294 294     0.000    0.000    0.000   0.000   0.000   0.000   0.000 DXDR_ A
24  119 295 295     0.000    0.000    0.000   0.000   0.000   0.000   0.000 DXDR_ K
24  118 296 296     0.000    0.000    0.000   0.000   0.000   0.000   0.000 DXDR_ P
24  117 297 297     0.000    0.000    0.000   0.000   0.000   0.000   0.000 DXDR_ E
24  116 298 298     0.000    0.000    0.000   0.000   0.000   0.000   0.000 DXDR_ K
24  115 299 299     0.000    0.000    0.000   0.000   0.000   0.000   0.000 DXDR_ N
24  114 300 300     0.000    0.000    0.000   0.000   0.000   0.000   0.000 DXDR_ G
24  113 301 301     0.000    0.000    0.000   0.000   0.000   0.000   0.000 DXDR_ H
24  112 302 302     0.000    0.000    0.000   0.000   0.000   0.000   0.000 DXDR_ A
24  111 303 303     0.000    0.000    0.000   0.000   0.000   0.000   0.000 DXDR_ K
24  110 304 304     0.000    0.000    0.000   0.000   0.000   0.000   0.000 DXDR_ D
24  109 305 305     0.000    0.000    0.000   0.000   0.000   0.000   0.000 DXDR_ H
24  108 306 306     0.000    0.000    0.000   0.000   0.000   0.000   0.000 DXDR_ P
24  107 307 307     0.000    0.000    0.000   0.000   0.000   0.000   0.000 DXDR_ K
24  106 308 308     0.000    0.000    0.000   0.000   0.000   0.000   0.000 DXDR_ I
24  105 309 309     0.000    0.000    0.000   0.000   0.000   0.000   0.000 DXDR_ A
24  104 310 310     0.000    0.000    0.000   0.000   0.000   0.000   0.000 DXDR_ K
24  103 311 311     0.000    0.000    0.000   0.000   0.000   0.000   0.000 DXDR_ I
24  102 312 312     0.000    0.000    0.000   0.000   0.000   0.000   0.000 DXDR_ F
24  101 313 313     0.000    0.000    0.000   0.000   0.000   0.000   0.000 DXDR_ E
24  100 314 314     0.000    0.000    0.000   0.000   0.000   0.000   0.000 DXDR_ I
24   99 315 315     0.000    0.000    0.000   0.000   0.000   0.000   0.000 DXDR_ Q
24   98 316 316     0.000    0.000    0.000   0.000   0.000   0.000   0.000 DXDR_ T
24   97 317 317     0.000    0.000    0.000   0.000   0.000   0.000   0.000 DXDR_ M
24   96 318 318     0.000    0.000    0.000   0.000   0.000   0.000   0.000 DXDR_ P
24   95 319 319     0.000    0.000    0.000   0.000   0.000   0.000   0.000 DXDR_ N
24   94 320 320     0.000    0.000    0.000   0.000   0.000   0.000   0.000 DXDR_ G
24   93 321 321     0.000    0.000    0.000   0.000   0.000   0.000   0.000 DXDR_ K
24   92 322 322     0.000    0.000    0.000   0.000   0.000   0.000   0.000 DXDR_ T
24   91 323 323     0.000    0.000    0.000   0.000   0.000   0.000   0.000 DXDR_ R
24   90 324 324     0.000    0.000    0.000   0.000   0.000   0.000   0.000 DXDR_ T
24   89 325 325     0.000    0.000    0.000   0.000   0.000   0.000   0.000 DXDR_ S
24   88 326 326     0.000    0.000    0.000   0.000   0.000   0.000   0.000 DXDR_ L
24   87 327 327     0.000    0.000    0.000   0.000   0.000   0.000   0.000 DXDR_ K
24   86 328 328     0.000    0.000    0.000   0.000   0.000   0.000   0.000 DXDR_ T
24   85 329 329     0.000    0.000    0.000   0.000   0.000   0.000   0.000 DXDR_ M
24   84 330 330     0.000    0.000    0.000   0.000   0.000   0.000   0.000 DXDR_ S
24   83 331 331     0.000    0.000    0.000   0.000   0.000   0.000   0.000 DXDR_ R
24   82 332 332     0.000    0.000    0.000   0.000   0.000   0.000   0.000 DXDR_ R
24   81 333 333     0.000    0.000    0.000   0.000   0.000   0.000   0.000 DXDR_ K
24   80 334 334     0.000    0.000    0.000   0.000   0.000   0.000   0.000 DXDR_ L
24   79 335 335     0.000    0.000    0.000   0.000   0.000   0.000   0.000 DXDR_ S
24   78 336 336     0.000    0.000    0.000   0.000   0.000   0.000   0.000 DXDR_ Q
24   77 337 337     0.000    0.000    0.000   0.000   0.000   0.000   0.000 DXDR_ Q
24   76 338 338     0.000    0.000    0.000   0.000   0.000   0.000   0.000 DXDR_ K
24   75 339 339     0.000    0.000    0.000   0.000   0.000   0.000   0.000 DXDR_ E
24   74 340 340     0.000    0.000    0.000   0.000   0.000   0.000   0.000 DXDR_ K
24   73 341 341     0.000    0.000    0.000   0.000   0.000   0.000   0.000 DXDR_ K
24   72 342 342     0.000    0.000    0.000   0.000   0.000   0.000   0.000 DXDR_ A
24   71 343 343     0.000    0.000    0.000   0.000   0.000   0.000   0.000 DXDR_ T
24   70 344 344     0.000    0.000    0.000   0.000   0.000   0.000   0.000 DXDR_ Q
24   69 345 345     0.000    0.000    0.000   0.000   0.000   0.000   0.000 DXDR_ M
24   68 346 346     0.000    0.000    0.000   0.000   0.000   0.000   0.000 DXDR_ L
24   67 347 347     0.000    0.000    0.000   0.000   0.000   0.000   0.000 DXDR_ A
24   66 348 348     0.000    0.000    0.000   0.000   0.000   0.000   0.000 DXDR_ I
24   65 349 349     0.000    0.000    0.000   0.000   0.000   0.000   0.000 DXDR_ V
24   64 350 350     0.000    0.000    0.000   0.000   0.000   0.000   0.000 DXDR_ L
24   63 351 351     0.000    0.000    0.000   0.000   0.000   0.000   0.000 DXDR_ G
24   62 352 352     0.000    0.000    0.000   0.000   0.000   0.000   0.000 DXDR_ V
24   61 353 353     0.000    0.000    0.000   0.000   0.000   0.000   0.000 DXDR_ F
24   60 354 354     0.000    0.000    0.000   0.000   0.000   0.000   0.000 DXDR_ I
24   59 355 355     0.000    0.000    0.000   0.000   0.000   0.000   0.000 DXDR_ I
24   58 356 356     0.000    0.000    0.000   0.000   0.000   0.000   0.000 DXDR_ C
24   57 357 357     0.000    0.000    0.000   0.000   0.000   0.000   0.000 DXDR_ W
24   56 358 358     0.000    0.000    0.000   0.000   0.000   0.000   0.000 DXDR_ L
24   55 359 359     0.000    0.000    0.000   0.000   0.000   0.000   0.000 DXDR_ P
24   54 360 360     0.000    0.000    0.000   0.000   0.000   0.000   0.000 DXDR_ F
24   53 361 361     0.000    0.000    0.000   0.000   0.000   0.000   0.000 DXDR_ F
24   52 362 362     0.000    0.000    0.000   0.000   0.000   0.000   0.000 DXDR_ I
24   51 363 363     0.000    0.000    0.000   0.000   0.000   0.000   0.000 DXDR_ T
24   50 364 364     0.000    0.000    0.000   0.000   0.000   0.000   0.000 DXDR_ H
24   49 365 365     0.000    0.000    0.000   0.000   0.000   0.000   0.000 DXDR_ I
24   48 366 366     0.000    0.000    0.000   0.000   0.000   0.000   0.000 DXDR_ L
24   47 367 367     0.000    0.000    0.000   0.000   0.000   0.000   0.000 DXDR_ N
24   46 368 368     0.000    0.000    0.000   0.000   0.000   0.000   0.000 DXDR_ I
24   45 369 369     0.000    0.000    0.000   0.000   0.000   0.000   0.000 DXDR_ H
24   44 370 370     0.000    0.000    0.000   0.000   0.000   0.000   0.000 DXDR_ C
24   43 371 371     0.000    0.000    0.000   0.000   0.000   0.000   0.000 DXDR_ D
24   42 372 372     0.000    0.000    0.000   0.000   0.000   0.000   0.000 DXDR_ C
24   41 373 373     0.000    0.000    0.000   0.000   0.000   0.000   0.000 DXDR_ N
24   40 374 374     0.000    0.000    0.000   0.000   0.000   0.000   0.000 DXDR_ I
24   39 375 375     0.000    0.000    0.000   0.000   0.000   0.000   0.000 DXDR_ P
24   38 376 376     0.000    0.000    0.000   0.000   0.000   0.000   0.000 DXDR_ P
24   37 377 377     0.000    0.000    0.000   0.000   0.000   0.000   0.000 DXDR_ V
24   36 378 378     0.000    0.000    0.000   0.000   0.000   0.000   0.000 DXDR_ L
24   35 379 379     0.000    0.000    0.000   0.000   0.000   0.000   0.000 DXDR_ Y
24   34 380 380     0.000    0.000    0.000   0.000   0.000   0.000   0.000 DXDR_ S
24   33 381 381     0.000    0.000    0.000   0.000   0.000   0.000   0.000 DXDR_ A
24   32 382 382     0.000    0.000    0.000   0.000   0.000   0.000   0.000 DXDR_ F
24   31 383 383     0.000    0.000    0.000   0.000   0.000   0.000   0.000 DXDR_ T
24   30 384 384     0.000    0.000    0.000   0.000   0.000   0.000   0.000 DXDR_ W
24   29 385 385     0.000    0.000    0.000   0.000   0.000   0.000   0.000 DXDR_ L
24   28 386 386     0.000    0.000    0.000   0.000   0.000   0.000   0.000 DXDR_ G
24   27 387 387     0.000    0.000    0.000   0.000   0.000   0.000   0.000 DXDR_ Y
24   26 388 388     0.000    0.000    0.000   0.000   0.000   0.000   0.000 DXDR_ V
24   25 389 389     0.000    0.000    0.000   0.000   0.000   0.000   0.000 DXDR_ N
24   24 390 390     0.000    0.000    0.000   0.000   0.000   0.000   0.000 DXDR_ S
24   23 391 391     0.000    0.000    0.000   0.000   0.000   0.000   0.000 DXDR_ A
24   22 392 392     0.000    0.000    0.000   0.000   0.000   0.000   0.000 DXDR_ V
24   21 393 393     0.000    0.000    0.000   0.000   0.000   0.000   0.000 DXDR_ N
24   20 394 394     0.000    0.000    0.000   0.000   0.000   0.000   0.000 DXDR_ P
24   19 395 395     0.000    0.000    0.000   0.000   0.000   0.000   0.000 DXDR_ I
24   18 396 396     0.000    0.000    0.000   0.000   0.000   0.000   0.000 DXDR_ I
24   17 397 397     0.000    0.000    0.000   0.000   0.000   0.000   0.000 DXDR_ Y
24   16 398 398     0.000    0.000    0.000   0.000   0.000   0.000   0.000 DXDR_ T
24   15 399 399     0.000    0.000    0.000   0.000   0.000   0.000   0.000 DXDR_ T
24   14 400 400     0.000    0.000    0.000   0.000   0.000   0.000   0.000 DXDR_ F
24   13 401 401     0.000    0.000    0.000   0.000   0.000   0.000   0.000 DXDR_ N
24   12 402 402     0.000    0.000    0.000   0.000   0.000   0.000   0.000 DXDR_ I
24   11 403 403     0.000    0.000    0.000   0.000   0.000   0.000   0.000 DXDR_ E
24   10 404 404     0.000    0.000    0.000   0.000   0.000   0.000   0.000 DXDR_ F
24    9 405 405     0.000    0.000    0.000   0.000   0.000   0.000   0.000 DXDR_ R
24    8 406 406     0.000    0.000    0.000   0.000   0.000   0.000   0.000 DXDR_ K
24    7 407 407     0.000    0.000    0.000   0.000   0.000   0.000   0.000 DXDR_ A
24    6 408 408     0.000    0.000    0.000   0.000   0.000   0.000   0.000 DXDR_ F
24    5 409 409     0.000    0.000    0.000   0.000   0.000   0.000   0.000 DXDR_ L
24    4 410 410     0.000    0.000    0.000   0.000   0.000   0.000   0.000 DXDR_ K
24    3 411 411     0.000    0.000    0.000   0.000   0.000   0.000   0.000 DXDR_ I
24    2 412 412     0.000    0.000    0.000   0.000   0.000   0.000   0.000 DXDR_ L
24    1 413 413     0.000    0.000    0.000   0.000   0.000   0.000   0.000 DXDR_ H
24    0 414 414     0.000    0.000    0.000   0.000   0.000   0.000   0.000 DXDR_ C
