Rows are residues, columns are chains, data are neighbors in that chain for each residue
residue	chain	PDBdata	DSSP	1	2
1	1	1 A	L	17	1
2	1	2 A	H	15	4
3	1	3 A	H	10	2
4	1	4 A	H	22	0
5	1	5 A	H	22	1
6	1	6 A	H	20	1
7	1	7 A	H	17	0
8	1	8 A	H	24	0
9	1	9 A	H	26	0
10	1	10 A	H	16	0
11	1	11 A	H	17	0
12	1	12 A	H	22	0
13	1	13 A	H	22	0
14	1	15 A	L	13	0
15	1	16 A	L	15	0
16	1	17 A	L	12	3
17	1	18 A	H	21	2
18	1	19 A	H	13	10
19	1	20 A	H	12	5
20	1	21 A	H	20	0
21	1	22 A	H	27	0
22	1	23 A	L	19	5
23	1	24 A	L	17	7
24	1	25 A	E	24	1
25	1	26 A	L	27	0
26	1	27 A	L	26	0
27	1	28 A	L	27	0
28	1	29 A	E	27	0
29	1	30 A	L	18	3
30	1	31 A	L	7	10
31	1	32 A	L	13	6
32	1	33 A	L	15	2
33	1	34 A	L	21	0
34	1	35 A	E	19	0
35	1	36 A	L	15	0
36	1	37 A	L	21	0
37	1	38 A	L	21	0
38	1	39 A	L	16	0
39	1	40 A	H	16	0
40	1	41 A	H	28	0
41	1	42 A	H	26	0
42	1	43 A	H	17	0
43	1	44 A	H	25	0
44	1	45 A	H	25	0
45	1	46 A	H	25	0
46	1	47 A	H	18	0
47	1	48 A	H	23	0
48	1	49 A	H	21	0
49	1	50 A	H	16	0
50	1	51 A	H	18	0
51	1	52 A	H	19	0
52	1	53 A	H	12	0
53	1	57 A	H	11	0
54	1	58 A	L	16	0
55	1	59 A	L	7	0
56	1	60 A	L	12	0
57	1	61 A	L	20	0
58	1	67 A	L	13	0
59	1	68 A	L	22	0
60	1	69 A	L	9	2
61	1	70 A	L	9	2
62	1	71 A	L	16	0
63	1	72 A	L	11	0
64	1	73 A	L	19	0
65	1	74 A	L	13	0
66	1	75 A	E	21	0
67	1	76 A	E	10	0
68	1	77 A	E	11	0
69	1	78 A	L	8	0
70	1	79 A	L	6	0
71	1	80 A	L	7	0
72	1	81 A	L	12	0
73	1	82 A	E	21	0
74	1	83 A	E	12	0
75	1	84 A	E	20	0
76	1	85 A	L	14	0
77	1	86 A	L	10	0
78	1	87 A	L	17	0
79	1	88 A	L	13	0
80	1	90 A	H	12	0
81	1	91 A	H	17	0
82	1	92 A	H	24	0
83	1	93 A	H	17	0
84	1	94 A	H	20	0
85	1	95 A	H	26	0
86	1	96 A	H	23	0
87	1	97 A	H	14	0
88	1	98 A	H	22	0
89	1	99 A	H	26	0
90	1	100 A	H	20	0
91	1	101 A	H	16	0
92	1	102 A	H	26	0
93	1	103 A	H	26	0
94	1	104 A	H	17	0
95	1	105 A	H	20	0
96	1	106 A	H	27	0
97	1	107 A	H	17	0
98	1	108 A	H	14	0
99	1	109 A	L	16	0
100	1	110 A	H	14	0
101	1	111 A	H	9	0
102	1	112 A	H	9	0
103	1	113 A	L	19	0
104	1	114 A	L	15	0
105	1	115 A	H	9	0
106	1	116 A	H	10	0
107	1	117 A	H	17	0
108	1	118 A	E	16	3
109	1	119 A	L	12	7
110	1	120 A	L	19	2
111	1	121 A	L	10	6
112	1	122 A	H	15	6
113	1	123 A	H	6	4
114	1	125 A	H	8	0
115	1	126 A	L	19	0
116	1	127 A	L	10	0
117	1	129 A	E	9	0
118	1	130 A	L	16	0
119	1	131 A	L	10	0
120	1	132 A	L	7	0
121	1	133 A	L	12	0
122	2	1 B	L	2	16
123	2	2 B	H	5	12
124	2	3 B	H	5	10
125	2	4 B	H	0	20
126	2	5 B	H	1	21
127	2	6 B	H	5	20
128	2	7 B	H	3	17
129	2	8 B	H	0	24
130	2	9 B	H	0	26
131	2	10 B	H	2	15
132	2	11 B	H	0	18
133	2	12 B	H	0	22
134	2	13 B	H	0	22
135	2	15 B	L	0	13
136	2	16 B	L	1	15
137	2	17 B	L	5	12
138	2	18 B	H	5	22
139	2	19 B	H	12	12
140	2	20 B	H	4	10
141	2	21 B	H	1	20
142	2	22 B	H	0	26
143	2	23 B	L	7	17
144	2	24 B	L	6	15
145	2	25 B	E	1	25
146	2	26 B	L	0	29
147	2	27 B	L	0	26
148	2	28 B	L	0	27
149	2	29 B	E	0	27
150	2	30 B	L	5	17
151	2	31 B	L	2	19
152	2	32 B	L	7	6
153	2	33 B	L	2	13
154	2	34 B	L	0	22
155	2	35 B	L	0	19
156	2	36 B	L	0	16
157	2	37 B	L	0	22
158	2	38 B	L	0	21
159	2	39 B	L	0	16
160	2	40 B	H	0	16
161	2	41 B	H	0	28
162	2	42 B	H	0	28
163	2	43 B	H	0	18
164	2	44 B	H	0	25
165	2	45 B	H	0	25
166	2	46 B	H	0	25
167	2	47 B	H	0	18
168	2	48 B	H	0	23
169	2	49 B	H	0	22
170	2	50 B	H	0	16
171	2	51 B	H	0	18
172	2	52 B	H	0	17
173	2	53 B	H	0	13
174	2	57 B	L	0	12
175	2	58 B	L	0	16
176	2	59 B	L	0	8
177	2	60 B	L	0	12
178	2	61 B	L	0	19
179	2	67 B	L	0	12
180	2	68 B	L	0	21
181	2	69 B	L	3	10
182	2	70 B	L	0	8
183	2	71 B	L	0	17
184	2	72 B	L	0	11
185	2	73 B	L	0	20
186	2	74 B	L	0	11
187	2	75 B	E	0	20
188	2	76 B	E	0	9
189	2	77 B	E	0	11
190	2	78 B	E	0	8
191	2	79 B	L	0	5
192	2	80 B	L	0	7
193	2	81 B	E	0	11
194	2	82 B	E	0	21
195	2	83 B	E	0	12
196	2	84 B	E	0	20
197	2	85 B	L	0	13
198	2	86 B	L	0	17
199	2	87 B	L	0	7
200	2	88 B	L	0	14
201	2	90 B	H	0	12
202	2	91 B	H	0	17
203	2	92 B	H	0	20
204	2	93 B	H	0	16
205	2	94 B	H	0	21
206	2	95 B	H	0	27
207	2	96 B	H	0	23
208	2	97 B	H	0	15
209	2	98 B	H	0	22
210	2	99 B	H	0	26
211	2	100 B	H	0	20
212	2	101 B	H	0	16
213	2	102 B	H	0	26
214	2	103 B	H	0	26
215	2	104 B	H	0	18
216	2	105 B	H	0	20
217	2	106 B	H	0	27
218	2	107 B	H	0	19
219	2	108 B	H	0	14
220	2	109 B	H	0	16
221	2	110 B	H	0	14
222	2	111 B	H	0	9
223	2	112 B	H	0	10
224	2	113 B	L	0	19
225	2	114 B	L	0	14
226	2	115 B	H	0	8
227	2	116 B	H	0	9
228	2	117 B	H	0	18
229	2	118 B	E	2	15
230	2	119 B	L	5	11
231	2	120 B	L	1	18
232	2	121 B	L	2	8
233	2	122 B	H	1	12
234	2	123 B	H	0	5
235	2	125 B	H	0	11
236	2	126 B	L	0	19
237	2	127 B	L	0	10
238	2	129 B	L	0	9
239	2	130 B	L	0	16
240	2	131 B	L	0	11
241	2	132 B	L	0	7
242	2	133 B	L	0	12

