Rows are residues, columns are chains, data are neighbors in that chain for each residue
residue	chain	PDBdata	DSSP	1	2	3	4
1	1	119 B	L	7	0	0	3
2	1	120 B	L	14	0	0	4
3	1	121 B	L	12	0	0	1
4	1	122 B	L	18	0	0	2
5	1	123 B	E	23	0	0	0
6	1	124 B	E	16	0	0	0
7	1	125 B	L	26	0	0	0
8	1	126 B	L	12	0	0	0
9	1	127 B	L	9	0	0	0
10	1	128 B	L	17	0	0	0
11	1	129 B	L	15	0	0	0
12	1	130 B	L	14	0	0	0
13	1	131 B	L	20	1	0	0
14	1	132 B	L	12	0	0	0
15	1	133 B	L	20	0	0	0
16	1	134 B	L	12	0	0	0
17	1	135 B	H	7	0	0	0
18	1	136 B	H	10	0	0	0
19	1	137 B	H	20	0	0	0
20	1	138 B	H	15	0	0	0
21	1	139 B	H	9	0	0	0
22	1	140 B	H	18	0	0	0
23	1	141 B	H	24	0	0	0
24	1	142 B	H	15	0	0	0
25	1	143 B	H	14	0	0	0
26	1	144 B	H	20	0	0	1
27	1	145 B	H	18	0	0	0
28	1	146 B	H	14	0	0	0
29	1	147 B	H	17	0	0	0
30	1	148 B	H	22	0	0	0
31	1	149 B	H	14	0	0	0
32	1	150 B	H	11	0	0	0
33	1	151 B	L	19	0	0	0
34	1	152 B	L	15	0	0	0
35	1	153 B	L	10	4	0	0
36	1	154 B	L	11	0	0	3
37	1	155 B	L	16	0	0	1
38	1	156 B	E	16	0	0	2
39	1	157 B	E	21	0	0	0
40	1	158 B	E	17	0	0	2
41	1	159 B	E	25	0	0	0
42	1	160 B	E	21	0	0	1
43	1	161 B	E	31	0	0	0
44	1	162 B	E	26	0	0	0
45	1	163 B	L	29	0	0	0
46	1	164 B	L	24	0	0	0
47	1	165 B	L	15	0	0	0
48	1	166 B	L	16	0	0	0
49	1	167 B	L	7	0	0	0
50	1	168 B	L	13	0	0	0
51	1	173 B	L	14	2	0	0
52	1	174 B	L	7	3	0	0
53	1	175 B	L	13	3	0	0
54	1	176 B	H	24	1	0	0
55	1	177 B	H	16	5	2	0
56	1	178 B	H	15	5	0	0
57	1	179 B	H	26	2	0	0
58	1	180 B	H	26	2	0	0
59	1	181 B	H	19	7	0	0
60	1	182 B	H	17	4	0	0
61	1	183 B	H	27	1	0	0
62	1	184 B	H	25	2	0	0
63	1	185 B	H	17	8	0	0
64	1	186 B	H	20	1	0	0
65	1	187 B	H	28	0	0	0
66	1	188 B	H	22	3	0	0
67	1	189 B	H	16	3	0	0
68	1	190 B	H	21	0	0	0
69	1	191 B	H	25	0	0	0
70	1	192 B	H	14	4	0	0
71	1	193 B	H	12	0	0	0
72	1	194 B	L	16	0	0	0
73	1	195 B	L	13	0	0	0
74	1	196 B	L	22	0	0	0
75	1	197 B	L	13	9	0	0
76	1	198 B	H	11	14	0	0
77	1	199 B	H	8	15	0	0
78	1	200 B	H	19	4	0	0
79	1	201 B	E	17	4	0	0
80	1	202 B	E	15	3	0	0
81	1	203 B	E	21	5	0	0
82	1	204 B	E	18	2	0	0
83	1	205 B	E	21	4	0	0
84	1	206 B	L	18	0	1	0
85	1	207 B	L	23	1	1	0
86	1	208 B	L	19	0	1	0
87	1	209 B	L	13	0	6	0
88	1	210 B	L	11	0	2	1
89	1	211 B	L	19	0	0	0
90	1	212 B	L	15	0	0	0
91	1	213 B	L	13	0	0	0
92	1	214 B	L	11	0	0	0
93	1	215 B	L	14	0	0	0
94	1	216 B	L	8	0	0	0
95	1	217 B	L	10	0	0	0
96	1	218 B	H	9	0	0	0
97	1	219 B	H	8	0	0	0
98	1	220 B	H	14	0	0	0
99	1	221 B	H	19	0	0	0
100	1	222 B	H	18	0	0	0
101	1	223 B	H	18	0	0	0
102	1	224 B	H	25	0	0	0
103	1	225 B	L	28	0	0	0
104	1	226 B	E	22	0	0	0
105	1	227 B	E	26	0	0	0
106	1	228 B	E	19	0	0	4
107	1	229 B	E	18	0	0	3
108	1	230 B	E	12	0	0	10
109	1	231 B	E	16	0	0	9
110	1	232 B	E	13	0	0	6
111	1	233 B	E	18	0	0	6
112	1	234 B	L	10	0	0	8
113	1	235 B	H	6	0	0	13
114	1	236 B	H	9	0	0	3
115	1	237 B	H	16	0	0	2
116	1	238 B	H	14	0	0	9
117	1	239 B	H	12	0	0	6
118	1	240 B	H	14	0	0	0
119	1	241 B	H	17	0	0	6
120	1	242 B	H	12	0	0	8
121	1	243 B	H	10	0	0	1
122	1	244 B	H	15	0	0	0
123	1	245 B	H	16	0	0	4
124	1	246 B	H	10	0	0	4
125	1	247 B	H	9	0	0	0
126	1	248 B	H	14	0	0	0
127	1	249 B	H	12	0	0	1
128	1	250 B	L	7	0	0	0
129	1	251 B	L	3	0	0	0
130	2	119 C	L	0	5	3	0
131	2	120 C	L	0	12	5	0
132	2	121 C	L	0	9	2	0
133	2	122 C	L	0	17	3	0
134	2	123 C	E	0	22	0	0
135	2	124 C	E	0	16	0	0
136	2	125 C	L	0	27	0	0
137	2	126 C	L	0	13	0	0
138	2	127 C	L	0	12	0	0
139	2	128 C	L	0	22	0	0
140	2	129 C	L	0	19	0	0
141	2	130 C	L	0	13	0	0
142	2	131 C	L	1	22	0	0
143	2	132 C	L	0	11	0	0
144	2	133 C	L	0	19	0	0
145	2	134 C	L	0	10	0	0
146	2	135 C	H	0	7	0	0
147	2	136 C	H	0	10	0	0
148	2	137 C	H	0	18	0	0
149	2	138 C	H	0	12	0	0
150	2	139 C	H	0	9	0	0
151	2	140 C	H	0	17	0	0
152	2	141 C	H	0	24	0	0
153	2	142 C	H	0	13	0	0
154	2	143 C	H	0	13	0	0
155	2	144 C	H	0	22	1	0
156	2	145 C	H	0	17	0	0
157	2	146 C	H	0	14	0	0
158	2	147 C	H	0	18	1	0
159	2	148 C	H	0	22	0	0
160	2	149 C	H	0	14	0	0
161	2	150 C	H	0	14	0	0
162	2	151 C	L	0	19	0	0
163	2	152 C	L	0	15	0	0
164	2	153 C	L	4	9	0	0
165	2	154 C	L	0	11	4	0
166	2	155 C	L	0	18	1	0
167	2	156 C	E	0	17	2	0
168	2	157 C	E	0	22	0	0
169	2	158 C	E	0	17	2	0
170	2	159 C	E	0	26	0	0
171	2	160 C	E	0	21	1	0
172	2	161 C	E	0	31	0	0
173	2	162 C	E	0	27	0	0
174	2	163 C	L	0	28	0	0
175	2	164 C	L	0	24	0	0
176	2	165 C	L	0	13	0	0
177	2	166 C	L	0	17	0	0
178	2	167 C	L	0	7	0	0
179	2	168 C	L	0	15	0	0
180	2	169 C	L	0	8	0	0
181	2	170 C	L	0	7	0	0
182	2	171 C	L	0	12	0	0
183	2	172 C	L	0	10	0	0
184	2	173 C	L	1	17	0	0
185	2	174 C	L	3	9	0	0
186	2	175 C	L	3	13	0	0
187	2	176 C	H	1	25	0	0
188	2	177 C	H	5	16	0	2
189	2	178 C	H	5	17	0	0
190	2	179 C	H	2	27	0	0
191	2	180 C	H	2	28	0	0
192	2	181 C	H	6	19	0	0
193	2	182 C	H	4	16	0	0
194	2	183 C	H	1	27	0	0
195	2	184 C	H	2	26	0	0
196	2	185 C	H	7	16	0	0
197	2	186 C	H	1	20	0	0
198	2	187 C	H	0	26	0	0
199	2	188 C	H	2	22	0	0
200	2	189 C	H	3	15	0	0
201	2	190 C	H	0	19	0	0
202	2	191 C	H	0	23	0	0
203	2	192 C	H	4	13	0	0
204	2	193 C	H	0	12	0	0
205	2	194 C	L	0	16	0	0
206	2	195 C	L	0	12	0	0
207	2	196 C	L	0	22	0	0
208	2	197 C	L	9	13	0	0
209	2	198 C	H	14	10	0	0
210	2	199 C	H	16	8	0	0
211	2	200 C	H	4	19	0	0
212	2	201 C	E	3	17	0	0
213	2	202 C	E	5	15	0	0
214	2	203 C	E	6	21	0	0
215	2	204 C	E	2	18	0	0
216	2	205 C	E	5	21	0	0
217	2	206 C	L	0	19	0	1
218	2	207 C	L	1	23	0	1
219	2	208 C	L	0	20	0	1
220	2	209 C	L	0	13	0	5
221	2	210 C	L	0	11	1	1
222	2	211 C	L	0	18	0	0
223	2	212 C	L	0	12	1	0
224	2	213 C	L	0	14	0	0
225	2	214 C	L	0	10	0	0
226	2	215 C	L	0	15	0	0
227	2	216 C	L	0	8	0	0
228	2	217 C	L	0	10	0	0
229	2	218 C	H	0	11	0	0
230	2	219 C	H	0	8	0	0
231	2	220 C	H	0	14	0	0
232	2	221 C	H	0	20	0	0
233	2	222 C	H	0	17	0	0
234	2	223 C	H	0	17	0	0
235	2	224 C	H	0	27	0	0
236	2	225 C	L	0	26	0	0
237	2	226 C	E	0	23	0	0
238	2	227 C	E	0	26	0	0
239	2	228 C	E	0	19	4	0
240	2	229 C	E	0	17	3	0
241	2	230 C	E	0	12	10	0
242	2	231 C	E	0	15	9	0
243	2	232 C	E	0	12	6	0
244	2	233 C	E	0	18	7	0
245	2	234 C	E	0	9	8	0
246	2	235 C	H	0	6	15	0
247	2	236 C	H	0	9	5	0
248	2	237 C	H	0	16	2	0
249	2	238 C	H	0	12	9	0
250	2	239 C	H	0	10	8	0
251	2	240 C	H	0	14	0	0
252	2	241 C	H	0	17	7	0
253	2	242 C	H	0	12	6	0
254	2	243 C	H	0	10	1	0
255	2	244 C	H	0	18	0	0
256	2	245 C	H	0	17	4	0
257	2	246 C	H	0	10	1	0
258	2	247 C	H	0	12	0	0
259	2	248 C	H	0	14	0	0
260	2	249 C	H	0	13	1	0
261	2	250 C	L	0	8	0	0
262	2	251 C	L	0	6	0	0
263	2	252 C	L	0	3	0	0
264	3	119 D	L	0	3	5	0
265	3	120 D	L	0	5	13	0
266	3	121 D	L	0	2	10	0
267	3	122 D	L	0	2	17	0
268	3	123 D	E	0	0	22	0
269	3	124 D	E	0	0	16	0
270	3	125 D	L	0	0	27	0
271	3	126 D	L	0	0	14	0
272	3	127 D	L	0	0	12	0
273	3	128 D	L	0	0	20	0
274	3	129 D	L	0	0	18	0
275	3	130 D	L	0	0	14	0
276	3	131 D	L	0	0	22	1
277	3	132 D	L	0	0	11	0
278	3	133 D	L	0	0	19	0
279	3	134 D	L	0	0	10	0
280	3	135 D	H	0	0	7	0
281	3	136 D	H	0	0	11	0
282	3	137 D	H	0	0	18	0
283	3	138 D	H	0	0	13	0
284	3	139 D	H	0	0	9	0
285	3	140 D	H	0	0	18	0
286	3	141 D	H	0	0	24	0
287	3	142 D	H	0	0	14	0
288	3	143 D	H	0	0	14	0
289	3	144 D	H	0	1	22	0
290	3	145 D	H	0	0	17	0
291	3	146 D	H	0	0	14	0
292	3	147 D	H	0	1	20	0
293	3	148 D	H	0	0	22	0
294	3	149 D	H	0	0	14	0
295	3	150 D	H	0	0	14	0
296	3	151 D	L	0	0	19	0
297	3	152 D	L	0	0	14	0
298	3	153 D	L	0	0	10	4
299	3	154 D	L	0	4	11	0
300	3	155 D	L	0	1	18	0
301	3	156 D	E	0	2	16	0
302	3	157 D	E	0	0	22	0
303	3	158 D	E	0	2	17	0
304	3	159 D	E	0	0	26	0
305	3	160 D	E	0	1	21	0
306	3	161 D	E	0	0	31	0
307	3	162 D	E	0	0	28	0
308	3	163 D	L	0	0	28	0
309	3	164 D	L	0	0	23	0
310	3	165 D	L	0	0	15	0
311	3	166 D	L	0	0	19	0
312	3	167 D	L	0	0	6	0
313	3	168 D	L	0	0	16	0
314	3	169 D	L	0	0	7	0
315	3	170 D	L	0	0	5	0
316	3	171 D	L	0	0	13	0
317	3	172 D	L	0	0	10	0
318	3	173 D	L	0	0	15	2
319	3	174 D	L	0	0	9	3
320	3	175 D	L	0	0	13	3
321	3	176 D	H	0	0	24	1
322	3	177 D	H	2	0	17	5
323	3	178 D	H	0	0	17	5
324	3	179 D	H	0	0	28	2
325	3	180 D	H	0	0	28	2
326	3	181 D	H	0	0	19	7
327	3	182 D	H	0	0	17	4
328	3	183 D	H	0	0	27	1
329	3	184 D	H	0	0	26	2
330	3	185 D	H	0	0	16	7
331	3	186 D	H	0	0	20	1
332	3	187 D	H	0	0	26	0
333	3	188 D	H	0	0	23	2
334	3	189 D	H	0	0	15	3
335	3	190 D	H	0	0	20	0
336	3	191 D	H	0	0	23	0
337	3	192 D	H	0	0	14	3
338	3	193 D	H	0	0	12	0
339	3	194 D	L	0	0	15	0
340	3	195 D	L	0	0	12	0
341	3	196 D	L	0	0	22	0
342	3	197 D	L	0	0	13	8
343	3	198 D	H	0	0	11	13
344	3	199 D	H	0	0	8	15
345	3	200 D	H	0	0	19	3
346	3	201 D	E	0	0	16	3
347	3	202 D	E	0	0	15	4
348	3	203 D	E	0	0	21	5
349	3	204 D	E	0	0	18	2
350	3	205 D	E	0	0	21	5
351	3	206 D	L	1	0	18	0
352	3	207 D	L	1	0	23	1
353	3	208 D	L	1	0	20	0
354	3	209 D	L	6	0	13	0
355	3	210 D	L	2	1	11	0
356	3	211 D	L	0	0	20	0
357	3	212 D	L	0	1	12	0
358	3	213 D	L	0	0	13	0
359	3	214 D	L	0	0	11	0
360	3	215 D	L	0	0	14	0
361	3	216 D	L	0	0	10	0
362	3	217 D	L	0	0	10	0
363	3	218 D	H	0	0	10	0
364	3	219 D	H	0	0	8	0
365	3	220 D	H	0	0	14	0
366	3	221 D	H	0	0	20	0
367	3	222 D	H	0	0	17	0
368	3	223 D	H	0	0	18	0
369	3	224 D	H	0	0	26	0
370	3	225 D	L	0	0	27	0
371	3	226 D	E	0	0	22	0
372	3	227 D	E	0	0	26	0
373	3	228 D	E	0	4	19	0
374	3	229 D	E	0	3	18	0
375	3	230 D	E	0	10	12	0
376	3	231 D	E	0	9	15	0
377	3	232 D	E	0	6	12	0
378	3	233 D	E	0	7	18	0
379	3	234 D	E	0	8	9	0
380	3	235 D	H	0	14	6	0
381	3	236 D	H	0	6	9	0
382	3	237 D	H	0	2	16	0
383	3	238 D	H	0	9	12	0
384	3	239 D	H	0	7	10	0
385	3	240 D	H	0	0	14	0
386	3	241 D	H	0	7	17	0
387	3	242 D	H	0	6	12	0
388	3	243 D	H	0	1	11	0
389	3	244 D	H	0	0	17	0
390	3	245 D	H	0	4	17	0
391	3	246 D	H	0	1	9	0
392	3	247 D	H	0	0	10	0
393	3	248 D	H	0	1	13	0
394	3	249 D	H	0	1	12	0
395	3	250 D	L	0	1	9	0
396	4	119 E	L	3	0	0	7
397	4	120 E	L	4	0	0	14
398	4	121 E	L	1	0	0	11
399	4	122 E	L	1	0	0	17
400	4	123 E	E	0	0	0	25
401	4	124 E	E	0	0	0	15
402	4	125 E	L	0	0	0	24
403	4	126 E	L	0	0	0	14
404	4	127 E	L	0	0	0	9
405	4	128 E	L	0	0	0	21
406	4	129 E	L	0	0	0	19
407	4	130 E	L	0	0	0	15
408	4	131 E	L	0	0	1	22
409	4	132 E	L	0	0	0	11
410	4	133 E	L	0	0	0	19
411	4	134 E	L	0	0	0	14
412	4	135 E	H	0	0	0	7
413	4	136 E	H	0	0	0	11
414	4	137 E	H	0	0	0	18
415	4	138 E	H	0	0	0	14
416	4	139 E	H	0	0	0	10
417	4	140 E	H	0	0	0	18
418	4	141 E	H	0	0	0	25
419	4	142 E	H	0	0	0	15
420	4	143 E	H	0	0	0	13
421	4	144 E	H	1	0	0	21
422	4	145 E	H	0	0	0	18
423	4	146 E	H	0	0	0	14
424	4	147 E	H	1	0	0	18
425	4	148 E	H	0	0	0	22
426	4	149 E	H	0	0	0	13
427	4	150 E	H	0	0	0	14
428	4	151 E	L	0	0	0	19
429	4	152 E	L	0	0	0	15
430	4	153 E	L	0	0	4	9
431	4	154 E	L	3	0	0	11
432	4	155 E	L	1	0	0	18
433	4	156 E	E	2	0	0	16
434	4	157 E	E	0	0	0	22
435	4	158 E	E	2	0	0	17
436	4	159 E	E	0	0	0	24
437	4	160 E	E	1	0	0	22
438	4	161 E	E	0	0	0	31
439	4	162 E	E	0	0	0	26
440	4	163 E	L	0	0	0	28
441	4	164 E	L	0	0	0	20
442	4	165 E	L	0	0	0	14
443	4	166 E	L	0	0	0	14
444	4	167 E	L	0	0	0	6
445	4	168 E	L	0	0	0	15
446	4	169 E	L	0	0	0	7
447	4	170 E	L	0	0	0	5
448	4	171 E	L	0	0	0	12
449	4	172 E	L	0	0	0	10
450	4	173 E	L	0	0	2	16
451	4	174 E	L	0	0	3	9
452	4	175 E	L	0	0	3	13
453	4	176 E	H	0	0	0	24
454	4	177 E	H	0	2	4	16
455	4	178 E	H	0	0	5	17
456	4	179 E	H	0	0	1	27
457	4	180 E	H	0	0	2	26
458	4	181 E	H	0	0	5	19
459	4	182 E	H	0	0	4	17
460	4	183 E	H	0	0	1	27
461	4	184 E	H	0	0	2	26
462	4	185 E	H	0	0	8	16
463	4	186 E	H	0	0	1	20
464	4	187 E	H	0	0	0	27
465	4	188 E	H	0	0	2	23
466	4	189 E	H	0	0	4	15
467	4	190 E	H	0	0	0	20
468	4	191 E	H	0	0	0	24
469	4	192 E	H	0	0	4	14
470	4	193 E	H	0	0	0	12
471	4	194 E	L	0	0	0	15
472	4	195 E	L	0	0	0	13
473	4	196 E	L	0	0	0	22
474	4	197 E	L	0	0	9	13
475	4	198 E	H	0	0	14	11
476	4	199 E	H	0	0	16	8
477	4	200 E	H	0	0	4	19
478	4	201 E	E	0	0	4	18
479	4	202 E	E	0	0	4	15
480	4	203 E	E	0	0	5	21
481	4	204 E	E	0	0	2	18
482	4	205 E	E	0	0	2	20
483	4	206 E	L	0	1	0	18
484	4	207 E	L	0	1	1	23
485	4	208 E	L	0	1	0	18
486	4	209 E	L	0	5	0	12
487	4	210 E	L	1	1	0	11
488	4	211 E	L	0	0	0	17
489	4	212 E	L	0	0	0	13
490	4	213 E	L	0	0	0	11
491	4	214 E	L	0	0	0	10
492	4	215 E	L	0	0	0	18
493	4	216 E	L	0	0	0	8
494	4	217 E	L	0	0	0	10
495	4	218 E	H	0	0	0	9
496	4	219 E	H	0	0	0	8
497	4	220 E	H	0	0	0	14
498	4	221 E	H	0	0	0	19
499	4	222 E	H	0	0	0	16
500	4	223 E	H	0	0	0	18
501	4	224 E	H	0	0	0	22
502	4	225 E	L	0	0	0	26
503	4	226 E	E	0	0	0	20
504	4	227 E	E	0	0	0	26
505	4	228 E	E	4	0	0	19
506	4	229 E	E	2	0	0	20
507	4	230 E	E	10	0	0	12
508	4	231 E	E	9	0	0	15
509	4	232 E	E	6	0	0	13
510	4	233 E	E	7	0	0	18
511	4	234 E	E	8	0	0	10
512	4	235 E	H	14	0	0	6
513	4	236 E	H	4	0	0	9
514	4	237 E	H	2	0	0	16
515	4	238 E	H	10	0	0	13
516	4	239 E	H	6	0	0	12
517	4	240 E	H	0	0	0	14
518	4	241 E	H	6	0	0	17
519	4	242 E	H	7	0	0	11
520	4	243 E	H	1	0	0	10
521	4	244 E	H	0	0	0	16
522	4	245 E	H	4	0	0	16
523	4	246 E	H	2	0	0	10
524	4	247 E	H	0	0	0	10
525	4	248 E	H	0	0	0	14
526	4	249 E	H	1	0	0	10
527	4	250 E	L	0	0	0	6

