Rows are residues, columns are chains, data are neighbors in that chain for each residue
residue	chain	PDBdata	DSSP	1	2
1	1	1 A	L	6	4
2	1	2 A	E	4	4
3	1	3 A	E	12	5
4	1	4 A	L	6	7
5	1	5 A	L	9	13
6	1	6 A	L	6	2
7	1	7 A	L	7	2
8	1	8 A	L	10	5
9	1	9 A	L	15	5
10	1	10 A	E	14	1
11	1	11 A	E	18	1
12	1	12 A	E	12	0
13	1	13 A	E	24	0
14	1	14 A	E	15	0
15	1	15 A	E	20	0
16	1	16 A	L	17	0
17	1	17 A	L	9	0
18	1	18 A	E	10	0
19	1	19 A	E	10	0
20	1	20 A	E	16	0
21	1	21 A	E	11	0
22	1	22 A	E	24	0
23	1	23 A	E	17	3
24	1	24 A	E	22	4
25	1	25 A	L	18	5
26	1	26 A	L	12	16
27	1	27 A	L	11	13
28	1	28 A	L	20	7
29	1	29 A	L	13	3
30	1	30 A	L	18	0
31	1	31 A	L	27	0
32	1	32 A	E	23	1
33	1	33 A	E	26	0
34	1	34 A	L	14	0
35	1	35 A	L	10	0
36	1	36 A	L	15	0
37	1	37 A	L	10	0
38	1	38 A	L	14	0
39	1	39 A	L	9	0
40	1	40 A	L	9	0
41	1	41 A	L	9	0
42	1	42 A	E	15	0
43	1	43 A	E	9	0
44	1	44 A	E	8	0
45	1	45 A	E	14	0
46	1	46 A	E	9	0
47	1	47 A	E	17	2
48	1	48 A	E	9	4
49	1	49 A	E	10	9
50	1	50 A	L	4	19
51	1	51 A	L	6	11
52	1	52 A	E	8	9
53	1	53 A	E	9	4
54	1	54 A	E	16	4
55	1	55 A	E	11	0
56	1	56 A	E	22	1
57	1	57 A	E	18	0
58	1	58 A	E	15	0
59	1	59 A	E	20	0
60	1	60 A	E	12	0
61	1	61 A	E	10	0
62	1	62 A	E	20	0
63	1	63 A	E	14	0
64	1	64 A	E	23	0
65	1	65 A	E	17	0
66	1	66 A	E	22	1
67	1	67 A	L	16	1
68	1	68 A	L	12	0
69	1	69 A	E	15	1
70	1	70 A	E	11	0
71	1	71 A	E	20	0
72	1	72 A	E	13	0
73	1	73 A	E	15	0
74	1	74 A	E	15	0
75	1	75 A	E	27	0
76	1	76 A	E	24	0
77	1	77 A	E	20	0
78	1	78 A	L	15	1
79	1	79 A	L	10	3
80	1	80 A	L	18	3
81	1	81 A	L	7	5
82	1	82 A	L	13	4
83	1	83 A	L	19	0
84	1	84 A	E	18	2
85	1	85 A	E	27	2
86	1	86 A	L	22	3
87	1	87 A	H	15	6
88	1	88 A	H	17	2
89	1	89 A	H	26	1
90	1	90 A	H	20	6
91	1	91 A	L	11	4
92	1	92 A	L	15	2
93	1	93 A	L	16	1
94	1	94 A	L	9	4
95	1	95 A	L	20	7
96	1	96 A	E	7	10
97	1	97 A	E	7	14
98	1	98 A	E	5	8
99	1	99 A	L	3	14
100	2	1 B	L	4	7
101	2	2 B	L	4	4
102	2	3 B	E	6	11
103	2	4 B	L	7	7
104	2	5 B	L	15	8
105	2	6 B	L	4	5
106	2	7 B	L	3	7
107	2	8 B	L	4	11
108	2	9 B	L	5	17
109	2	10 B	E	0	14
110	2	11 B	E	1	20
111	2	12 B	E	0	12
112	2	13 B	E	0	23
113	2	14 B	E	0	15
114	2	15 B	E	0	20
115	2	16 B	L	0	15
116	2	17 B	L	0	9
117	2	18 B	E	0	9
118	2	19 B	E	0	10
119	2	20 B	E	0	16
120	2	21 B	E	0	11
121	2	22 B	E	0	24
122	2	23 B	E	3	16
123	2	24 B	E	4	21
124	2	25 B	L	4	19
125	2	26 B	L	15	12
126	2	27 B	L	14	10
127	2	28 B	L	7	20
128	2	29 B	L	3	10
129	2	30 B	L	1	18
130	2	31 B	L	0	28
131	2	32 B	E	1	25
132	2	33 B	E	0	23
133	2	34 B	L	0	13
134	2	35 B	L	0	10
135	2	36 B	L	0	15
136	2	37 B	L	0	7
137	2	38 B	L	0	15
138	2	39 B	L	0	10
139	2	40 B	L	0	8
140	2	41 B	L	0	9
141	2	42 B	L	0	15
142	2	43 B	E	0	10
143	2	44 B	E	0	8
144	2	45 B	E	0	16
145	2	46 B	E	0	9
146	2	47 B	E	2	17
147	2	48 B	E	4	8
148	2	49 B	E	8	9
149	2	50 B	L	17	4
150	2	51 B	L	11	6
151	2	52 B	E	8	8
152	2	53 B	E	3	9
153	2	54 B	E	4	16
154	2	55 B	E	0	11
155	2	56 B	E	1	22
156	2	57 B	E	0	16
157	2	58 B	E	0	15
158	2	59 B	E	0	19
159	2	60 B	E	0	12
160	2	61 B	E	0	10
161	2	62 B	E	0	19
162	2	63 B	E	0	14
163	2	64 B	E	0	25
164	2	65 B	E	0	18
165	2	66 B	E	1	22
166	2	67 B	L	1	17
167	2	68 B	L	0	11
168	2	69 B	E	1	15
169	2	70 B	E	0	11
170	2	71 B	E	0	22
171	2	72 B	E	0	12
172	2	73 B	E	0	14
173	2	74 B	E	0	16
174	2	75 B	E	0	26
175	2	76 B	E	1	22
176	2	77 B	E	0	20
177	2	78 B	L	1	15
178	2	79 B	L	3	10
179	2	80 B	L	4	18
180	2	81 B	L	6	8
181	2	82 B	L	4	13
182	2	83 B	L	0	19
183	2	84 B	E	4	18
184	2	85 B	E	2	29
185	2	86 B	L	3	21
186	2	87 B	H	6	15
187	2	88 B	H	1	16
188	2	89 B	H	1	26
189	2	90 B	H	5	21
190	2	91 B	H	4	11
191	2	92 B	H	1	17
192	2	93 B	H	1	17
193	2	94 B	L	4	9
194	2	95 B	L	6	20
195	2	96 B	E	10	7
196	2	97 B	E	15	7
197	2	98 B	E	8	5
198	2	99 B	L	13	2

