Rows are residues, columns are chains, data are neighbors in that chain for each residue
residue	chain	PDBdata	DSSP	1	2
1	1	4 A	L	3	6
2	1	5 A	L	3	2
3	1	6 A	L	5	6
4	1	7 A	L	6	10
5	1	8 A	E	4	4
6	1	9 A	E	5	7
7	1	10 A	E	8	5
8	1	11 A	E	9	5
9	1	12 A	H	10	8
10	1	13 A	H	13	6
11	1	14 A	H	9	1
12	1	15 A	H	11	5
13	1	16 A	H	17	3
14	1	17 A	H	20	0
15	1	18 A	H	11	0
16	1	19 A	H	13	3
17	1	20 A	H	22	1
18	1	21 A	H	18	0
19	1	22 A	H	10	0
20	1	23 A	H	11	1
21	1	24 A	H	18	0
22	1	25 A	L	13	0
23	1	26 A	L	22	0
24	1	27 A	L	12	0
25	1	28 A	H	9	0
26	1	29 A	H	8	0
27	1	30 A	H	19	0
28	1	31 A	H	18	0
29	1	32 A	H	11	0
30	1	33 A	H	14	0
31	1	34 A	H	20	0
32	1	35 A	H	12	2
33	1	36 A	H	10	3
34	1	37 A	L	14	3
35	1	38 A	L	12	2
36	1	39 A	L	18	0
37	1	40 A	L	11	0
38	1	41 A	L	13	0
39	1	42 A	L	14	0
40	1	43 A	H	16	0
41	1	44 A	H	14	0
42	1	45 A	H	24	0
43	1	46 A	H	25	0
44	1	47 A	H	22	0
45	1	48 A	H	25	0
46	1	49 A	H	22	0
47	1	50 A	H	25	0
48	1	51 A	H	20	0
49	1	52 A	H	22	0
50	1	53 A	H	23	0
51	1	54 A	H	18	1
52	1	55 A	H	17	4
53	1	56 A	H	15	9
54	1	57 A	L	10	10
55	1	58 A	L	17	3
56	1	59 A	E	24	0
57	1	60 A	L	12	1
58	1	61 A	L	8	0
59	1	62 A	L	8	0
60	1	63 A	L	21	0
61	1	64 A	L	13	0
62	1	65 A	E	18	0
63	1	66 A	L	14	2
64	1	67 A	H	15	0
65	1	68 A	H	6	1
66	1	69 A	H	13	6
67	1	70 A	H	17	2
68	1	71 A	H	13	1
69	1	72 A	H	10	7
70	1	73 A	H	12	8
71	1	74 A	L	15	5
72	1	75 A	L	9	8
73	1	76 A	H	6	2
74	1	77 A	H	9	2
75	1	78 A	H	15	4
76	1	79 A	H	11	0
77	1	80 A	H	9	0
78	1	81 A	H	14	0
79	1	82 A	H	21	0
80	1	83 A	H	12	0
81	1	84 A	H	11	0
82	1	85 A	H	18	0
83	1	86 A	H	19	0
84	1	87 A	H	12	0
85	1	88 A	H	11	0
86	1	89 A	H	20	0
87	1	90 A	L	15	0
88	1	91 A	L	12	0
89	1	92 A	L	18	0
90	1	93 A	L	12	0
91	1	94 A	L	13	0
92	1	95 A	L	10	0
93	1	96 A	L	13	0
94	1	97 A	H	19	0
95	1	98 A	H	22	0
96	1	99 A	H	19	0
97	1	100 A	H	21	0
98	1	101 A	H	27	0
99	1	102 A	H	23	0
100	1	103 A	H	18	0
101	1	104 A	H	24	0
102	1	105 A	H	20	0
103	1	106 A	H	13	0
104	1	107 A	H	18	0
105	1	108 A	H	19	1
106	1	109 A	H	17	1
107	1	110 A	H	11	0
108	1	111 A	H	16	0
109	1	112 A	L	16	2
110	1	113 A	L	8	3
111	1	114 A	L	6	4
112	1	115 A	E	15	4
113	1	116 A	E	15	5
114	1	117 A	E	11	8
115	1	118 A	E	11	6
116	1	119 A	L	15	3
117	2	5 B	L	2	3
118	2	6 B	L	6	4
119	2	7 B	L	11	5
120	2	8 B	E	6	5
121	2	9 B	E	7	5
122	2	10 B	E	9	8
123	2	11 B	E	6	9
124	2	12 B	H	12	9
125	2	13 B	H	8	12
126	2	14 B	H	3	9
127	2	15 B	H	7	11
128	2	16 B	H	4	16
129	2	17 B	H	0	19
130	2	18 B	H	1	11
131	2	19 B	H	3	13
132	2	20 B	H	0	21
133	2	21 B	H	0	19
134	2	22 B	H	0	11
135	2	23 B	H	0	11
136	2	24 B	H	0	19
137	2	25 B	L	0	13
138	2	26 B	L	0	23
139	2	27 B	L	0	12
140	2	28 B	H	0	10
141	2	29 B	H	0	8
142	2	30 B	H	0	20
143	2	31 B	H	0	17
144	2	32 B	H	0	11
145	2	33 B	H	0	14
146	2	34 B	H	0	19
147	2	35 B	H	2	12
148	2	36 B	H	3	9
149	2	37 B	L	4	13
150	2	38 B	L	3	12
151	2	39 B	L	1	19
152	2	40 B	L	0	12
153	2	41 B	L	0	13
154	2	42 B	L	0	13
155	2	43 B	H	0	16
156	2	44 B	H	0	14
157	2	45 B	H	0	24
158	2	46 B	H	0	26
159	2	47 B	H	0	21
160	2	48 B	H	0	25
161	2	49 B	H	0	26
162	2	50 B	H	0	25
163	2	51 B	H	0	23
164	2	52 B	H	0	24
165	2	53 B	H	0	23
166	2	54 B	H	1	17
167	2	55 B	H	4	17
168	2	56 B	L	7	16
169	2	57 B	L	10	10
170	2	58 B	L	3	20
171	2	59 B	E	0	24
172	2	60 B	L	0	12
173	2	61 B	L	0	7
174	2	62 B	L	0	9
175	2	63 B	L	0	24
176	2	64 B	L	0	14
177	2	65 B	E	0	20
178	2	66 B	L	2	14
179	2	67 B	H	0	15
180	2	68 B	H	1	7
181	2	69 B	H	4	13
182	2	70 B	H	1	19
183	2	71 B	H	1	14
184	2	72 B	H	5	14
185	2	73 B	H	6	12
186	2	74 B	L	4	13
187	2	75 B	L	7	8
188	2	76 B	H	1	7
189	2	77 B	H	1	7
190	2	78 B	H	2	16
191	2	79 B	H	0	12
192	2	80 B	H	0	9
193	2	81 B	H	0	13
194	2	82 B	H	0	19
195	2	83 B	H	0	13
196	2	84 B	H	0	12
197	2	85 B	H	0	19
198	2	86 B	H	0	18
199	2	87 B	H	0	12
200	2	88 B	H	0	12
201	2	89 B	H	0	20
202	2	90 B	L	0	15
203	2	91 B	L	0	12
204	2	92 B	L	0	19
205	2	93 B	L	0	12
206	2	94 B	L	0	13
207	2	95 B	L	0	10
208	2	96 B	L	0	14
209	2	97 B	H	0	23
210	2	98 B	H	0	22
211	2	99 B	H	0	18
212	2	100 B	H	0	22
213	2	101 B	H	0	25
214	2	102 B	H	0	25
215	2	103 B	H	0	19
216	2	104 B	H	0	25
217	2	105 B	H	0	21
218	2	106 B	H	0	15
219	2	107 B	H	0	18
220	2	108 B	H	0	21
221	2	109 B	H	2	16
222	2	110 B	H	1	12
223	2	111 B	H	0	14
224	2	112 B	L	1	17
225	2	113 B	L	4	8
226	2	114 B	L	4	4
227	2	115 B	E	4	10
228	2	116 B	E	5	15
229	2	117 B	E	7	10
230	2	118 B	E	6	9
231	2	119 B	L	4	13

