SCORE:     score     fa_atr     fa_rep    fa_intra_rep    lk_nonpolar    fa_elec_rna_phos_phos    ch_bond    rna_torsion    rna_sugar_close    hbond_sr_bb_sc    hbond_lr_bb_sc    hbond_sc    geom_sol    atom_pair_constraint    coordinate_constraint    linear_chainbreak    N_BS    N_NWC    N_WC    f_natBP    f_natNWC    f_natWC    rms    rms_init    rms_stem    silent_score description
SCORE:  -708.019   -426.222     45.208           3.623         69.376                    0.909   -206.894          8.667             12.754             0.000             0.000    -614.459     355.851                  41.658                    0.000                1.510 171.000   18.000  50.000      0.619       0.083      0.949  7.933      10.901       7.490        -708.017   c.0.0.pdb
SCORE:  -713.809   -415.445     54.221           4.358         71.746                   -0.547   -205.943          9.102             12.154            -0.210           -13.854    -639.311     374.079                  33.352                    0.000                2.489 158.000   14.000  45.000      0.619       0.083      0.949 10.803      12.190       9.803        -713.808   c.0.1.pdb
SCORE:  -718.433   -411.294     51.099           3.644         67.014                   -1.954   -214.230         11.014             13.431             0.000            -9.100    -625.274     360.023                  35.044                    0.000                2.150 160.000   15.000  44.000      0.603       0.042      0.949  9.591       9.265       8.332        -718.433   c.0.2.pdb
SCORE:  -721.071   -418.959     55.274           7.841         70.831                    2.018   -207.391          9.496             13.018             0.000            -4.585    -655.041     371.901                  33.099                    0.000                1.427 168.000   19.000  48.000      0.635       0.125      0.949 11.617      13.452      10.767        -721.071   c.0.3.pdb
SCORE:  -716.272   -405.039     42.507           3.583         70.791                    2.454   -195.297          9.906             14.166             0.000           -13.615    -640.668     365.953                  28.599                    0.000                0.388 153.000   13.000  47.000      0.603       0.042      0.949  9.647      13.838       8.879        -716.272   c.0.4.pdb
SCORE:  -750.116   -424.532     47.315           5.058         69.638                    0.033   -205.255         10.958             16.840             0.000            -9.358    -683.533     382.602                  31.596                    0.000                8.522 171.000   21.000  45.000      0.651       0.167      0.949  8.853      10.186       8.156        -750.115   c.0.5.pdb
SCORE:  -709.972   -407.421     39.928           3.556         67.511                    1.636   -203.561          8.948             12.946             0.000           -12.382    -643.487     376.164                  41.332                    0.000                4.858 166.000   19.000  44.000      0.603       0.042      0.949 11.190      12.669      10.882        -709.972   c.0.6.pdb
SCORE:  -715.606   -417.179     39.283           4.260         69.798                   -1.364   -208.313          8.258             15.359             0.000           -13.215    -607.921     354.559                  39.075                    0.000                1.794 173.000   20.000  43.000      0.587       0.000      0.949  9.515      11.358       8.661        -715.606   c.0.7.pdb
SCORE:  -719.016   -416.971     40.776           4.281         69.504                   -0.227   -212.259          9.005             16.032             0.000            -3.655    -617.532     354.710                  36.959                    0.000                0.361 166.000   26.000  47.000      0.603       0.042      0.949 11.273      11.108      10.754        -719.013   c.0.8.pdb
