Residue	No.correct core	No.native core	No.designed core	No.correct/ No.native core	No.correct/ No.designed core	No.correct	No.native	No.designed	No.correct/ No.native	No.correct/ No.designed	Residue	No.correct surface	No.native surface	No.designed surface	No.correct/ No.native	No.correct/ No.designed
ALA	107	175	237	0.61	0.45	208	400	546	0.52	0.38	ALA	5	40	39	0.12	0.13	
CYS	0	10	8	0.00	0.00	0	40	32	0.00	0.00	CYS	0	5	4	0.00	0.00	
ASP	32	70	103	0.46	0.31	120	390	406	0.31	0.30	ASP	25	120	90	0.21	0.28	
GLU	31	85	86	0.36	0.36	166	495	465	0.34	0.36	GLU	39	150	113	0.26	0.35	
PHE	47	95	122	0.49	0.39	108	235	261	0.46	0.41	PHE	0	15	1	0.00	0.00	
GLY	151	170	212	0.89	0.71	373	435	532	0.86	0.70	GLY	58	75	115	0.77	0.50	
HIS	42	100	154	0.42	0.27	48	195	294	0.25	0.16	HIS	5	30	11	0.17	0.45	
ILE	64	125	96	0.51	0.67	127	255	223	0.50	0.57	ILE	0	5	5	0.00	0.00	
LYS	1	50	16	0.02	0.06	96	375	277	0.26	0.35	LYS	15	85	48	0.18	0.31	
LEU	82	155	122	0.53	0.67	245	425	429	0.58	0.57	LEU	15	30	58	0.50	0.26	
MET	16	65	54	0.25	0.30	24	150	98	0.16	0.24	MET	0	15	5	0.00	0.00	
ASN	22	95	40	0.23	0.55	60	315	222	0.19	0.27	ASN	0	35	67	0.00	0.00	
PRO	21	65	33	0.32	0.64	128	275	192	0.47	0.67	PRO	35	70	62	0.50	0.56	
GLN	21	65	48	0.32	0.44	53	275	196	0.19	0.27	GLN	5	40	37	0.12	0.14	
ARG	10	75	58	0.13	0.17	78	365	376	0.21	0.21	ARG	1	75	36	0.01	0.03	
SER	137	225	319	0.61	0.43	213	465	604	0.46	0.35	SER	20	45	99	0.44	0.20	
THR	39	85	131	0.46	0.30	108	265	350	0.41	0.31	THR	18	45	63	0.40	0.29	
VAL	69	155	102	0.45	0.68	132	345	225	0.38	0.59	VAL	12	40	22	0.30	0.55	
TRP	33	65	59	0.51	0.56	64	130	163	0.49	0.39	TRP	5	5	20	1.00	0.25	
TYR	27	140	70	0.19	0.39	83	325	264	0.26	0.31	TYR	5	5	35	1.00	0.14	
Total	952	2070		0.460		2434	6155		0.395		Total	263	930		0.283
