AA_TYPE	nat_ALA	nat_CYS	nat_ASP	nat_GLU	nat_PHE	nat_GLY	nat_HIS	nat_ILE	nat_LYS	nat_LEU	nat_MET	nat_ASN	nat_PRO	nat_GLN	nat_ARG	nat_SER	nat_THR	nat_VAL	nat_TRP	nat_TYR	
sub_ALA	208	8	20	33	6	7	17	2	31	13	2	10	31	14	28	78	5	19	2	12
sub_CYS	5	0	0	0	1	0	1	4	0	1	0	10	0	0	1	0	2	7	0	0
sub_ASP	10	2	120	46	0	9	22	9	15	13	6	63	10	5	20	16	11	15	0	14
sub_GLU	12	0	44	166	3	1	9	8	23	27	7	27	14	37	35	15	12	16	4	5
sub_PHE	1	0	3	5	108	3	6	0	1	2	7	8	0	11	2	2	8	13	21	60
sub_GLY	13	7	16	12	2	373	7	0	13	0	13	7	6	13	15	25	5	0	0	5
sub_HIS	6	4	20	7	30	1	48	7	13	19	16	24	4	1	13	14	6	18	8	35
sub_ILE	0	0	5	12	0	1	3	127	15	11	6	8	1	11	4	2	1	15	0	1
sub_LYS	7	1	21	29	3	4	11	0	96	9	3	5	1	7	45	8	14	8	1	4
sub_LEU	4	0	9	2	8	0	8	26	14	245	15	7	8	31	12	2	18	12	8	0
sub_MET	2	0	1	17	0	4	6	3	10	7	24	2	0	7	7	4	0	1	3	0
sub_ASN	17	2	29	28	0	10	7	2	7	2	2	60	13	6	8	12	0	0	1	16
sub_PRO	12	0	5	1	0	0	3	5	10	7	6	0	128	0	10	1	0	0	0	4
sub_GLN	10	0	6	14	2	2	1	2	36	2	0	10	1	53	35	11	6	2	0	3
sub_ARG	8	1	19	33	1	1	6	15	46	33	6	13	6	19	78	28	11	13	1	38
sub_SER	60	9	27	38	11	7	6	4	19	19	11	33	36	21	16	213	29	16	8	21
sub_THR	7	1	17	27	0	5	5	15	6	9	3	22	10	20	14	25	108	43	3	10
sub_VAL	3	5	2	8	10	3	3	18	5	3	3	3	3	1	0	1	16	132	0	6
sub_TRP	1	0	14	7	12	4	10	0	4	0	9	0	3	9	10	3	5	0	64	8
sub_TYR	14	0	12	10	38	0	16	8	11	3	11	3	0	9	12	5	8	15	6	83
