desc	energy	rmsd	ddg	sasa	p_sasa	h_sasa	unsats	hbond_energy	sc_HbondE	buried_HbondE	packstat	scvalue	(dg/sasa)	(sasa/unsat)
1a0o_chain_AB_0086	-391.215	0.795	-19.870	1066	298	768	0 	 0.093 	  	  	 0.579 	 0.765 	-0.0186 	 0.0
1a0o_chain_AB_0021	-390.086	0.791	-19.164	1054	319	735	1 	 0.101 	  	  	 0.584 	 0.733 	-0.0182 	 1054.4
1a0o_chain_AB_0027	-390.047	0.892	-19.677	1063	355	709	0 	 0.167 	  	  	 0.625 	 0.775 	-0.0185 	 0.0
1a0o_chain_AB_0087	-390.047	0.892	-19.677	1063	355	709	0 	 0.167 	  	  	 0.588 	 0.775 	-0.0185 	 0.0
1a0o_chain_AB_0040	-389.533	0.797	-19.025	1048	316	732	0 	 0.099 	  	  	 0.603 	 0.733 	-0.0182 	 0.0
1ak4_chain_AD_0014	-625.356	0.826	-27.146	1243	612	630	7 	 0.316 	  	  	 0.764 	 0.745 	-0.0218 	 177.5
1ak4_chain_AD_0070	-624.569	0.907	-25.210	1118	547	572	1 	 0.307 	  	  	 0.725 	 0.734 	-0.0225 	 1118.2
1ak4_chain_AD_0069	-623.827	1.084	-24.545	1038	449	588	1 	 0.251 	  	  	 0.695 	 0.808 	-0.0237 	 1037.6
1ak4_chain_AD_0053	-623.738	1.303	-28.596	1168	566	602	4 	 0.328 	  	  	 0.707 	 0.802 	-0.0245 	 291.9
1ak4_chain_AD_0039	-623.417	0.780	-23.696	1100	512	588	5 	 0.314 	  	  	 0.737 	 0.705 	-0.0215 	 220.0
1ay7_chain_AB_0075	-391.583	1.030	-24.733	1243	606	637	1 	 0.421 	  	  	 0.651 	 0.622 	-0.0199 	 1242.8
1ay7_chain_AB_0040	-390.675	1.317	-26.102	1359	599	760	5 	 0.362 	  	  	 0.644 	 0.672 	-0.0192 	 271.9
1ay7_chain_AB_0005	-390.273	0.852	-33.730	1331	682	649	2 	 0.409 	  	  	 0.713 	 0.736 	-0.0253 	 665.5
1ay7_chain_AB_0079	-387.802	0.991	-24.905	1234	601	633	5 	 0.305 	  	  	 0.671 	 0.654 	-0.0202 	 246.8
1ay7_chain_AB_0052	-387.364	0.848	-22.305	1104	557	547	2 	 0.406 	  	  	 0.600 	 0.621 	-0.0202 	 551.9
1eay_chain_AC_0094	-355.960	1.232	-24.144	1427	397	1029	4 	 0.052 	  	  	 0.533 	 0.711 	-0.0169 	 356.7
1eay_chain_AC_0054	-355.317	1.253	-24.559	1475	457	1018	6 	 0.102 	  	  	 0.569 	 0.746 	-0.0167 	 245.8
1eay_chain_AC_0091	-354.707	1.225	-22.250	1393	442	951	5 	 0.097 	  	  	 0.456 	 0.675 	-0.0160 	 278.7
1eay_chain_AC_0031	-354.462	1.237	-24.518	1444	392	1052	5 	 0.052 	  	  	 0.548 	 0.708 	-0.0170 	 288.8
1eay_chain_AC_0098	-354.377	1.245	-22.270	1242	369	872	3 	 0.060 	  	  	 0.543 	 0.729 	-0.0179 	 413.8
1efn_chain_AB_0001	-321.407	0.553	-22.103	1078	383	695	5 	 0.108 	  	  	 0.650 	 0.765 	-0.0205 	 215.6
1efn_chain_AB_0040	-319.905	0.580	-21.300	1129	576	554	7 	 0.410 	  	  	 0.695 	 0.768 	-0.0189 	 161.3
1efn_chain_AB_0008	-319.881	0.563	-25.850	1212	559	653	6 	 0.292 	  	  	 0.654 	 0.820 	-0.0213 	 202.0
1efn_chain_AB_0064	-319.876	0.576	-23.544	1118	409	709	5 	 0.192 	  	  	 0.707 	 0.757 	-0.0211 	 223.6
1efn_chain_AB_0055	-318.171	0.565	-28.930	1350	778	572	5 	 0.475 	  	  	 0.709 	 0.776 	-0.0214 	 270.0
1emv_chain_AB_0013	-416.795	0.579	-35.358	1382	730	651	3 	 0.538 	  	  	 0.648 	 0.693 	-0.0256 	 460.5
1emv_chain_AB_0080	-416.545	0.550	-35.631	1385	600	786	1 	 0.475 	  	  	 0.656 	 0.720 	-0.0257 	 1385.5
1emv_chain_AB_0003	-416.456	0.550	-35.169	1377	609	768	2 	 0.444 	  	  	 0.624 	 0.713 	-0.0255 	 688.5
1emv_chain_AB_0074	-415.206	0.575	-32.947	1433	587	846	2 	 0.378 	  	  	 0.659 	 0.715 	-0.0230 	 716.5
1emv_chain_AB_0060	-415.096	0.593	-34.299	1343	697	646	4 	 0.523 	  	  	 0.612 	 0.699 	-0.0255 	 335.8
1ffg_chain_AB_0044	-406.792	0.692	-17.783	1122	419	703	0 	 0.231 	  	  	 0.661 	 0.744 	-0.0159 	 0.0
1ffg_chain_AB_0037	-406.280	0.618	-16.689	1068	399	669	0 	 0.214 	  	  	 0.649 	 0.725 	-0.0156 	 0.0
1ffg_chain_AB_0013	-406.280	0.618	-16.689	1068	399	669	0 	 0.214 	  	  	 0.635 	 0.725 	-0.0156 	 0.0
1ffg_chain_AB_0024	-406.280	0.618	-16.689	1068	399	669	0 	 0.214 	  	  	 0.632 	 0.725 	-0.0156 	 0.0
1ffg_chain_AB_0016	-406.280	0.618	-16.689	1068	399	669	0 	 0.214 	  	  	 0.632 	 0.725 	-0.0156 	 0.0
1gcq_chain_BC_0046	-282.056	0.476	-23.283	1091	351	741	1 	 0.220 	  	  	 0.680 	 0.811 	-0.0213 	 1091.5
1gcq_chain_BC_0058	-281.965	0.400	-25.421	1158	387	770	1 	 0.164 	  	  	 0.735 	 0.840 	-0.0220 	 1157.7
1gcq_chain_BC_0081	-281.810	0.403	-25.266	1170	441	730	2 	 0.270 	  	  	 0.699 	 0.822 	-0.0216 	 585.2
1gcq_chain_BC_0054	-281.745	0.392	-23.259	1147	422	725	2 	 0.237 	  	  	 0.738 	 0.828 	-0.0203 	 573.4
1gcq_chain_BC_0079	-279.673	0.375	-21.254	1105	401	704	2 	 0.248 	  	  	 0.679 	 0.775 	-0.0192 	 552.5
1gpw_chain_AB_0025	-928.692	0.919	-38.449	2006	999	1006	8 	 0.381 	  	  	 0.592 	 0.642 	-0.0192 	 250.7
1gpw_chain_AB_0045	-928.194	1.072	-37.684	2037	1062	975	5 	 0.399 	  	  	 0.653 	 0.651 	-0.0185 	 407.5
1gpw_chain_AB_0026	-928.162	0.908	-39.670	1849	832	1017	5 	 0.288 	  	  	 0.610 	 0.645 	-0.0215 	 369.7
1gpw_chain_AB_0033	-927.626	1.125	-38.015	1976	975	1001	5 	 0.340 	  	  	 0.620 	 0.665 	-0.0192 	 395.3
1gpw_chain_AB_0079	-927.580	0.929	-38.820	2012	938	1074	10 	 0.282 	  	  	 0.597 	 0.637 	-0.0193 	 201.2
1j7d_chain_AB_0041	-549.741	0.773	-31.596	1542	582	959	5 	 0.150 	  	  	 0.621 	 0.750 	-0.0205 	 308.4
1j7d_chain_AB_0065	-549.737	0.878	-28.550	1372	370	1003	3 	 0.031 	  	  	 0.629 	 0.800 	-0.0208 	 457.5
1j7d_chain_AB_0045	-548.260	0.849	-25.069	1422	647	775	3 	 0.205 	  	  	 0.560 	 0.695 	-0.0176 	 473.9
1j7d_chain_AB_0060	-547.854	0.884	-28.605	1403	569	835	5 	 0.125 	  	  	 0.637 	 0.789 	-0.0204 	 280.7
1j7d_chain_AB_0066	-547.407	0.961	-24.492	1386	531	855	6 	 -0.000 	  	  	 0.615 	 0.720 	-0.0177 	 231.0
1jtd_chain_AB_0003	-1247.393	0.611	-57.631	2175	1123	1053	9 	 0.478 	  	  	 0.689 	 0.580 	-0.0265 	 241.7
1jtd_chain_AB_0037	-1243.894	0.603	-47.488	2142	1137	1004	4 	 0.371 	  	  	 0.698 	 0.618 	-0.0222 	 535.4
1jtd_chain_AB_0027	-1243.709	0.623	-49.192	2102	1192	910	5 	 0.442 	  	  	 0.702 	 0.486 	-0.0234 	 420.4
1jtd_chain_AB_0014	-1242.173	0.599	-54.721	2139	1119	1020	5 	 0.450 	  	  	 0.727 	 0.527 	-0.0256 	 427.8
1jtd_chain_AB_0022	-1241.832	0.525	-44.858	2080	1145	935	6 	 0.369 	  	  	 0.699 	 0.588 	-0.0216 	 346.7
1jtg_chain_AB_0028	-984.458	0.688	-51.354	2243	1280	964	4 	 0.570 	  	  	 0.735 	 0.514 	-0.0229 	 560.9
1jtg_chain_AB_0096	-981.653	0.655	-50.121	2651	1346	1305	11 	 0.423 	  	  	 0.738 	 0.530 	-0.0189 	 241.0
1jtg_chain_AB_0087	-981.390	0.658	-53.739	2607	1450	1158	6 	 0.490 	  	  	 0.713 	 0.529 	-0.0206 	 434.6
1jtg_chain_AB_0003	-980.883	0.754	-46.736	2429	1397	1031	13 	 0.499 	  	  	 0.692 	 0.543 	-0.0192 	 186.8
1jtg_chain_AB_0022	-977.943	0.667	-47.443	2426	1322	1105	9 	 0.392 	  	  	 0.653 	 0.542 	-0.0196 	 269.6
1lw6_chain_EI_0056	-820.396	0.674	-47.200	1591	776	815	4 	 0.422 	  	  	 0.712 	 0.696 	-0.0297 	 397.7
1lw6_chain_EI_0092	-819.473	0.538	-44.285	1507	722	785	2 	 0.393 	  	  	 0.739 	 0.695 	-0.0294 	 753.6
1lw6_chain_EI_0007	-818.145	0.541	-42.825	1430	705	725	1 	 0.377 	  	  	 0.721 	 0.756 	-0.0299 	 1430.0
1lw6_chain_EI_0008	-816.341	0.549	-44.045	1520	693	827	1 	 0.359 	  	  	 0.723 	 0.693 	-0.0290 	 1519.7
1lw6_chain_EI_0005	-816.206	0.555	-45.716	1612	810	803	3 	 0.467 	  	  	 0.712 	 0.753 	-0.0284 	 537.4
1mg9_chain_AB_0051	-439.464	2.064	-30.710	1533	686	847	5 	 0.340 	  	  	 0.664 	 0.683 	-0.0200 	 306.6
1mg9_chain_AB_0098	-438.215	1.876	-34.031	1500	668	832	4 	 0.415 	  	  	 0.692 	 0.700 	-0.0227 	 375.0
1mg9_chain_AB_0066	-436.487	1.827	-30.020	1424	599	825	4 	 0.262 	  	  	 0.648 	 0.687 	-0.0211 	 356.0
1mg9_chain_AB_0050	-436.438	1.811	-33.257	1557	666	891	6 	 0.388 	  	  	 0.639 	 0.701 	-0.0214 	 259.6
1mg9_chain_AB_0044	-436.209	1.761	-28.283	1429	640	789	3 	 0.390 	  	  	 0.618 	 0.592 	-0.0198 	 476.5
1u0s_chain_AY_0066	-440.488	0.744	-31.419	1400	606	794	2 	 0.331 	  	  	 0.564 	 0.828 	-0.0224 	 700.0
1u0s_chain_AY_0067	-439.472	0.648	-27.667	1473	439	1035	8 	 0.088 	  	  	 0.649 	 0.781 	-0.0188 	 184.2
1u0s_chain_AY_0011	-438.673	0.596	-27.657	1475	519	956	7 	 0.231 	  	  	 0.627 	 0.693 	-0.0187 	 210.7
1u0s_chain_AY_0069	-438.315	0.586	-29.089	1338	523	815	5 	 0.334 	  	  	 0.656 	 0.832 	-0.0217 	 267.6
1u0s_chain_AY_0095	-437.598	0.619	-28.643	1501	516	985	6 	 0.214 	  	  	 0.674 	 0.708 	-0.0191 	 250.2
1ugh_chain_EI_0033	-628.504	0.747	-45.056	2188	980	1208	8 	 0.307 	  	  	 0.700 	 0.646 	-0.0206 	 273.6
1ugh_chain_EI_0052	-626.051	0.883	-49.020	2448	1170	1277	11 	 0.379 	  	  	 0.689 	 0.631 	-0.0200 	 222.5
1ugh_chain_EI_0015	-622.751	0.753	-42.331	2308	865	1443	10 	 0.153 	  	  	 0.716 	 0.603 	-0.0183 	 230.8
1ugh_chain_EI_0055	-622.396	0.901	-44.536	2295	1065	1230	8 	 0.349 	  	  	 0.692 	 0.574 	-0.0194 	 286.9
1ugh_chain_EI_0064	-621.914	0.718	-43.822	2400	1025	1375	15 	 0.265 	  	  	 0.716 	 0.630 	-0.0183 	 160.0
1us7_chain_AB_0073	-97.581	1.736	-29.175	1163	582	581	4 	 0.332 	  	  	 0.680 	 0.695 	-0.0251 	 290.7
1us7_chain_AB_0080	-97.183	2.153	-26.414	1110	514	596	1 	 0.313 	  	  	 0.736 	 0.681 	-0.0238 	 1110.3
1us7_chain_AB_0045	-91.043	1.732	-28.795	1206	603	602	4 	 0.385 	  	  	 0.701 	 0.706 	-0.0239 	 301.4
1us7_chain_AB_0063	-84.867	1.521	-24.702	1081	500	581	3 	 0.371 	  	  	 0.682 	 0.645 	-0.0228 	 360.4
1us7_chain_AB_0039	-72.060	1.666	-26.481	1186	600	585	3 	 0.297 	  	  	 0.696 	 0.652 	-0.0223 	 395.3
1uug_chain_AB_0001	-685.458	0.721	-46.696	2302	969	1333	4 	 0.385 	  	  	 0.577 	 0.609 	-0.0203 	 575.6
1uug_chain_AB_0064	-683.868	0.652	-46.565	2143	976	1166	4 	 0.368 	  	  	 0.649 	 0.550 	-0.0217 	 535.6
1uug_chain_AB_0028	-683.553	0.674	-50.351	2450	953	1497	8 	 0.325 	  	  	 0.628 	 0.700 	-0.0206 	 306.2
1uug_chain_AB_0016	-682.705	0.766	-43.524	2365	972	1393	7 	 0.308 	  	  	 0.622 	 0.614 	-0.0184 	 337.8
1uug_chain_AB_0068	-681.896	0.668	-45.078	2350	912	1439	2 	 0.355 	  	  	 0.620 	 0.562 	-0.0192 	 1175.1
1v74_chain_AB_0069	-431.625	0.430	-37.723	1818	916	902	3 	 0.419 	  	  	 0.629 	 0.653 	-0.0208 	 605.9
1v74_chain_AB_0100	-428.042	0.538	-35.829	1767	875	892	2 	 0.381 	  	  	 0.688 	 0.667 	-0.0203 	 883.3
1v74_chain_AB_0041	-427.036	0.482	-35.366	1740	960	780	1 	 0.534 	  	  	 0.632 	 0.567 	-0.0203 	 1739.7
1v74_chain_AB_0059	-427.009	0.411	-35.640	1791	953	838	2 	 0.500 	  	  	 0.660 	 0.607 	-0.0199 	 895.6
1v74_chain_AB_0033	-426.992	0.460	-36.732	1777	868	909	3 	 0.410 	  	  	 0.637 	 0.655 	-0.0207 	 592.4
1zhi_chain_AB_0034	-539.980	1.694	-27.708	1206	556	650	2 	 0.371 	  	  	 0.580 	 0.685 	-0.0230 	 602.9
1zhi_chain_AB_0007	-539.571	1.467	-28.929	1227	642	585	2 	 0.395 	  	  	 0.628 	 0.740 	-0.0236 	 613.3
1zhi_chain_AB_0066	-539.513	1.614	-28.402	1207	552	656	2 	 0.407 	  	  	 0.603 	 0.686 	-0.0235 	 603.6
1zhi_chain_AB_0014	-538.742	1.194	-28.409	1243	613	630	2 	 0.408 	  	  	 0.696 	 0.736 	-0.0229 	 621.3
1zhi_chain_AB_0096	-537.391	1.659	-27.612	1191	554	638	3 	 0.375 	  	  	 0.591 	 0.683 	-0.0232 	 397.1
2gox_chain_AB_0006	-732.515	0.632	-30.970	1836	878	958	4 	 0.430 	  	  	 0.610 	 0.541 	-0.0169 	 458.9
2gox_chain_AB_0067	-731.966	0.664	-26.974	1694	959	736	2 	 0.573 	  	  	 0.555 	 0.586 	-0.0159 	 847.0
2gox_chain_AB_0004	-731.951	0.604	-28.170	1766	735	1031	3 	 0.346 	  	  	 0.585 	 0.604 	-0.0159 	 588.7
2gox_chain_AB_0091	-731.945	0.620	-28.376	1675	706	969	2 	 0.385 	  	  	 0.597 	 0.631 	-0.0169 	 837.4
2gox_chain_AB_0075	-731.848	0.665	-30.700	1755	968	787	3 	 0.501 	  	  	 0.590 	 0.541 	-0.0175 	 584.9
2hle_chain_AB_0057	-602.435	1.030	-46.652	2102	1023	1079	7 	 0.378 	  	  	 0.635 	 0.672 	-0.0222 	 300.4
2hle_chain_AB_0047	-602.303	1.082	-45.183	1976	878	1098	5 	 0.416 	  	  	 0.678 	 0.697 	-0.0229 	 395.2
2hle_chain_AB_0009	-600.982	1.173	-44.536	2047	898	1149	6 	 0.349 	  	  	 0.615 	 0.684 	-0.0218 	 341.1
2hle_chain_AB_0018	-600.817	1.349	-38.187	1870	837	1033	6 	 0.366 	  	  	 0.636 	 0.683 	-0.0204 	 311.6
2hle_chain_AB_0098	-600.754	1.164	-45.871	2143	978	1165	8 	 0.382 	  	  	 0.628 	 0.627 	-0.0214 	 267.8
2hrk_chain_AB_0067	-492.126	0.779	-25.908	1625	579	1046	6 	 0.145 	  	  	 0.519 	 0.681 	-0.0159 	 270.8
2hrk_chain_AB_0060	-491.715	0.770	-26.202	1585	578	1007	3 	 0.139 	  	  	 0.609 	 0.721 	-0.0165 	 528.2
2hrk_chain_AB_0008	-490.489	0.788	-26.327	1681	660	1021	6 	 0.173 	  	  	 0.690 	 0.668 	-0.0157 	 280.2
2hrk_chain_AB_0032	-490.166	0.751	-27.069	1591	605	986	0 	 0.197 	  	  	 0.628 	 0.748 	-0.0170 	 0.0
2hrk_chain_AB_0100	-489.900	0.758	-27.293	1650	602	1048	5 	 0.137 	  	  	 0.555 	 0.716 	-0.0165 	 330.0
2i25_chain_NL_0017	-529.761	1.406	-29.982	1277	623	653	5 	 0.325 	  	  	 0.741 	 0.738 	-0.0235 	 255.3
2i25_chain_NL_0004	-529.610	1.124	-27.942	1194	550	644	5 	 0.241 	  	  	 0.758 	 0.725 	-0.0234 	 238.8
2i25_chain_NL_0010	-528.877	1.012	-29.649	1277	611	666	5 	 0.319 	  	  	 0.759 	 0.719 	-0.0232 	 255.4
2i25_chain_NL_0066	-528.472	1.142	-30.100	1249	543	706	4 	 0.257 	  	  	 0.707 	 0.746 	-0.0241 	 312.1
2i25_chain_NL_0082	-528.272	1.076	-29.043	1234	566	668	6 	 0.274 	  	  	 0.701 	 0.718 	-0.0235 	 205.6
2oob_chain_AB_0086	-242.864	0.534	-19.280	895	265	629	1 	 0.255 	  	  	 0.593 	 0.772 	-0.0215 	 894.8
2oob_chain_AB_0067	-242.608	0.449	-18.458	868	270	598	1 	 0.221 	  	  	 0.645 	 0.789 	-0.0213 	 868.3
2oob_chain_AB_0012	-242.506	0.480	-19.960	1004	303	701	0 	 0.239 	  	  	 0.676 	 0.753 	-0.0199 	 0.0
2oob_chain_AB_0076	-242.343	0.452	-19.031	865	258	607	1 	 0.262 	  	  	 0.654 	 0.792 	-0.0220 	 864.7
2oob_chain_AB_0045	-242.343	0.452	-19.031	865	258	607	1 	 0.262 	  	  	 0.631 	 0.792 	-0.0220 	 864.7
2oul_chain_AB_0047	-737.082	1.015	-40.029	1972	873	1099	2 	 0.257 	  	  	 0.636 	 0.605 	-0.0203 	 986.0
2oul_chain_AB_0004	-734.171	1.080	-40.781	1906	919	987	4 	 0.333 	  	  	 0.674 	 0.589 	-0.0214 	 476.5
2oul_chain_AB_0087	-733.770	1.159	-39.973	1890	907	983	3 	 0.342 	  	  	 0.673 	 0.554 	-0.0212 	 629.9
2oul_chain_AB_0091	-733.625	0.958	-40.655	1868	832	1035	3 	 0.282 	  	  	 0.685 	 0.626 	-0.0218 	 622.5
2oul_chain_AB_0097	-732.829	1.012	-44.019	2085	950	1135	5 	 0.266 	  	  	 0.719 	 0.649 	-0.0211 	 416.9
2wpt_chain_AB_0059	-384.187	0.547	-38.798	1430	759	671	4 	 0.513 	  	  	 0.711 	 0.752 	-0.0271 	 357.6
2wpt_chain_AB_0047	-383.642	0.623	-31.158	1351	609	742	4 	 0.389 	  	  	 0.708 	 0.765 	-0.0231 	 337.8
2wpt_chain_AB_0026	-383.265	0.513	-37.315	1450	651	800	3 	 0.426 	  	  	 0.661 	 0.747 	-0.0257 	 483.5
2wpt_chain_AB_0063	-381.696	0.555	-34.608	1415	610	805	4 	 0.392 	  	  	 0.707 	 0.739 	-0.0245 	 353.8
2wpt_chain_AB_0056	-381.467	0.598	-35.565	1337	661	676	2 	 0.442 	  	  	 0.641 	 0.749 	-0.0266 	 668.4
3ygs_chain_CP_0025	-346.730	0.881	-23.236	1135	585	549	7 	 0.314 	  	  	 0.688 	 0.749 	-0.0205 	 162.1
3ygs_chain_CP_0063	-346.365	0.872	-21.262	1024	522	502	3 	 0.300 	  	  	 0.641 	 0.644 	-0.0208 	 341.2
3ygs_chain_CP_0082	-346.365	0.872	-21.262	1024	522	502	3 	 0.300 	  	  	 0.545 	 0.644 	-0.0208 	 341.2
3ygs_chain_CP_0031	-345.833	0.900	-22.451	1105	583	521	1 	 0.289 	  	  	 0.639 	 0.668 	-0.0203 	 1104.6
3ygs_chain_CP_0061	-345.188	0.871	-21.020	988	526	462	1 	 0.304 	  	  	 0.572 	 0.638 	-0.0213 	 988.3
