Rows are residues, columns are chains, data are neighbors in that chain for each residue
residue	chain	PDBdata	DSSP	1	2	3
1	1	36 A	L	6	0	0
2	1	37 A	L	5	0	0
3	1	38 A	H	6	0	0
4	1	39 A	H	6	0	0
5	1	40 A	H	7	0	0
6	1	41 A	L	7	0	0
7	1	42 A	L	7	0	0
8	1	43 A	L	7	0	0
9	1	44 A	L	13	0	0
10	1	45 A	L	12	0	0
11	1	46 A	L	16	0	0
12	1	47 A	H	24	0	0
13	1	48 A	H	21	0	0
14	1	49 A	H	16	0	0
15	1	50 A	L	17	0	0
16	1	51 A	E	11	0	0
17	1	52 A	E	20	0	0
18	1	53 A	E	15	0	0
19	1	54 A	E	15	0	0
20	1	55 A	L	22	0	0
21	1	56 A	L	10	0	0
22	1	57 A	L	13	0	0
23	1	58 A	L	9	0	0
24	1	59 A	E	9	0	0
25	1	60 A	E	17	0	0
26	1	61 A	E	12	0	0
27	1	62 A	H	21	0	0
28	1	63 A	H	12	0	0
29	1	64 A	H	11	0	0
30	1	65 A	H	19	0	0
31	1	66 A	L	15	0	0
32	1	67 A	L	17	0	0
33	1	68 A	L	22	0	0
34	1	69 A	E	25	0	0
35	1	70 A	E	26	0	0
36	1	71 A	E	24	0	0
37	1	72 A	E	24	0	0
38	1	73 A	E	23	0	0
39	1	74 A	E	25	0	0
40	1	75 A	E	26	0	0
41	1	76 A	L	25	0	0
42	1	77 A	L	18	1	0
43	1	78 A	L	14	6	0
44	1	79 A	L	19	4	1
45	1	80 A	L	11	12	1
46	1	81 A	L	16	2	1
47	1	82 A	H	20	3	0
48	1	83 A	H	11	8	0
49	1	84 A	H	14	5	0
50	1	85 A	H	20	0	0
51	1	86 A	H	23	1	0
52	1	87 A	H	13	2	0
53	1	88 A	H	18	0	0
54	1	89 A	H	24	0	0
55	1	90 A	H	17	0	0
56	1	91 A	H	12	0	0
57	1	92 A	H	20	0	0
58	1	93 A	H	20	0	0
59	1	94 A	H	14	0	0
60	1	95 A	H	12	0	0
61	1	96 A	H	23	0	0
62	1	97 A	L	17	0	0
63	1	98 A	L	13	0	0
64	1	99 A	L	11	0	0
65	1	100 A	L	19	0	0
66	1	101 A	E	21	0	0
67	1	102 A	E	22	0	0
68	1	103 A	E	26	0	0
69	1	104 A	E	22	0	0
70	1	105 A	E	25	0	0
71	1	106 A	E	23	0	0
72	1	107 A	E	26	0	0
73	1	108 A	E	23	0	0
74	1	109 A	L	19	0	0
75	1	110 A	L	19	0	1
76	1	111 A	L	20	0	4
77	1	112 A	L	12	2	7
78	1	113 A	L	10	2	3
79	1	114 A	L	21	1	1
80	1	115 A	L	26	0	0
81	1	116 A	L	13	2	0
82	1	117 A	L	15	0	0
83	1	118 A	L	13	0	0
84	1	119 A	H	18	0	0
85	1	120 A	H	15	0	0
86	1	121 A	H	16	0	0
87	1	122 A	H	23	0	0
88	1	123 A	H	22	0	0
89	1	124 A	H	13	0	0
90	1	125 A	H	19	1	0
91	1	126 A	H	23	0	0
92	1	127 A	H	13	0	0
93	1	128 A	H	10	1	0
94	1	129 A	H	13	3	0
95	1	130 A	H	17	1	0
96	1	131 A	L	10	0	0
97	1	132 A	L	20	0	0
98	1	133 A	L	14	0	0
99	1	134 A	L	23	0	0
100	1	135 A	L	21	0	0
101	1	136 A	E	22	0	0
102	1	137 A	E	24	0	0
103	1	138 A	L	21	0	0
104	1	139 A	L	25	0	0
105	1	140 A	E	22	0	0
106	1	141 A	L	15	0	0
107	1	142 A	L	20	0	0
108	1	143 A	L	15	0	0
109	1	144 A	L	9	0	0
110	1	145 A	L	5	0	0
111	1	146 A	L	9	0	0
112	1	147 A	L	15	0	0
113	1	148 A	L	21	0	0
114	1	149 A	H	13	0	0
115	1	150 A	H	20	0	0
116	1	151 A	H	25	0	0
117	1	152 A	H	18	0	0
118	1	153 A	H	23	0	0
119	1	154 A	H	24	0	0
120	1	155 A	H	19	0	0
121	1	156 A	H	12	0	0
122	1	157 A	H	18	0	0
123	1	158 A	H	15	0	0
124	1	159 A	L	8	0	0
125	1	160 A	L	15	0	1
126	1	161 A	L	14	0	2
127	1	162 A	L	23	0	1
128	1	163 A	L	10	0	12
129	1	164 A	L	17	0	7
130	1	165 A	L	25	0	1
131	1	166 A	L	25	0	1
132	1	167 A	L	24	0	1
133	1	168 A	E	22	0	0
134	1	169 A	E	24	0	0
135	1	170 A	E	20	0	0
136	1	171 A	E	27	0	0
137	1	172 A	L	19	0	0
138	1	173 A	L	19	0	0
139	1	174 A	L	12	0	0
140	1	175 A	L	21	0	0
141	1	176 A	L	14	0	0
142	1	177 A	E	21	0	0
143	1	178 A	E	15	0	0
144	1	179 A	E	15	0	0
145	1	180 A	E	18	0	0
146	1	181 A	E	19	0	0
147	1	182 A	L	12	0	3
148	1	183 A	L	19	0	3
149	1	184 A	L	8	0	4
150	1	185 A	L	13	0	0
151	1	186 A	L	10	0	0
152	1	187 A	H	17	0	0
153	1	188 A	H	7	0	0
154	1	189 A	H	9	0	0
155	1	190 A	H	18	0	0
156	1	191 A	H	15	0	0
157	1	192 A	H	10	0	0
158	1	193 A	H	16	0	0
159	1	194 A	H	23	0	0
160	1	195 A	H	14	0	0
161	1	196 A	H	10	0	0
162	1	197 A	H	22	0	0
163	1	198 A	H	19	0	0
164	1	199 A	H	13	0	0
165	1	200 A	H	13	0	0
166	1	201 A	H	18	0	0
167	1	202 A	H	12	0	0
168	1	203 A	H	10	0	0
169	1	204 A	H	12	0	0
170	1	205 A	H	12	0	0
171	1	206 A	H	7	0	0
172	1	207 A	H	7	0	0
173	1	208 A	L	6	0	0
174	1	209 A	L	2	0	0
175	2	37 B	L	0	4	0
176	2	38 B	H	0	5	0
177	2	39 B	H	0	6	0
178	2	40 B	H	0	6	0
179	2	41 B	L	0	6	0
180	2	42 B	L	0	7	0
181	2	43 B	L	0	7	0
182	2	44 B	L	0	14	0
183	2	45 B	L	0	12	0
184	2	46 B	L	0	16	0
185	2	47 B	H	0	24	0
186	2	48 B	H	0	22	0
187	2	49 B	H	0	16	0
188	2	50 B	L	0	17	0
189	2	51 B	E	0	11	0
190	2	52 B	E	0	20	0
191	2	53 B	E	0	16	0
192	2	54 B	E	0	15	0
193	2	55 B	L	0	22	0
194	2	56 B	L	0	10	0
195	2	57 B	L	0	13	0
196	2	58 B	L	0	9	0
197	2	59 B	E	0	9	0
198	2	60 B	E	0	17	0
199	2	61 B	E	0	12	0
200	2	62 B	H	0	21	0
201	2	63 B	H	0	12	0
202	2	64 B	H	0	11	0
203	2	65 B	H	0	19	0
204	2	66 B	L	0	15	0
205	2	67 B	L	0	17	0
206	2	68 B	L	0	22	0
207	2	69 B	E	0	25	0
208	2	70 B	E	0	26	0
209	2	71 B	E	0	24	0
210	2	72 B	E	0	24	0
211	2	73 B	E	0	25	0
212	2	74 B	E	0	25	0
213	2	75 B	E	0	27	0
214	2	76 B	L	0	26	0
215	2	77 B	L	0	18	1
216	2	78 B	L	0	15	7
217	2	79 B	L	1	18	4
218	2	80 B	L	1	10	12
219	2	81 B	L	1	16	1
220	2	82 B	H	0	20	3
221	2	83 B	H	0	11	8
222	2	84 B	H	0	13	5
223	2	85 B	H	0	20	0
224	2	86 B	H	0	23	1
225	2	87 B	H	0	12	2
226	2	88 B	H	0	18	0
227	2	89 B	H	0	23	0
228	2	90 B	H	0	17	0
229	2	91 B	H	0	12	0
230	2	92 B	H	0	20	0
231	2	93 B	H	0	18	0
232	2	94 B	H	0	13	0
233	2	95 B	H	0	14	0
234	2	96 B	H	0	21	0
235	2	97 B	L	0	17	0
236	2	98 B	L	0	11	0
237	2	99 B	L	0	11	0
238	2	100 B	L	0	18	0
239	2	101 B	E	0	22	0
240	2	102 B	E	0	22	0
241	2	103 B	E	0	23	0
242	2	104 B	E	0	21	0
243	2	105 B	E	0	26	0
244	2	106 B	E	0	23	0
245	2	107 B	E	0	25	0
246	2	108 B	E	0	25	0
247	2	109 B	L	0	19	0
248	2	110 B	L	1	19	0
249	2	111 B	L	4	20	0
250	2	112 B	L	7	12	2
251	2	113 B	L	4	10	2
252	2	114 B	L	1	21	1
253	2	115 B	L	0	26	0
254	2	116 B	L	0	13	2
255	2	117 B	L	0	15	0
256	2	118 B	L	0	13	0
257	2	119 B	H	0	18	0
258	2	120 B	H	0	15	0
259	2	121 B	H	0	15	0
260	2	122 B	H	0	24	0
261	2	123 B	H	0	22	0
262	2	124 B	H	0	13	0
263	2	125 B	H	0	19	1
264	2	126 B	H	0	23	0
265	2	127 B	H	0	13	0
266	2	128 B	H	0	10	1
267	2	129 B	H	0	12	3
268	2	130 B	H	0	17	1
269	2	131 B	L	0	10	0
270	2	132 B	L	0	20	0
271	2	133 B	L	0	14	0
272	2	134 B	L	0	23	0
273	2	135 B	L	0	19	0
274	2	136 B	E	0	22	0
275	2	137 B	E	0	24	0
276	2	138 B	L	0	21	0
277	2	139 B	L	0	25	0
278	2	140 B	E	0	22	0
279	2	141 B	L	0	15	0
280	2	142 B	L	0	20	0
281	2	143 B	L	0	15	0
282	2	144 B	L	0	9	0
283	2	145 B	L	0	5	0
284	2	146 B	L	0	9	0
285	2	147 B	L	0	15	0
286	2	148 B	L	0	21	0
287	2	149 B	H	0	13	0
288	2	150 B	H	0	20	0
289	2	151 B	H	0	25	0
290	2	152 B	H	0	18	0
291	2	153 B	H	0	22	0
292	2	154 B	H	0	24	0
293	2	155 B	H	0	19	0
294	2	156 B	H	0	12	0
295	2	157 B	H	0	18	0
296	2	158 B	H	0	16	0
297	2	159 B	L	0	8	0
298	2	160 B	L	2	15	0
299	2	161 B	L	2	14	0
300	2	162 B	L	1	23	0
301	2	163 B	L	12	10	0
302	2	164 B	L	7	18	0
303	2	165 B	L	1	25	0
304	2	166 B	L	1	25	0
305	2	167 B	L	1	25	0
306	2	168 B	E	0	22	0
307	2	169 B	E	0	24	0
308	2	170 B	E	0	21	0
309	2	171 B	E	0	27	0
310	2	172 B	L	0	21	0
311	2	173 B	L	0	20	0
312	2	174 B	L	0	13	0
313	2	175 B	L	0	22	0
314	2	176 B	L	0	13	0
315	2	177 B	E	0	21	0
316	2	178 B	E	0	17	0
317	2	179 B	E	0	17	0
318	2	180 B	E	0	18	0
319	2	181 B	E	0	19	0
320	2	182 B	L	3	12	0
321	2	183 B	L	3	18	0
322	2	184 B	L	4	8	0
323	2	185 B	L	0	13	0
324	2	186 B	L	0	10	0
325	2	187 B	H	0	18	0
326	2	188 B	H	0	7	0
327	2	189 B	H	0	9	0
328	2	190 B	H	0	18	0
329	2	191 B	H	0	15	0
330	2	192 B	H	0	9	0
331	2	193 B	H	0	16	0
332	2	194 B	H	0	22	0
333	2	195 B	H	0	14	0
334	2	196 B	H	0	14	0
335	2	197 B	H	0	21	0
336	2	198 B	H	0	20	0
337	2	199 B	H	0	13	0
338	2	200 B	H	0	14	0
339	2	201 B	H	0	18	0
340	2	202 B	H	0	12	0
341	2	203 B	H	0	10	0
342	2	204 B	H	0	11	0
343	2	205 B	H	0	12	0
344	2	206 B	H	0	7	0
345	2	207 B	H	0	7	0
346	2	208 B	L	0	6	0
347	2	209 B	L	0	2	0
348	3	34 C	L	0	0	6
349	3	35 C	H	0	0	5
350	3	36 C	H	0	0	7
351	3	37 C	H	0	0	8
352	3	38 C	H	0	0	8
353	3	39 C	H	0	0	9
354	3	40 C	H	0	0	8
355	3	41 C	H	0	0	9
356	3	42 C	H	0	0	8
357	3	43 C	H	0	0	6
358	3	44 C	L	0	0	10
359	3	45 C	L	0	0	11
360	3	46 C	L	0	0	15
361	3	47 C	H	0	0	23
362	3	48 C	H	0	0	21
363	3	49 C	H	0	0	14
364	3	50 C	L	0	0	18
365	3	51 C	E	0	0	11
366	3	52 C	E	0	0	20
367	3	53 C	E	0	0	15
368	3	54 C	E	0	0	15
369	3	55 C	L	0	0	22
370	3	56 C	L	0	0	10
371	3	57 C	L	0	0	13
372	3	58 C	L	0	0	9
373	3	59 C	E	0	0	9
374	3	60 C	E	0	0	18
375	3	61 C	E	0	0	12
376	3	62 C	H	0	0	22
377	3	63 C	H	0	0	12
378	3	64 C	H	0	0	11
379	3	65 C	H	0	0	20
380	3	66 C	L	0	0	15
381	3	67 C	L	0	0	16
382	3	68 C	L	0	0	22
383	3	69 C	E	0	0	25
384	3	70 C	E	0	0	26
385	3	71 C	E	0	0	23
386	3	72 C	E	0	0	24
387	3	73 C	E	0	0	24
388	3	74 C	E	0	0	26
389	3	75 C	E	0	0	26
390	3	76 C	L	0	0	25
391	3	77 C	L	1	0	18
392	3	78 C	L	6	0	15
393	3	79 C	L	4	1	18
394	3	80 C	L	12	1	11
395	3	81 C	L	3	1	16
396	3	82 C	H	3	0	20
397	3	83 C	H	9	0	11
398	3	84 C	H	5	0	13
399	3	85 C	H	0	0	20
400	3	86 C	H	1	0	23
401	3	87 C	H	2	0	12
402	3	88 C	H	0	0	19
403	3	89 C	H	0	0	24
404	3	90 C	H	0	0	17
405	3	91 C	H	0	0	12
406	3	92 C	H	0	0	21
407	3	93 C	H	0	0	20
408	3	94 C	H	0	0	13
409	3	95 C	H	0	0	14
410	3	96 C	H	0	0	22
411	3	97 C	L	0	0	17
412	3	98 C	L	0	0	12
413	3	99 C	L	0	0	11
414	3	100 C	L	0	0	19
415	3	101 C	E	0	0	22
416	3	102 C	E	0	0	22
417	3	103 C	E	0	0	25
418	3	104 C	E	0	0	22
419	3	105 C	E	0	0	26
420	3	106 C	E	0	0	23
421	3	107 C	E	0	0	26
422	3	108 C	E	0	0	26
423	3	109 C	L	0	0	19
424	3	110 C	L	0	1	19
425	3	111 C	L	0	4	20
426	3	112 C	L	1	7	13
427	3	113 C	L	2	4	10
428	3	114 C	L	1	2	21
429	3	115 C	L	0	0	26
430	3	116 C	L	2	0	13
431	3	117 C	L	0	0	15
432	3	118 C	L	0	0	13
433	3	119 C	H	0	0	18
434	3	120 C	H	0	0	15
435	3	121 C	H	0	0	15
436	3	122 C	H	0	0	24
437	3	123 C	H	0	0	22
438	3	124 C	H	0	0	13
439	3	125 C	H	0	0	19
440	3	126 C	H	0	0	23
441	3	127 C	H	0	0	13
442	3	128 C	H	0	0	10
443	3	129 C	H	2	0	12
444	3	130 C	H	1	0	16
445	3	131 C	L	0	0	10
446	3	132 C	L	0	0	20
447	3	133 C	L	0	0	14
448	3	134 C	L	0	0	22
449	3	135 C	L	0	0	20
450	3	136 C	E	0	0	22
451	3	137 C	E	0	0	24
452	3	138 C	L	0	0	21
453	3	139 C	L	0	0	25
454	3	140 C	E	0	0	22
455	3	141 C	L	0	0	15
456	3	142 C	L	0	0	20
457	3	143 C	L	0	0	15
458	3	144 C	L	0	0	9
459	3	145 C	L	0	0	5
460	3	146 C	L	0	0	9
461	3	147 C	L	0	0	15
462	3	148 C	L	0	0	21
463	3	149 C	H	0	0	11
464	3	150 C	H	0	0	19
465	3	151 C	H	0	0	25
466	3	152 C	H	0	0	17
467	3	153 C	H	0	0	24
468	3	154 C	H	0	0	24
469	3	155 C	H	0	0	19
470	3	156 C	H	0	0	12
471	3	157 C	H	0	0	17
472	3	158 C	H	0	0	16
473	3	159 C	L	0	0	8
474	3	160 C	L	0	2	15
475	3	161 C	L	0	2	14
476	3	162 C	L	0	1	24
477	3	163 C	L	0	12	10
478	3	164 C	L	0	7	18
479	3	165 C	L	0	1	25
480	3	166 C	L	0	1	25
481	3	167 C	L	0	1	24
482	3	168 C	E	0	0	21
483	3	169 C	E	0	0	24
484	3	170 C	E	0	0	20
485	3	171 C	E	0	0	26
486	3	172 C	L	0	0	18
487	3	173 C	L	0	0	19
488	3	174 C	L	0	0	11
489	3	175 C	L	0	0	22
490	3	176 C	L	0	0	14
491	3	177 C	E	0	0	20
492	3	178 C	E	0	0	15
493	3	179 C	E	0	0	15
494	3	180 C	E	0	0	18
495	3	181 C	E	0	0	19
496	3	182 C	L	0	3	12
497	3	183 C	L	0	3	19
498	3	184 C	L	0	3	8
499	3	185 C	L	0	0	13
500	3	186 C	L	0	0	10
501	3	187 C	H	0	0	17
502	3	188 C	H	0	0	7
503	3	189 C	H	0	0	9
504	3	190 C	H	0	0	18
505	3	191 C	H	0	0	15
506	3	192 C	H	0	0	10
507	3	193 C	H	0	0	15
508	3	194 C	H	0	0	23
509	3	195 C	H	0	0	14
510	3	196 C	H	0	0	10
511	3	197 C	H	0	0	21
512	3	198 C	H	0	0	19
513	3	199 C	H	0	0	13
514	3	200 C	H	0	0	13
515	3	201 C	H	0	0	17
516	3	202 C	H	0	0	13
517	3	203 C	H	0	0	10
518	3	204 C	H	0	0	12
519	3	205 C	H	0	0	13
520	3	206 C	H	0	0	7
521	3	207 C	H	0	0	7
522	3	208 C	L	0	0	6
523	3	209 C	L	0	0	3

