	-4	-3	-2	-1	0
W	0.000626111598149947	0.000487088603830292	0.0115815607857531	0.069102434351806	0.340597156954501
F	0.000329852001678036	0.00117068465139315	0.0674556575109196	0.109404830523096	0.0264590675149129
Y	0.0080943727390586	0.00224372720926052	0.678157255508921	0.19313292918865	0.629374329690981
M	0.000959745799206451	0.00115884073332546	0.0108566969108726	0.0556145448985939	0.000215877131864573
L	0.00143028954099618	0.000853960734133728	2.86595652511571e-06	0.0168250326484967	3.57180008013241e-06
I	9.71591434457299e-07	0.00134406488428422	3.14549932992912e-06	2.06580772603455e-20	0.000276308894143611
V	2.35601141660335e-05	0.00178166341979759	2.96382908546539e-06	2.95199969280284e-14	0.00142180413880970
A	0.0729917219105212	0.00161816675195970	0.00862972145713133	0.0761856359022915	3.30288279831665e-05
G	0.353539626370815	0.000657029291261891	0.000762180389562057	0.00313215146509618	1.51149429008526e-05
S	0.212224358695132	0.00960204266306183	0.0929613840567075	0.325787530568218	5.30836120910052e-05
T	0.236340858068005	0.0146271906440113	0.00290634152633266	0.00237929785322437	0.000158480955264226
R	0.000794597403961806	0.00213186317570063	0.0576287863376682	0.0241568325410011	2.40869706291961e-05
K	0.00242312942460093	0.000976797396819122	0.000629743826542355	0.0486055865714944	8.08710157711324e-06
H	0.00329213589033892	0.000225388671521557	0.00819449622587017	0.00111053202125272	0.000777958762342975
N	0.000462648896383335	0.00204146889245819	0.00342905261870803	0.0394706497825875	3.05373696265816e-05
Q	0.0956539147535378	0.0420349108368793	0.0143760418283570	0.0205727736548333	0.000119177193672730
D	0.00442749470513509	0.235380641638113	0.0144069991514744	0.0061488814933582	9.0297062070256e-05
E	0.00638461049687927	0.681664469802188	0.0280151065802393	0.00837035653597057	0.000342031076549373
P	2.04193230966722e-86	6.20765020972379e-28	3.75793682776369e-68	7.8558712285726e-120	4.1061440514078e-109
C	0	0	0	0	0
