	-4	-3	-2	-1	0
W	0.680241679044638	0.00550998762778019	0.00403112240537037	0.947093480606464	0
F	0.137017274990229	0.0156527325865507	0.0451483680567594	0.00661375081616158	1.33601107180956e-215
Y	0.0521254240855282	0.00861557676094711	0.0546560519796676	0.00779502710898417	0
M	0.0481513750719091	0.0106250096180432	0.00443607195956738	0.000413414104309731	1.85187960794478e-12
L	0.00707041386941467	6.42313581539472e-18	0.00210177249516035	0.000162201247621639	5.50284602583822e-19
I	0.00246712031382680	0.000298935624509284	0.00613792090888942	0.000102960080631491	0.00168988539228678
V	0.00439557163239026	0.00083009340881548	0.0129495249055386	7.32246147018945e-05	0.980815632013927
A	0.00118831053103055	0.0348419055221857	0.00252910001745215	3.56427048789567e-05	0.0041111152147558
G	0.000519084806471709	0.00114413547524983	2.28680940559199e-05	3.54622886107931e-06	0.000424281570473677
S	0.00356242650023045	0.274682640908299	0.00861917742770405	3.61699176275016e-05	0.000702656760785875
T	0.00280925772277947	0.122536244302089	0.675680297223041	0.000135932552854755	0.0120588732756722
R	0.0137624875456909	0.0377475156267126	0.0190759149709287	0.0333785406549713	1.97031373030343e-21
K	0.00359261862150813	0.0144204679726777	0.0257911703019367	0.000618024699673	6.76538696522967e-24
H	0.00232803736357002	0.00281109855685079	0.0189502626760652	0.00293080190725379	6.9158515309685e-36
N	0.00156580333038883	0.0202191434986366	0.00599802639260812	0.000264786108945393	6.84020648951425e-07
Q	0.0136175563153689	0.0202280540738474	0.0600925507562364	0.000262068457468442	1.47934669417814e-09
D	0.0145060340314242	0.0239002617938059	0.0172212329847857	6.08610646167296e-05	0.000189827990430122
E	0.0110795242236007	0.405936196642972	0.0365585664442327	1.93486038816094e-05	7.04227982141005e-06
P	7.48649407034395e-18	2.70582276684773e-14	1.19933944804278e-133	2.18520092830319e-07	2.73991948357267e-71
C	0	0	0	0	0
