	-4	-3	-2	-1	0
W	0.111053325071142	1.02037767570937e-05	0.00204547152689321	0.701187010687477	0
F	0.312150859624326	2.77135401580037e-05	0.0121746749219849	0.144483118368071	2.84387118926875e-166
Y	0.0331300154131121	3.48068084547633e-05	0.00429838158982372	0.00623713939363243	1.47461412994570e-247
M	0.0938315250040667	6.65237218031663e-05	0.00876281702467886	4.65410579174213e-05	4.42203092147753e-14
L	0.00332954018268456	3.33336243415966e-11	0.00242800631005582	0.000356388943710937	3.73011646865149e-14
I	0.00198272976535889	3.32866517175696e-07	0.018947453163518	0.000230995522854999	0.000653273877881963
V	0.000977533619362843	9.84078220566551e-07	0.0147020120043252	0.000124301952960545	0.995415903109227
A	0.00484027838776292	0.000277293134139289	0.000762736099994593	3.09499210760378e-05	0.00295793278736060
G	0.0065875798518487	4.21909843473671e-05	1.89286525092827e-05	1.30067483066258e-06	7.48547064673059e-05
S	0.0182353743510588	0.00108764575862825	0.0068981797989092	2.68838724716863e-05	0.000113857137861952
T	0.0173228992926373	0.000206655197815739	0.569274211773682	0.000238295449552794	0.000758538173729173
R	0.215570917956828	0.0005225363206837	0.0157677404313926	0.109779729053760	4.99898098990873e-26
K	0.00710884386393876	0.000116596449483243	0.0169812055106494	0.00566434709743284	9.81363793761402e-29
H	0.00522907241485819	1.43398542825257e-05	0.0262431317636223	0.0312131803090373	3.04221397579577e-33
N	0.0851736013170577	0.000193554699199264	0.0085022166965751	0.000159926355429759	6.71491741524492e-07
Q	0.0434967272387845	0.00045910736756663	0.0705444686755934	0.000152814735652431	2.70678130713922e-09
D	0.0276536590379947	0.00195338002020048	0.0250894080745046	3.52308064256932e-05	2.40765144482931e-05
E	0.0123255176071778	0.994986135360234	0.196558955981288	3.17435486836844e-05	8.89494419694972e-07
P	1.96411746488097e-30	2.81751505144098e-11	2.7214386168324e-140	1.02249022745072e-07	9.67705932055713e-77
C	0	0	0	0	0
