	-4	-3	-2	-1	0
W	0.48535593363655	0.0138679523285262	0.0153543324190312	0.188994364998517	0
F	0.0989217264945236	0.0249573944151562	0.0658434074748346	0.520651730028611	3.86889206012572e-203
Y	0.0897280732760176	0.0173944364284113	0.0320184511395484	0.135373277617989	2.92823915529725e-236
M	0.0246713241094600	0.0253649248718939	0.0258729007618002	0.00919136788853155	3.74171581861257e-08
L	0.0193620984520700	4.22702490885872e-05	0.0325816306916246	0.0087351944287774	1.29882641840845e-22
I	0.0109278988827481	0.00191624004458660	0.156095832656054	0.0059804006407639	0.0144235379218409
V	0.00506446742895929	0.0139175489075616	0.361653107165994	0.00628997220662827	0.949362750121317
A	0.0103950702773435	0.109523533899534	0.0113470332655780	0.00102493335721564	0.0168921773594820
G	0.00142145961839840	0.0106352714660040	0.000701337267841007	0.000609930828677021	0.00224293103943646
S	0.0178054090316703	0.244526896080316	0.00634986360803444	0.00381431080423067	0.00206502554473911
T	0.00939216187037825	0.119213638759630	0.0194136421165631	0.0171234807015013	0.0130906531745281
R	0.0896409426482195	0.0203590545366648	0.0923863173477497	0.0260285768747545	4.84707012418467e-37
K	0.0154180236434223	0.0203358359358365	0.0406065687837278	0.00475214401375757	3.97949294410919e-09
H	0.00542963640029812	0.00759250661212195	0.00818797493593983	0.0583381280747672	8.82908954508299e-18
N	0.0245467180455449	0.0655968131225154	0.00374225950187392	0.00476407328462045	1.70453035025091e-05
Q	0.0401930805548565	0.110612341828369	0.0305440086520345	0.00442468764264805	9.24484118386857e-06
D	0.0331629997173975	0.111613409120710	0.0102022756588846	0.00250172795656508	0.000620488215628108
E	0.0185629759121422	0.0825299313478774	0.0870990565528854	0.00135924464214636	0.00127610508169063
P	2.08807707921433e-17	4.51981479441913e-11	6.31656993145476e-79	4.24540092985043e-05	5.29401982475287e-53
C	0	0	0	0	0
