	-4	-3	-2	-1	0
W	0.827495375970366	5.81404013797183e-06	0.00782348987061848	0.854413205698198	0
F	0.0142096526114954	1.74860299631709e-05	0.0170895517841585	0.121659182184052	2.10311468306242e-199
Y	0.0286409082836331	4.91616300793247e-05	0.0181956221193409	0.00496760154704664	0
M	0.0234463077410283	2.87778839380218e-05	0.00478443081886561	0.000293163633911662	7.1685136829711e-11
L	0.00422055151633592	7.15090970650065e-13	0.00363825368832902	0.000126627807206101	1.16871994860585e-18
I	0.000293420014547651	1.19518903621189e-05	0.0163787946923789	0.00010833566469169	0.0190850244672301
V	0.000967363111581337	3.11458645534659e-05	0.0266330487541756	5.06698650969166e-05	0.972983351479984
A	0.00212526022509622	0.000157699417112720	0.000553535107584116	2.68404543249529e-05	0.00437813133431732
G	0.000295857402619351	7.03335803586011e-05	1.31438367101618e-05	1.81746296214637e-06	0.000163070985724246
S	0.000376449309474619	0.000833120629544648	0.00450539812997854	7.83753934176115e-05	0.000271792190448304
T	0.00384996437615631	0.000238209816459164	0.744749289187983	0.000206400370989907	0.00306617964546152
R	0.0217839123976591	0.000528591104719507	0.0284525047985330	0.000909271200468826	2.72039468265602e-21
K	0.0167115701925581	7.50988497354052e-06	0.00870180472355561	0.000459347441347403	8.86677266888004e-18
H	0.00510987809173311	3.53515963875743e-05	0.0127711496920006	0.0163006584862454	3.7693509191993e-49
N	0.00643294664127654	0.000428613154247173	0.00279644350912478	3.30842724385224e-05	2.77349205231105e-07
Q	0.00504968811382412	0.00106426528725506	0.067428965899915	0.000316204090348588	4.91701600750421e-08
D	0.0369489940541449	0.586533284493154	0.00542296254201632	1.74303504308263e-05	5.04035956749082e-05
E	0.00204189994646995	0.409958683696038	0.0300616108447321	3.13731977308131e-05	1.71971010940794e-06
P	9.78850962996523e-22	5.02492681592295e-16	3.65402644791122e-126	4.10879092000699e-07	1.26422363267358e-78
C	0	0	0	0	0
