	-4	-3	-2	-1	0
W	0.175854291047810	0.0042802927665903	0.0260569960663706	0.944665431961689	0
F	0.08478440174275	0.00417728055176228	0.156672377418871	0.0129261033998213	3.08915555803109e-122
Y	0.0782729799355052	0.000945429506133915	0.48022396071918	0.00753462704551336	2.3011607087278e-279
M	0.0269165644161212	0.00321673784407215	0.00976032256521719	0.00121966206249137	1.37045859103121e-07
L	0.0200202954401255	0.000139183362944316	0.000244503498674449	0.00069512065173992	3.99226928170432e-14
I	0.0116811607639659	0.000253763451711085	0.0046197390724388	0.00107214405913431	0.0571011241470387
V	0.0119061137696276	0.000774445816299999	0.0236628973451685	0.000559743408816999	0.922204352696745
A	0.00925499092033796	0.0152520880722789	0.0102044078847362	0.000242663597732425	0.0072985103056679
G	0.0065543158295702	0.0105073237409098	0.000976069743222878	6.51922386719278e-05	0.00113025753418684
S	0.0580435850419229	0.560122621896384	0.00899202106763104	0.000630301105801735	0.0016701296861839
T	0.0343940995070706	0.0348194827484768	0.0229758777692680	0.000893172420821092	0.0090918496984185
R	0.110994874988520	0.0108615834803169	0.0332756233470865	0.0124740072647599	1.00451216384138e-18
K	0.0442758600354345	0.00910088559111568	0.0179083461504037	0.000855465634841967	6.31875684992407e-08
H	0.058354832712926	0.0069523744606313	0.0118094533264908	0.0130045195651845	4.64911706712457e-24
N	0.0457627841057261	0.0823843897987692	0.00384135372896076	0.000676536640674467	5.42985251586178e-05
Q	0.0337759747587744	0.0397988061241955	0.0661302936982969	0.00177576131702005	0.000110037744235666
D	0.0885444149554497	0.0266986638684721	0.0135355178739707	0.000379495945905938	0.000526288779603725
E	0.100608460028362	0.189714582438910	0.109110238724013	0.000320107723262584	0.00081295064929336
P	6.67401150246963e-24	6.44800251953009e-08	1.62096470001914e-76	9.94395611762254e-06	2.00488821577562e-58
C	0	0	0	0	0
