	-4	-3	-2	-1	0
W	0.257073015521757	0.000102111603619517	0.00228216596145586	0.989812149955092	0
F	0.0648722700997441	0.000168792546450614	0.00401112931526139	0.00576829391339365	3.04001275181272e-239
Y	0.0468610312351269	7.79127644112504e-05	0.000416756833445918	0.00114641712900394	0
M	0.0582606207237058	0.00103258207174163	0.00204752696504305	0.000150036392564506	5.63352372377054e-12
L	0.00896279794370167	1.05720517097125e-20	0.000470262462292935	6.42354685623759e-05	6.29292227281989e-19
I	0.00106262143877119	1.84985593279261e-06	0.0126859842148602	2.62063053245285e-05	0.0122446671225053
V	0.00057538676670649	5.99668046774072e-06	0.00489434646813907	1.26981902349472e-05	0.968983930746554
A	0.00394189937199579	0.00461368151763364	0.000816125879753468	1.22259514924498e-05	0.0106621870619027
G	0.00101850175685498	0.000305422938740928	2.38961837898002e-06	3.09517302702063e-07	0.000147760258749694
S	0.0790429318106924	0.0253074595921108	0.00757421695397133	1.95887783989103e-05	0.000431220436093309
T	0.0129149344772251	0.000440177547520966	0.904955048921671	7.90081154056463e-05	0.00738171882518349
R	0.332766400490776	0.00106943569544902	0.0142219916979702	0.00118174840361606	2.74804401288781e-29
K	0.0280602215245059	0.000270232728628348	0.00180934785527363	4.70311285306629e-05	6.80716926758443e-21
H	0.00514861526011286	9.16533029352502e-05	0.00198555500550575	0.00122003906641220	1.35304478560951e-31
N	0.0122824236553633	0.00156754594546004	0.000863304224384652	0.000133356327064354	6.41614615423188e-07
Q	0.0227660401614555	0.000410629752228662	0.00912112387753826	0.000304806309129378	1.60528344774498e-08
D	0.0472636843441560	0.443873035678825	0.00897425217361851	1.21968367582467e-05	0.000132802834046711
E	0.0171266034173486	0.520661479776174	0.0228684715714356	9.63500458050588e-06	1.50550418812005e-05
P	3.68569308497896e-22	1.66935885563429e-12	6.69714826582549e-137	1.72071324958567e-08	4.57835835049463e-73
C	0	0	0	0	0
