	-4	-3	-2	-1	0
W	0.101649161062879	0.00220006178901728	0.0229981855982067	0.293729727839131	0
F	0.0865106881976404	0.00321706972848079	0.0317491325047485	0.113847241025411	8.51143743745054e-86
Y	0.0307186567656984	0.00516501323111377	0.0826046063569819	0.0347231871393798	3.92187767401336e-97
M	0.0984471308215076	0.00340660614301515	0.0278409097606041	0.00686359572227899	0.000148917425826658
L	0.0345881405440571	2.10884957026814e-08	0.00973100722002138	0.00497913517306046	2.2574741848e-10
I	0.0119267973348537	4.79044645600782e-07	0.0132224007068748	0.00475707233430816	0.095094471399159
V	0.0169289384027575	2.02199704216586e-07	0.02136788546932	0.00581268783021925	0.877304140927965
A	0.008854202803769	0.0233707660510339	0.0155207096175029	0.00126123445190826	0.00724035437624605
G	0.00279107426362945	0.00516888437630216	0.00636491020926871	0.000289904821918382	0.000625417082036043
S	0.090429202481728	0.139483763154962	0.113863907484058	0.00358105553351202	0.00108161812977798
T	0.0273137497687609	0.00759303677916124	0.0229715707852091	0.0117836076223318	0.0136373277311964
R	0.108597210911012	0.650653009910178	0.31894557588392	0.392362609297653	3.15976331864785e-05
K	0.078120911106165	0.0226415414688654	0.0269714868125	0.0652306672119978	0.00124424333794483
H	0.0193913394693068	0.00350950845144764	0.0184422131966657	0.0473743063576639	8.42668466559593e-16
N	0.0504649237541311	0.0457070009958	0.0262875862921624	0.0072475632778553	5.23737296355088e-05
Q	0.0359498509781812	0.0259051355100394	0.0482525806839997	0.00357498636278576	0.000151916160232551
D	0.136727398360870	0.0196992231046636	0.0245124042216062	0.00176721930708986	0.000421612217691309
E	0.0605906229730526	0.0422781975628707	0.16835292719635	0.000784228430768238	0.00296600962335408
P	1.74647741666274e-20	4.79410203095066e-07	2.44847016693647e-86	2.99702607269413e-05	2.43039498881437e-64
C	0	0	0	0	0
