	-4	-3	-2	-1	0
W	0.123793280527236	0.0497607664592641	0.0282548091177499	0.238155584264989	0
F	0.0240438086793844	0.0802399390626226	0.0407945098062277	0.179610633208780	3.93112863604283e-37
Y	0.0299709562447614	0.0712910727440907	0.113346202974933	0.0618779499673888	7.3866357084347e-41
M	0.056662959866971	0.0669054510737559	0.0124225741077926	0.00878020859717306	0.000712918923462729
L	0.0370843582426766	0.00346352074207694	0.00383070241542877	0.00353333707029015	7.68768569763176e-11
I	0.00283551917548483	0.00678585671497588	0.0098225306817714	0.00538859221196582	0.199561794249339
V	0.00391914975161974	0.0147352521282995	0.0188536573042017	0.00826080254654559	0.78584880919419
A	0.0095462561648761	0.0391049663122464	0.00950536324627317	0.00271884499798171	0.003549962054347
G	0.001556731251255	0.00949710205931709	0.00320290686121093	0.000565292681958191	0.000394064805203923
S	0.0189022922219994	0.0548505333935712	0.0286812278002476	0.00189001255748038	0.00084742675984801
T	0.0455892903262843	0.0274331735484792	0.0300718206057255	0.00673458750164884	0.00661210942941551
R	0.319879090880027	0.157751627814733	0.556154705279496	0.354517533444955	0.000364327749077502
K	0.0315036770280953	0.151882189449113	0.0227258515742464	0.0750020529774692	4.28211217036033e-05
H	0.0186824320160789	0.0131122888674310	0.0241465567903991	0.0418130643121344	2.73130342790976e-12
N	0.0649854164701494	0.0133090717197002	0.00482156704145911	0.00281968219692568	3.86813408728386e-05
Q	0.081138333310591	0.059279408454619	0.0303912235102473	0.00580990260009725	0.000103405681117858
D	0.098712838162132	0.0121727776384118	0.0117427862540632	0.00162652574740747	0.000888192812024773
E	0.0311936096803776	0.168424275349453	0.0512310046285271	0.000760707631077379	0.00103548579978869
P	4.81888250985893e-20	7.26467839334268e-07	3.17032403884464e-72	0.000134685483732325	1.73761850224278e-70
C	0	0	0	0	0
