	-4	-3	-2	-1	0
W	0.261975692869749	0.0346715596346087	0.0234555799836817	0.937575248053715	0
F	0.052793991157309	0.130434268522957	0.107468437902922	0.0158181711545192	2.91419494528329e-84
Y	0.0513882365951893	0.0697373201420626	0.588556608804917	0.0205116892499983	5.69602223385145e-143
M	0.0971828485770084	0.208427707542164	0.0156378056715181	0.00141233300327079	1.47612373722085e-09
L	0.0173442792434442	0.0228694399124394	0.00607500690155448	0.00256202140415997	1.98839172168387e-09
I	0.000403540846876479	0.0154791029952502	0.0466999148429929	0.00115321003540977	0.120138881199830
V	0.00151537509045976	0.0149316830059706	0.069238943471706	0.00177369476993356	0.819764716840651
A	0.0131176144549276	0.0249190955179848	0.0058541133292874	0.00040466139268493	0.0222468015474217
G	0.00582585151302612	0.00528475998291141	0.000863651178702586	8.57237272982076e-05	0.00393384240169024
S	0.0340977433726119	0.0283788132003185	0.00486305105046535	0.000622421945332881	0.00416715914995252
T	0.018892074452748	0.0550673605004617	0.0118849564228594	0.00486800514680012	0.0204355164110765
R	0.119600335986209	0.109486297561373	0.0264367770258361	0.00340281296175704	6.23480550885935e-16
K	0.080835085517251	0.0596813463542610	0.0165134415515998	0.00124641182386758	5.75232508616615e-05
H	0.00801732381719566	0.0125152080472376	0.014342145167812	0.00605619702635401	1.92951605540483e-09
N	0.066789832949943	0.00602240476331377	0.00250240829481138	0.000712674703974663	0.000196501730028966
Q	0.0637880550348471	0.0871569191489589	0.0273725624501554	0.000929956121596612	0.000175479940044388
D	0.0546292696053591	0.0077265814296635	0.00727798270121035	0.000535697167546691	0.00282794831424942
E	0.0518028489158449	0.107210102852864	0.024956613247968	0.000320070991779927	0.00605562382016169
P	2.59799337374740e-16	2.88851995003741e-08	1.89429675565365e-68	8.9993200008255e-06	1.47762445856431e-67
C	0	0	0	0	0
