	-4	-3	-2	-1	0
W	0.500145436642743	1.32236043478078e-06	0.0321092011550851	0.917546408407892	0
F	0.124109371241129	3.73458818505097e-06	0.136205490488566	0.042411095387832	5.9790216367833e-266
Y	0.0279819653510513	4.06742946021346e-06	0.300039087220555	0.0285979706509675	0
M	0.0287613117762570	9.44591640155248e-06	0.00190609025378572	0.000299004528946086	3.09633664121211e-12
L	0.00198803226948213	1.66236700028357e-14	2.06815383511097e-06	0.000196988052978923	4.26071448649193e-28
I	0.00233844951850210	1.57609213496219e-07	0.0106902333236151	2.33235667867253e-05	0.00414905461051384
V	0.000932321514069433	7.38944636709861e-07	0.0683935482317788	6.86412574107654e-05	0.989336217033393
A	0.00170397525015101	0.000147169501380250	0.00578840846259383	1.56282738689753e-05	0.00538643540831931
G	0.000661590568460956	9.90183845474663e-06	0.000132599167774612	5.21726952042865e-06	8.62613923232796e-05
S	0.0421067061156047	0.00207710451889205	0.00511122700075244	2.53183184452962e-05	8.17788526316777e-05
T	0.0577696749580846	2.20868339089968e-05	0.0189589496077439	0.000659284770453576	0.000919614384337155
R	0.0658345824706883	0.000171879986194063	0.0150267673582470	0.00542317639253886	1.56913430864265e-21
K	0.00954946005202765	1.18732770365109e-05	0.0115508521685167	0.000721803636925591	5.70119426420593e-21
H	0.0177311985391057	7.7721562705846e-06	0.053937940683768	0.00295019899706958	3.48550148149506e-46
N	0.00409798898047892	0.000355596832071948	0.00209477423636868	0.000199114446827339	3.57771919659373e-07
Q	0.0189260579753299	0.000304796205438950	0.200091220727262	0.000781813435791698	1.45759071533898e-08
D	0.066682917613565	0.0102860999192944	0.0494293190469395	3.84666117684391e-05	3.82272910297415e-05
E	0.0286789591632691	0.986586252082706	0.0885322227128127	3.63840323000753e-05	2.03867652837576e-06
P	3.6848244488996e-26	3.30977177149156e-15	1.54620321315251e-119	1.61961676530388e-07	8.34724115507309e-69
C	0	0	0	0	0
