	-4	-3	-2	-1	0
W	0.211284353859940	2.29527770680088e-06	0.00106240344177054	0.955522551643347	0
F	0.086486816645159	2.87248504594867e-05	0.0664411506409346	0.0190706942039960	6.48074283124022e-215
Y	0.0416659298771027	1.12525176486927e-05	0.0637020839321241	0.00530836630164175	9.88131291682493e-324
M	0.0264137449995686	1.09162511715977e-05	0.015974419049125	9.94496080550039e-05	1.18996724521753e-17
L	0.133804209008935	1.27303086556684e-28	0.00098710164477572	0.000186820801257652	2.52825205996244e-13
I	0.00740255596737244	5.24015927113066e-06	0.0586503047100225	0.000191488136634987	0.00145655730290487
V	0.00345730835458329	1.05900300415841e-06	0.192872999354493	0.000103843635513249	0.991405102048743
A	0.00549912366596658	2.38458875993661e-05	0.00259771521057259	1.77688971132539e-05	0.00431972646660697
G	0.00160557128464990	7.72403205385927e-06	0.000337497042458650	5.38404837737224e-06	5.26854564395992e-05
S	0.158745452767686	0.000215811129361195	0.00621957301430876	6.30155505069711e-05	0.000207857975295855
T	0.0162696186909175	8.51673595188274e-05	0.0605209374181574	0.000142230515414528	0.00241299039831426
R	0.0721685974607582	0.000105736440016394	0.06329001874532	0.00310055878115757	4.89328670989236e-22
K	0.0262617442003900	7.10728730056642e-06	0.0211376399907686	0.000526440606344486	1.82590922852442e-27
H	0.017041248287025	5.924876326452e-06	0.0111709305255555	0.0149415371819164	2.06312477611753e-32
N	0.0498988291480382	0.00109953393738675	0.013075171840554	0.000124809531210950	5.63544167869082e-07
Q	0.0264841717723257	0.00014917284249813	0.0588155536886501	0.000446432467350694	2.73010749801601e-09
D	0.0970755769141405	0.0140401506383844	0.0757532868866349	9.16374075917542e-05	0.000131076817567695
E	0.0184351470954418	0.98420033751025	0.287391212863774	5.66480734663555e-05	1.34372595996253e-05
P	1.70773921710234e-17	4.11528692586507e-14	9.35013761092883e-128	3.22609104142668e-07	6.90341045145767e-81
C	0	0	0	0	0
