	-4	-3	-2	-1	0
W	0.67893152055513	6.07163109983775e-06	0.000321280178013542	0.429928869171931	0
F	0.0111383779708722	4.51299328950780e-06	0.00322706647171843	0.556430811245089	1.08349297749264e-235
Y	0.0240358682993967	1.21250052886556e-05	0.0066870516021886	0.00647806723989317	3.92780883623958e-308
M	0.00301781518128749	1.86598050053594e-05	0.0275044215781104	0.000109691345993198	4.38354110702629e-17
L	0.00875438209961633	2.19516920484544e-10	0.00276261703642552	0.000102385957022241	6.69610692398915e-28
I	0.000316897137852047	9.44269521806586e-08	0.00828832457576048	0.000142609493416513	0.000256905053796217
V	0.000740221599135234	2.63010647587358e-08	0.0134616946683491	3.55888243630213e-05	0.997829144387039
A	0.00362364176906758	0.000380474121929375	0.000210334482026728	1.06838427769777e-05	0.00037203110242048
G	0.000583498724971487	1.03615153940593e-05	6.38237884588493e-06	1.215773327117e-06	2.30475199417258e-05
S	0.0189172432117189	0.000654878696787427	0.00419903315333454	2.24926467385287e-05	0.000102211352595522
T	0.00614993036502784	2.96564490556347e-05	0.803527828175587	7.12239213814267e-05	0.00140753607688489
R	0.139596660251089	4.88267700303588e-05	0.0324168215601217	0.00190700288309226	4.176468133193e-26
K	0.0139998943186826	9.30646398287997e-06	0.00203036214075258	0.000338670594018101	1.34105447739953e-11
H	0.0028481219525857	3.53081358519698e-06	0.015154253065516	0.00416191604411539	1.02279764399505e-31
N	0.00576664425878533	4.51271791215421e-05	0.00115407820601599	3.78454850186255e-05	2.55909685905947e-07
Q	0.0419428420379206	0.000132347902481739	0.0303215365904236	8.11008179728494e-05	2.28309374288799e-10
D	0.0323428471741045	0.00421874383931124	0.00441550358773967	4.30834141660047e-06	8.32708309194693e-06
E	0.00729359309275647	0.994425255865723	0.0443114105490701	0.00013548784508835	5.41272824676092e-07
P	1.0629734331301e-40	3.80176310583199e-13	1.01904453970602e-122	2.85273458562346e-08	9.4708522662819e-85
C	0	0	0	0	0
