	-4	-3	-2	-1	0
W	0.76417114825525	1.00963742410608e-05	0.00247869220802341	0.0202227494584036	0
F	0.0217516274293696	1.37175530060025e-05	0.0110873827756785	0.89737283396706	0
Y	0.0525096280612685	0.000168108815358633	0.00254853483833464	0.0613096733356686	0
M	0.0222501530869211	0.000182403916484332	0.0118376644503471	0.00161054188974077	6.1793136139301e-13
L	0.00301717466539983	3.27748699533943e-07	0.00379369166624555	0.000353773541547542	9.51167748950167e-14
I	0.000517376547928694	1.50227108897102e-06	0.0133404609479941	0.00139800746617093	0.00135370501938645
V	0.00287824939854609	2.23750006173124e-06	0.0167193526626350	0.000717505420903055	0.993290771547782
A	0.000602784840414318	0.000437176400740516	0.000593504043694986	4.7720804153890e-05	0.00241826148373728
G	0.000166564801715685	2.58835387930131e-05	6.24357118821018e-05	1.26642250005934e-05	7.0395179660025e-05
S	0.00516379774475614	0.00121006792104503	0.0198698124746775	4.03226297257133e-05	7.74850119651186e-05
T	0.0112698844612727	0.000992521291615764	0.462051484971853	0.000292990103609267	0.00270647838406387
R	0.0387540641906358	0.000117151244633448	0.302647177488033	0.00442712737443270	3.42176104022248e-41
K	0.00615849334320817	2.90695483291128e-05	0.0149249148430976	0.000209354552093114	9.10631766943173e-24
H	0.0037661695575696	0.000277476663593912	0.00925555706519339	0.0103931313934869	1.58379304397729e-88
N	0.00102876075773585	0.000241982380646328	0.00210448945449409	0.000260971469044602	1.47170714773653e-06
Q	0.0128322389872230	0.00251845253642379	0.0309350328754129	0.000685381629365895	2.76405161674852e-08
D	0.0442103106534766	0.0283903061172743	0.0534073330392921	4.28587511142346e-05	6.24181363929776e-05
E	0.00895157321730858	0.965381518154508	0.042342478483111	0.0006016294643582	1.8985888635194e-05
P	3.6501475384256e-27	2.34568166009862e-11	1.56070043954847e-125	7.62524121190064e-07	9.87963628046372e-92
C	0	0	0	0	0
