	-4	-3	-2	-1	0
W	0.153851650102890	0.0103681374662966	0.005789642443612	0.951536926692173	0
F	0.0405122902032723	0.00773834344105643	0.0140215260862578	0.0072986940758193	1.99989350098776e-37
Y	0.05382417090093	0.00589822371180298	0.0297544142398567	0.00777788796039906	1.73033504942171e-47
M	0.204292292613877	0.0076943109762043	0.00325632186149713	0.00128357598629465	0.000228564055095945
L	0.0132267794452131	0.00309542725445195	0.00244569137291807	0.000572664871052045	4.21712067228671e-09
I	0.0167598296448598	0.00335019772211625	0.00541567987877343	0.00125598763547663	0.116029875338765
V	0.00755798091974447	0.00793131353607283	0.00458699860524773	0.00338668868852559	0.850647627661628
A	0.0176524047101656	0.0272580161025788	0.00857965397500482	0.000440194776485828	0.00659636384896258
G	0.00363319936896105	0.0144580513125581	0.00192054715586148	6.83550262169862e-05	0.00118909623149862
S	0.0147831844514744	0.101327441298343	0.0426770447595203	0.000473133285813692	0.00112667610134284
T	0.0274345530152582	0.0566104742763694	0.0210346254738545	0.00415723140840985	0.0189122983199527
R	0.247982667298569	0.539268425060404	0.720090546306277	0.0159527670906286	0.000113025604733522
K	0.0548512891897972	0.0443328790963725	0.0101835952196291	0.00185486101864994	0.000382593091311358
H	0.0255656688015723	0.00491461910517422	0.0221890129641222	0.000536065741057928	1.67342062094527e-11
N	0.0255680989063955	0.017279117579888	0.00678839229285134	0.000401533591184672	0.000318762352577817
Q	0.0202769859255692	0.0368525918327467	0.0304548629347488	0.000882754204719662	0.000144443787328158
D	0.0184703477612991	0.0195122047356792	0.00761667368848362	0.00135319373288151	0.00156936543978336
E	0.0537566067401275	0.0921041491071034	0.0631947707414839	0.00074383082719186	0.00274130393316546
P	2.43796594570982e-14	6.07638478131453e-06	1.09128831483781e-79	2.36533870186846e-05	2.88993783470395e-79
C	0	0	0	0	0
