	-4	-3	-2	-1	0
W	0.210373828235536	0.000784478588366045	0.00491464188675105	0.187323131902141	0
F	0.0660913616004092	3.16588000268082e-05	0.00764451174483097	0.522959634726457	0
Y	0.0846497462838967	1.09044338174710e-06	0.0691026046853152	0.0959049128599716	0
M	0.0820255266169373	0.00321696278288418	0.0160375757503429	0.00123133089513028	9.75114243000534e-15
L	0.00698138956084602	2.08325993756664e-07	0.0267182846000857	0.00636046297594099	4.58887594566635e-13
I	0.0171368395100858	2.57240700581764e-06	0.488215998987246	0.000233365842532548	0.00108531749660551
V	0.0266154094923794	7.44272050336053e-05	0.250091184179868	0.000284834374492268	0.984932465990877
A	0.0126402985338222	0.104036604066251	0.00287941978574932	0.00069221991632186	0.0054128133372318
G	0.00249052865039673	0.356241912249505	0.000204556504457383	0.000204246876380520	0.000253233615555212
S	0.0293146372820284	0.169308476875449	0.00156457417324486	0.00141749648884262	0.000830952389593144
T	0.0310792033410357	0.0147920403748987	0.00797790698451694	0.000144466873408785	0.00728815427065967
R	0.11426642930861	0.00443733703590057	0.0157712036798453	0.0254017639022146	6.93956138178956e-44
K	0.0464326086530008	0.0424741467609326	0.0259080069844102	0.0470686988405852	1.62477380691779e-28
H	0.0110282538953087	0.000296360076628353	0.00217201878591570	0.0603265158125554	5.91021973392114e-41
N	0.0224984860584792	0.00979920624084399	0.00188677392113868	0.0053759084275208	4.38689964226717e-06
Q	0.0518528556291789	0.0576281157720136	0.0544770793446077	0.0164348153915157	1.26855501563346e-08
D	0.123632664927244	0.0768241323316538	0.00446510785008102	0.0143997273577287	0.000177487783294346
E	0.0608899324169964	0.160050266304160	0.0199685501515926	0.0142251592600966	1.51755305223901e-05
P	3.80850013804822e-12	3.35907090219e-09	2.86502383080479e-91	1.13072761632006e-05	3.19184870647286e-59
C	0	0	0	0	0
