	-4	-3	-2	-1	0
W	0.263568779906414	7.12901454768488e-06	0.000236390577108436	0.927254330544929	0
F	0.0787810978377908	2.00104446725647e-06	0.00122352181818970	0.0579811490759088	1.38564907744681e-129
Y	0.106331389137419	1.17064873562323e-06	0.0205825752263249	0.00934648828028932	5.51516193310607e-197
M	0.0340658501967715	5.25176302523699e-05	0.00890840387859268	2.62800834723726e-05	9.82136674900246e-06
L	0.00626056072133778	1.90608269830563e-13	0.0011734816158865	3.50525173555316e-05	5.09308036829717e-13
I	0.000250150933974755	8.50116718859197e-07	0.00468838553937639	2.45699178006821e-05	0.580542583289408
V	0.00759480796551048	2.41388251835445e-06	0.00218533490876709	2.40911252348051e-05	0.417437606662639
A	0.0120968751638253	0.000261718539549048	0.000678732381184557	1.09198171445133e-05	0.0007068010192387
G	0.00161888190668621	1.32755037311339e-05	1.13250757489952e-05	8.92250828122117e-07	2.88994852937786e-05
S	0.0837093757075063	0.0027206019436295	0.00384717367857524	2.06894152605464e-05	5.52842917979074e-05
T	0.0199522810953690	0.000227913598761990	0.0501539327886577	4.74275302113619e-05	0.000860529478042903
R	0.170936633101779	0.000135722492435109	0.0807082834594825	0.00344871558253167	2.61722159054614e-09
K	0.00672882852796845	7.63415856087026e-05	0.00938157203540445	0.000529014318877859	1.56970611305078e-08
H	0.00890863685315697	3.45357698951664e-05	0.0049373387395368	0.000976793377903696	8.59080167706856e-34
N	0.0201302128140934	0.000696182887545219	0.00992158594886353	3.10966291638874e-05	6.84816147483086e-07
Q	0.0942269786688656	0.000142376265323048	0.0100794655474549	0.000223701996317897	1.98913532990772e-05
D	0.0612508271852084	0.0209850053141803	0.0132537807789885	8.19384365713506e-06	1.63631125371452e-05
E	0.0235878322763233	0.974640240821228	0.778028716001857	1.02586420897536e-05	0.000321516810055071
P	1.86877982828243e-36	2.94068250236081e-09	5.85032109357525e-136	3.35051023414399e-07	8.85142906247231e-80
C	0	0	0	0	0
