	-4	-3	-2	-1	0
W	0.135616423977299	0.00171714524017674	0.00292633541030423	0.9559033604216	0
F	0.152675721188303	0.00164994079215732	0.0254321520998469	0.0281145214666674	2.36898065635068e-259
Y	0.0768370495924842	0.00388660383995577	0.0272847978260966	0.00177578169986702	0
M	0.0797955103774798	0.00274178894587179	0.00652218462922166	0.000132034878180612	7.46219879952633e-14
L	0.00418117378570782	2.56567594119129e-10	0.00152497560785937	0.000346980558599136	7.50823419076102e-22
I	0.00311984268570559	1.02543950126347e-05	0.0210545208582331	0.000311093969803427	0.00392273206504220
V	0.000616951118459345	2.49389933433594e-05	0.00218717266071516	2.73701426061906e-05	0.99064581276859
A	0.00785374161813969	0.0088705085006679	0.00160269079828525	7.14077416030684e-05	0.00197435977149915
G	0.00698384504962664	0.00329380228933471	0.000132721627256971	3.13603747181441e-06	4.94918834796419e-05
S	0.0138113540709261	0.507990718128338	0.00807605109487214	6.94729619438467e-05	0.000162908878139105
T	0.0436029863978782	0.0384609540359203	0.561616434901074	0.000125386425306999	0.00321903997616915
R	0.208581107521708	0.0659514392557454	0.0529543813893934	0.00778747589016242	1.76027618048638e-21
K	0.0208303627621630	0.0898682562590239	0.00411984231992252	0.000295103091364163	1.32306559229447e-26
H	0.013840020258175	0.00135861320182515	0.0247002393082889	0.00399169073403298	1.02321448104427e-29
N	0.0210635116789976	0.028421997119905	0.00345372681900379	0.000243840325914888	5.2595104830238e-07
Q	0.0371992602137911	0.0193266857946856	0.0298547247907278	0.000627096349359791	9.35127748168838e-09
D	0.138907917503376	0.0711220530037381	0.0233513830244327	0.000147243199904479	2.15314779386497e-05
E	0.0344832201997791	0.155304299947731	0.203205664834466	2.69228547487873e-05	3.58787674112603e-06
P	1.54211034715628e-33	4.81114095429282e-17	2.02859771385295e-118	8.12508635737382e-08	2.89970185058034e-91
C	0	0	0	0	0
