	-4	-3	-2	-1	0
W	0.133968412188488	5.01546210910185e-06	0.00240824848914899	0.975733115290074	0
F	0.205039797532318	8.40640619367997e-06	0.0430094153735646	0.0121746245420192	6.19141472262258e-115
Y	0.0434169057050276	2.91490607882481e-05	0.00686102831684381	0.0051299661801208	2.22898476687876e-258
M	0.185223461349815	9.3164379919728e-05	0.0159264515877124	3.95263222791441e-05	6.54669090380779e-12
L	0.0159994529107210	1.20950666395329e-06	0.00168535491421176	1.24428164016654e-05	5.35331700179316e-21
I	0.00764504331487488	1.47886021929418e-06	0.0127250076402028	1.68563061242381e-05	0.000435104184759623
V	0.00483810614634519	1.08551224285004e-06	0.0402098258384936	9.09886903045892e-06	0.998993646591442
A	0.0169906328686244	0.000150180021254952	0.000714328285523934	9.2610462196846e-06	0.000148926857885240
G	0.00252137683395108	1.64650089540139e-05	3.22228116823319e-05	3.87656374257985e-07	1.85290796883061e-05
S	0.0285164699893563	0.00087653900717556	0.00509780023936389	1.25994162892350e-05	1.61862550351719e-05
T	0.070998256704173	0.000776919403445871	0.624074908860985	3.94915745523717e-05	0.00036246360345941
R	0.123695672171306	0.00027007113334416	0.0210681673109806	0.00139790873226765	7.68971731042667e-30
K	0.0402718118641845	4.467740306664e-05	0.0249316697915688	0.000618395089689958	2.63206063004577e-15
H	0.0177746425338874	0.000187052018834658	0.0106620095769891	0.00465643895835342	2.65437029703626e-29
N	0.043321514343011	0.000565065269670545	0.00697326304104495	2.81139786398169e-05	1.11735123158274e-07
Q	0.00620290494651684	0.00111259544353143	0.0276047336069776	9.43005009190819e-05	2.17529101359989e-08
D	0.0358790129953823	0.00980121628776833	0.0269527947755405	6.18793784590281e-06	1.91268684360504e-05
E	0.0176965256020179	0.986059709814817	0.129062769539165	2.10783146940470e-05	5.88306471154173e-06
P	1.44550290838198e-20	6.61284194985373e-17	1.45212040699812e-124	2.06468104619626e-07	1.33567035684126e-89
C	0	0	0	0	0
