	-4	-3	-2	-1	0
W	0.051625608893993	5.12849944690885e-06	0.00137029788757981	0.989246350594924	0
F	0.133410153612877	8.13784151648527e-06	0.00535709058042874	0.00229683667462029	5.25332314056343e-230
Y	0.0526527252420478	1.37262125661515e-06	0.00128738714058082	0.00565944827107272	0
M	0.128095033085465	0.000218168614366016	0.00143384029870333	7.25586670111828e-05	4.59968971717833e-13
L	0.0149557800478896	3.34990219105439e-16	0.000317644384951905	1.93357751582825e-05	1.17361270862428e-12
I	0.0114466669018389	4.29783567386627e-07	0.00287471022203376	1.37436186920328e-05	0.0076671344755756
V	0.00358291894446081	1.15452430893404e-05	0.00688974008941764	1.58451210094705e-05	0.98918482041572
A	0.00396505359339668	0.000324550958356024	0.000262602215161829	1.40647925411188e-06	0.00190601811693898
G	0.00223571679832905	8.56644828314478e-05	3.34603814107295e-06	2.31397930748631e-07	6.78670166467315e-05
S	0.131376150029618	0.0133543188607896	0.0447801513353946	7.55415406875015e-06	5.64831414832621e-05
T	0.0111303142878079	0.000113689527883246	0.66608428263636	5.40157325218418e-05	0.00109131180756123
R	0.176515602784926	0.000211287419333471	0.0207140613646562	0.000562378512566343	8.1062213618595e-24
K	0.0269925504252930	4.75161087070703e-05	0.0136886528749350	3.42742609078100e-06	7.23138058274957e-15
H	0.0148256921912965	1.59448193039953e-05	0.0165357211968978	0.00146431935308676	8.48741351843188e-35
N	0.007074934358794	0.00125227866208307	0.00489597359045644	2.79722813598207e-06	1.78992558421931e-07
Q	0.163901001301774	0.000404884084161846	0.0832922710420797	2.62391182760831e-05	1.21656094390256e-09
D	0.0557841934933825	0.0345292023589239	0.0999504779556401	4.60984624424015e-05	2.51893239615852e-05
E	0.0104299040068095	0.949415880114233	0.0302617491465812	0.00050733760300418	9.95491352812442e-07
P	2.63931211956386e-33	1.50560285651802e-13	5.78172899991950e-138	7.58101342562491e-08	1.58875196798898e-72
C	0	0	0	0	0
