	-4	-3	-2	-1	0
W	0.164488153889517	0.00703730350648073	0.00303164660543429	0.939234585653547	0
F	0.0584485388337521	0.0120981091780885	0.00684651130157522	0.0104114140456049	7.90045850352959e-68
Y	0.0492619266332295	0.00826540328434616	0.00787143885362725	0.0149486822041427	4.53392768174851e-82
M	0.0701070156574711	0.0103861071259728	0.0028467059630032	0.00069747948698487	0.000114874711248261
L	0.0210268843795268	0.00455007927516424	0.00147303576100543	0.000762337258097247	2.13083253638269e-09
I	0.0230478414030182	0.000546784814904219	0.00383815623155109	0.000267476869135214	0.110922208947150
V	0.0112523216020768	0.00147840302536499	0.00199505861949622	0.000178790996611982	0.861458255672811
A	0.0222034816909404	0.0185331494930735	0.00518968224687321	0.00019704220530322	0.0064342529081156
G	0.00226163416469708	0.0035509709763283	0.00183063638085537	6.75633951711195e-05	0.00100936663138395
S	0.0359043007391871	0.0338898659692074	0.375305389013009	0.000346850251741396	0.00208229227640022
T	0.0706840362066823	0.0102109056082158	0.0533521870145913	0.000278657920118408	0.0149344624794254
R	0.156923104022881	0.0702782504233958	0.459391410553654	0.00403924003635356	4.62228768772994e-05
K	0.0550502091673252	0.0162081469158309	0.0175206637097613	0.000658806798653306	5.74186873718919e-07
H	0.0174707063742175	0.0252658673463497	0.0122448002838929	0.0042452799001278	1.23894370667265e-13
N	0.0432574287632015	0.043857368358378	0.00795086691697389	0.000168121612185932	8.46595726488626e-05
Q	0.0842664656917246	0.106736066305973	0.0229529362574537	0.00132707475519641	0.000105779682523573
D	0.0514587061111488	0.0929490510612219	0.0041769024393446	0.00311060633830375	0.00109408527230227
E	0.0628872446326812	0.534158165018704	0.0121819718478979	0.0190517714499050	0.00171296265128287
P	3.67214338479263e-11	2.31300018577251e-09	7.01491684534512e-74	8.21882281668097e-06	1.19385345940077e-64
C	0	0	0	0	0
