	-4	-3	-2	-1	0
W	0.118392880457244	0.0455321002036005	0.0239027217825862	0.264522591254961	1.40907651030854e-221
F	0.0680686470117513	0.0596331794935483	0.198707147597638	0.118324765576650	4.59685376195947e-42
Y	0.0447195841050214	0.0450575477592522	0.393669802924797	0.0659029188994751	3.24999106976085e-70
M	0.0632844138541406	0.0423000088313649	0.0127077292351107	0.00976359999833977	6.04627087010691e-05
L	0.0462077179410234	0.00380720890912171	0.00977769414839935	0.0252745798672305	2.00111131147379e-09
I	0.000524212003552006	0.00795683793725242	0.054407319324059	0.00868584992590524	0.306798929006868
V	0.00388612039427903	0.0714313554925746	0.0442513469618569	0.00361717322056398	0.592319127468808
A	0.0201557165719269	0.126417929014334	0.0133868369000352	0.00818273316853311	0.0313693258327029
G	0.00855790977717918	0.0449027579081329	0.00119579058876871	0.00176304609091721	0.0096521045846162
S	0.0366191803719781	0.0743925608007432	0.00487483850342681	0.00548124000774376	0.00850008746346805
T	0.0376027761505767	0.0835670525692187	0.0219149286416164	0.00387903092081214	0.0378061882158213
R	0.156359952107315	0.101110726404683	0.0328367294927914	0.225437873787847	2.23757231469169e-11
K	0.071768358449299	0.127688694569185	0.0224343200103365	0.0556738280502556	7.08631169835853e-07
H	0.0283593906447153	0.0160747947256479	0.0222029193209798	0.146882120756203	2.82855311007601e-08
N	0.0311406698270638	0.0134193400374558	0.00461311822553907	0.0124781020481223	0.000671604400000583
Q	0.100517354031688	0.0511611828904891	0.0463191056991428	0.0286935657596959	0.000547083816408553
D	0.0842632162984732	0.0131197195636021	0.0086878294854207	0.00697568860453282	0.00369923966495254
E	0.0795719000023925	0.0724267530912246	0.0841098211574953	0.00790818154612017	0.00857510789746529
P	3.79752158794325e-13	2.49798570186945e-07	1.95039677084505e-66	0.000553110516091291	3.61694210500080e-67
C	0	0	0	0	0
