	-4	-3	-2	-1	0
W	0.534594480096502	5.10624191859155e-05	0.00094551312278917	0.0432128898028936	0
F	0.088741020068266	0.000287854415360142	0.0040248743938199	0.758871738166434	4.14392391775047e-153
Y	0.0559031981803036	2.78898101590414e-05	0.00357688064733292	0.0268996620209263	6.43038994317226e-213
M	0.0420027917932028	0.000163097251389058	0.00761644606460637	0.000179179652298529	1.31844757116880e-07
L	0.0129738386627386	3.78694870562711e-08	0.00356482998027306	0.00758020117303551	1.40925994919627e-22
I	0.000610876581564373	3.81272212981954e-08	0.00501919067963854	5.10495919680655e-06	0.0235851311021472
V	0.00358108534450624	8.85730215789534e-05	0.0124769417018935	4.21964914706838e-06	0.97059803114812
A	0.00654897097353286	0.0695537928305647	0.00122305958397967	3.60078922679205e-05	0.00274261893191953
G	0.00189119762752392	0.0151986311110671	5.52588769050413e-05	3.14446291441910e-05	0.000119445735541780
S	0.0231355143420717	0.0491559712114	0.0364783067827281	0.000370016571886033	0.000338843694087123
T	0.00429672764817382	0.0105388944759637	0.708914413817358	8.06984479204116e-05	0.00251336463376494
R	0.102409580411104	3.30065509903829e-05	0.0225141229715271	0.0220241318022205	2.08202387154062e-16
K	0.0106045558869473	0.000328400004514367	0.0253436887264813	0.00782982853086536	3.04754139339352e-12
H	0.0040236337473556	1.64630849984413e-05	0.0147481396618167	0.117928057525791	5.5962086013901e-31
N	0.0256851268368910	0.0147756917711128	0.00294754604449181	0.000897193975203068	2.47828902843399e-06
Q	0.0208975693605043	0.00516088803623012	0.0364907251843963	0.00999872421758641	9.19126304103872e-08
D	0.0447027981302615	0.571364128448107	0.014899864016928	0.00137806385119793	7.42004339613604e-05
E	0.0173970343085454	0.263255489624655	0.0991601977430347	0.00267194263038596	2.56622709950074e-05
P	4.27241009587883e-15	8.9936014702879e-08	2.92536264465746e-144	8.94501599040458e-07	2.18749115395361e-71
C	0	0	0	0	0
