	-4	-3	-2	-1	0
W	0.00272184414553832	2.50100851608069e-06	0.00802723107979923	0.992820572156168	0
F	0.00738440192742876	5.15390431436466e-06	0.0551173892845871	0.00211746980213209	6.01852256541248e-256
Y	0.00328111447156601	2.36189848977748e-05	0.00254440823858364	0.00354191615851187	0
M	0.00463489852757214	5.6090610660974e-05	0.00222894386875802	2.99760128049251e-05	1.52679290131790e-12
L	0.00452626891448706	2.94468844273327e-15	0.00337327607247602	3.6450597677268e-05	5.54856719765475e-15
I	5.16541129115143e-05	1.07480802487307e-11	0.0137222536453670	3.36003217955501e-06	0.00217239198352349
V	9.57084389221632e-06	1.86130206389676e-09	0.00227048630193380	7.910736993182e-06	0.997488538160165
A	0.000755002089247465	4.25728367421499e-05	0.000271426531488224	3.83667708443834e-06	3.97774083424522e-05
G	0.000500727387192271	5.85085215331117e-05	4.76093056114343e-05	1.62457048011004e-07	7.1893569554456e-06
S	0.0225391742527832	0.00015747586543318	0.00594576384249518	2.99551407138296e-06	1.1612076881817e-05
T	0.0148627818281728	2.00156226728024e-06	0.849540259714204	2.36387390967424e-05	0.000266008488146758
R	0.0948312286759805	6.49068493892259e-05	0.0059362796232297	0.000494467240807184	4.43381179182779e-20
K	0.00232791160131090	1.58666797201736e-05	0.0045974196114402	2.29109743419817e-05	1.28831809447081e-12
H	0.00117803031147807	2.62460331354714e-05	0.00735977887491148	0.00084890221299119	2.97636412363987e-40
N	0.0400874520519072	8.00132962651178e-05	0.00352190832085517	1.08206931327756e-05	5.53059345370853e-08
Q	0.00195896545634654	7.77066443792503e-05	0.0232056286458200	2.36282643429368e-05	1.01285161576471e-07
D	0.580393629835745	0.0123645419588082	0.00497663480574617	5.34475980945511e-06	8.98292690576796e-07
E	0.217955343566440	0.987022793371885	0.00731330223269411	5.60936879809081e-06	1.34276393774129e-05
P	1.34117584376136e-26	2.36132052665775e-18	1.8947448375292e-125	2.76020084805251e-08	9.86775249672315e-77
C	0	0	0	0	0
