	-4	-3	-2	-1	0
W	0.0930586585832259	5.71667928722739e-05	0.00434599072806527	0.992052902436274	0
F	0.171385548754109	0.000196327146028705	0.0306449008926315	0.00615003604864177	2.20374053402105e-259
Y	0.157553522512573	0.000120961612029687	0.0528340508457383	0.000232893192643619	0
M	0.0888655825614426	0.000122354425705282	0.0132661860841796	1.02995420112584e-05	7.2254434361196e-15
L	0.0198742539675687	2.69794612561878e-14	0.00223054438352319	5.97671476491375e-06	3.45411494084838e-23
I	0.000735796246363163	5.29851500928006e-06	0.0127536266883244	1.49956578752828e-06	0.000157541471569335
V	0.000379648971057269	2.26824862163983e-06	0.0132867397547492	1.91066425476087e-06	0.99805803251832
A	0.0106580157793123	0.000840623870117802	0.000194807121211955	1.3042882881697e-06	0.000153804200624959
G	0.0278456643241598	9.1374538336772e-05	1.41111510145382e-05	1.79710651825554e-07	1.00735094677534e-05
S	0.0554839024927762	0.00875100728140885	0.0115083211904495	1.14437560983489e-05	3.05036424682133e-05
T	0.0558152613698948	0.00659475936843803	0.72856474222233	2.31019435377971e-05	0.00158521610825517
R	0.0467162310409216	0.000765669394763309	0.00461181801258869	0.00107118340893418	1.15986483277866e-28
K	0.0240378371742919	6.38785519218703e-05	0.00776975829225758	2.89677126071620e-05	8.37388296560021e-18
H	0.00186003300576051	7.15405732273142e-05	0.0300915588470449	0.000357341238247737	1.06508089659904e-28
N	0.0425311074619303	0.000693860903841993	0.00176434759260482	1.99775536858574e-06	2.63459265894078e-08
Q	0.0273417504144921	0.00110655104582958	0.00989051891513834	4.46775825727154e-05	7.71306737033896e-08
D	0.105367309353677	0.00476506472193046	0.0175708463677991	2.22557820053542e-06	3.10104856236228e-06
E	0.0704898759864428	0.97575129300989	0.0586571309103496	2.05638667855524e-06	1.62402412506509e-06
P	3.34905236249116e-23	1.48585560459549e-23	1.8612190619592e-143	2.47443658297027e-09	1.16600121838224e-69
C	0	0	0	0	0
