	-4	-3	-2	-1	0
W	0.297730311877602	0.0594904716518991	0.0267752281682428	0.233897042454131	0
F	0.0756351780789494	0.176275953380116	0.168279408285591	0.267989628430396	1.64695911425067e-84
Y	0.0264386399618355	0.102903388749650	0.275385807797772	0.0693082174868147	2.76682129195590e-169
M	0.0606105955748441	0.0261050432234279	0.0346347129158800	0.0339354742972977	2.39983234120355e-07
L	0.0291667227448175	0.00271903642261206	0.0185739761410831	0.0118062028355741	3.16867525799727e-12
I	0.0213868773445536	0.00488414055001443	0.0401525039583024	5.24470823544504e-05	0.212257403277001
V	0.0105766096226497	0.0132761872460574	0.0476940905633633	0.000539826693434226	0.667205789940013
A	0.0127713514101473	0.0454257795533481	0.0247420572532766	0.00353992207366989	0.0480511213508835
G	0.0097898607437475	0.0620886907323859	0.00254123026806348	0.00116325207037463	0.0177482653611747
S	0.0223788394999697	0.0441303732682899	0.0178808625392357	0.00583847295636208	0.0105361521577375
T	0.0199474923887197	0.0522659898317791	0.0255692499518856	0.0024188883600493	0.0275331454606317
R	0.099588286109373	0.0583626240889424	0.0472486227197628	0.0631073694026553	2.84888136801599e-12
K	0.080844417776893	0.250302646985777	0.043083078943993	0.0383097196436648	0.000325814903797029
H	0.0200660605846259	0.0116472411776321	0.0157942374132238	0.125320328786362	3.05352106200521e-12
N	0.0374760339128419	0.00249168272988909	0.00693967306957053	0.00776109194845982	0.000611910980961955
Q	0.093347465307014	0.0370706615274675	0.0445383085423047	0.0230371081719866	0.000350030979672808
D	0.0403579507929986	0.00607361097835567	0.0165651504580008	0.0316692824252998	0.00628336814731781
E	0.0418873062684178	0.0444864779023273	0.143601801010448	0.0801796622014703	0.00909675744850389
P	1.12255677037600e-19	2.81235319710443e-14	4.03949802150003e-64	0.000126062679642289	4.97649714325056e-55
C	0	0	0	0	0
