	-4	-3	-2	-1	0
W	0.836699984204277	0.00175356630597476	0.00725372642711272	0.0279490609800176	0
F	0.0111247005518263	0.000531045574922676	0.0570350728451608	0.712212748661592	1.41190376149338e-203
Y	0.0390556210234559	0.00249045577270967	0.00814035772457418	0.0131347206939446	7.77687701995334e-234
M	0.0043755993256979	0.000558013745169959	0.0451581406809343	0.000649563336218221	4.16668047561540e-11
L	0.00622151852125831	4.59451499871569e-16	0.00256304388487107	0.00162153890408725	2.15895667466772e-13
I	0.000606177607559731	2.48910833793648e-08	0.151387971956317	0.000454530245868852	0.00439047715828452
V	0.000767003990864946	1.45641782143407e-05	0.0476936362744695	0.00101871748073016	0.992021945176825
A	0.000741720968328911	0.0514371281386770	0.00193398374218021	0.000178384384489284	0.000838305286240909
G	0.000235582602336112	0.00323573534978043	3.05232290517757e-05	8.49190456532327e-06	5.94670980626542e-05
S	0.00128679498870109	0.558517229943242	0.0108588103203091	0.000144581284747318	6.89190595981103e-05
T	0.00104258423404149	0.0419762320449146	0.474272197533018	0.00074258364122654	0.00257307555561385
R	0.0297861659244485	0.00220413644405917	0.039386781168007	0.19644387414496	2.52736631281169e-30
K	0.00573606359161737	0.000985197005470129	0.0104802675369413	0.00227277630012598	4.70205556251596e-17
H	0.00108229913144805	0.00535742016856287	0.0291501465766641	0.0400476690490677	1.44814907904571e-34
N	0.00253453496547777	0.0683865499938966	0.0193426482460481	0.000277350876501485	2.35371219443478e-07
Q	0.00239964360778068	0.00783978337040965	0.0200710828511315	0.00180648542124646	5.5616600675804e-08
D	0.0526119483955995	0.234665984910002	0.0271221718964391	0.000212112662609713	3.82167180642197e-05
E	0.00369205636528032	0.0200469321628454	0.0481194371067705	0.000824763841697741	9.30291760753835e-06
P	2.49158569588466e-22	6.48119218445873e-14	1.58439934440550e-117	4.61863039202113e-08	6.72870607365238e-70
C	0	0	0	0	0
