	-4	-3	-2	-1	0
W	0.856608918236488	9.53999872088979e-06	0.00440442907474963	0.99726373382217	0
F	0.0158080168132377	5.69233515955595e-06	0.00273828372097124	0.00109873401122879	7.48400155587004e-200
Y	0.0114248622142687	2.25841786068799e-05	0.109283743867776	0.000778632102436545	0
M	0.00341681027467924	4.95968576775924e-06	0.0183237146982508	8.13263841648532e-06	1.24448790945129e-11
L	0.000329173608490338	6.43741286154913e-18	0.00317088129076450	3.88265756856916e-06	4.03948617601172e-18
I	0.000518759902945102	5.91947777075242e-11	0.382409816888729	3.83119810065226e-06	0.00291420843088138
V	0.000230843240257868	4.05568598193558e-09	0.148830143774221	2.59088935437494e-06	0.995607997581503
A	0.000652884468713718	0.000100937388293652	0.00857436908887451	3.02441401233948e-06	0.00104420267420177
G	7.21836562647673e-05	3.70685516363363e-06	0.000199671040558813	6.11945485859617e-08	4.18882689834391e-05
S	0.00662568252785126	0.000123292310605725	0.00150757630800844	5.12349379434992e-06	3.3104280457328e-05
T	0.00235925042847364	0.000110883941294897	0.00799004509432754	1.17789208333867e-05	0.000331825693385882
R	0.0105812822926864	7.0407349237137e-05	0.153414478139949	6.40489276579667e-05	1.05816592597194e-23
K	0.0101824373028327	1.16504902363687e-06	0.00580132993426888	2.21992562235268e-05	5.11545760197796e-16
H	0.00192882238126149	1.23056297491871e-05	0.00659268684179384	0.000663835141020007	7.83799760278808e-33
N	0.00103081080566839	0.000656752881154697	0.000792479129074766	6.90669084960929e-06	6.47230745090496e-08
Q	0.0214539580867442	5.34808551948007e-05	0.0179830915613015	5.6167342237651e-05	1.20548985112116e-08
D	0.0543773368730131	0.00180387304531608	0.0086701609495512	2.88067070446854e-06	7.98064568798064e-06
E	0.00239796688612363	0.997020414381717	0.119313098596829	4.43001116461687e-06	1.8715634480453e-05
P	1.89233872457808e-24	1.13446330996612e-13	4.79342706137688e-129	6.61767791489836e-09	1.87793836970729e-81
C	0	0	0	0	0
