	-4	-3	-2	-1	0
W	0.228023590657731	0.0158888549820243	0.0128889275775061	0.146791719805427	0
F	0.124641992916568	0.00236775511616839	0.0342479685992019	0.683745035787369	2.06756530882284e-239
Y	0.193789025911841	0.0044646458489259	0.122988139918733	0.0629865561731552	0
M	0.0699792068499869	0.000385001938184339	0.0081729525603469	0.00176684868642105	5.31497233814662e-19
L	0.00736735629257008	1.09759077830998e-08	0.0185496556464140	0.00103905379877155	4.29280409680411e-12
I	0.00368270805810541	4.85024557204792e-05	0.0479297512849375	0.00085120427234559	0.00323828196365447
V	0.00212898349374839	0.00231682634039589	0.0376263721379156	0.000192656588076906	0.98719867509553
A	0.00283482815320033	0.00364900907878823	0.00141687902558954	0.000140601597101810	0.0039814760646133
G	0.00167954374336195	0.000725513344235972	3.09061160298219e-05	8.10933967644928e-06	0.000138885522027537
S	0.0221746390433596	0.216383199345200	0.00996260685293256	0.000271249180701941	0.000355734606272296
T	0.00962082721517463	0.0653775156965469	0.429092632084981	0.00113263468227443	0.00493218867221567
R	0.158285298322564	0.00240442893425805	0.0704308681360013	0.0143443324611041	1.14099975929037e-27
K	0.0291478275899988	0.00107320241727877	0.0335755273312448	0.00185666772643327	1.20746128788835e-14
H	0.00939908356275943	0.000779357322281251	0.0199370658450538	0.0806066180640462	1.45807223317201e-44
N	0.00986693137872442	0.0823657406096544	0.0141374844292754	0.000624183066927513	2.40544798833367e-06
Q	0.0409517833638356	0.00386769079216343	0.0677286223881175	0.00315954979643766	2.29382253150553e-08
D	0.0741690515150365	0.582540965562323	0.0167854745669670	0.000213964682779545	0.000142657040668017
E	0.0122573219314336	0.0153617778151154	0.0544981654987528	0.000263815165880369	9.6726445007634e-06
P	8.2885414082739e-34	1.42482691210350e-09	5.39916119845867e-119	5.19912507017114e-06	5.80499767938854e-83
C	0	0	0	0	0
