	-4	-3	-2	-1	0
W	0.641243171766187	4.44535879061106e-06	0.341694981664995	0.773521356541127	0
F	0.0653751381724551	2.01947454763463e-05	0.528328213913857	0.219617770388129	2.68148441154769e-131
Y	0.0345606219421415	0.000105768772002336	0.0219178745909827	0.00135145372487495	6.78503133643617e-245
M	0.0203922019616145	7.82150741346957e-05	0.00406439357462136	0.000172656371597765	6.7100021620743e-13
L	0.00408469097368973	2.67798030902885e-12	9.0522062228439e-06	0.000238152244562605	4.31403289840037e-19
I	0.00155797529962468	6.4511670706032e-07	0.00028739172691118	9.9001235362406e-05	0.0007667208104429
V	0.00045032609062128	6.95786941897789e-06	0.00137689224926172	0.000150847468085781	0.99654812774192
A	0.00914511296846471	5.54751305982454e-05	0.000775612768206639	8.84479573863656e-06	0.00182250816983956
G	0.00233289730251967	0.000118540714628613	3.10639957881003e-05	2.02731014517865e-06	4.20959649656164e-05
S	0.0220470982012838	0.00096375723799341	0.000860264155937193	1.30267611107353e-05	0.000122966915523282
T	0.0135756762282907	0.000155948139925928	0.00863907682670529	2.87673512789354e-05	0.000655865441496728
R	0.0445010061377964	0.000468632382516936	0.0154074190054049	0.00211944564482481	1.46413856944589e-22
K	0.0107913320340549	6.6244324411798e-05	0.0135544239579037	0.000171362510393251	1.07868063212437e-19
H	0.00532205182594662	5.87674526490075e-05	0.00537679550315534	0.00238557205787173	1.05470323143879e-27
N	0.0135113548901402	0.000407221362872421	0.000123002555658392	3.6488394265353e-05	6.41001199459949e-07
Q	0.00910697276591055	0.000339518665790662	0.0356425195036669	6.0603629796704e-05	7.21890317246834e-08
D	0.0763684255460212	0.0401834197224468	0.00645249863044471	1.26074037737502e-05	2.97868320951575e-05
E	0.0256339458932374	0.956966247926956	0.0154585231702774	9.6744287705224e-06	1.12149328148036e-05
P	9.35869968357184e-26	2.53913783813577e-15	2.87238919491704e-128	3.41738291291704e-07	2.89161731316960e-74
C	0	0	0	0	0
