	-4	-3	-2	-1	0
W	0.110505465170699	0.00136280442812056	0.0251263208111562	0.830737762443554	0
F	0.0312755377307627	0.000772238273800641	0.0192755927502716	0.130940822186481	2.38669102656494e-232
Y	0.0571788360506711	0.000654523143072134	0.0465851777074825	0.0171266861285945	0
M	0.0614900204822122	0.0167611556383706	0.0383777914165908	0.00187915284125988	4.01738435576872e-10
L	0.0122716811863421	0.000142771909133107	0.0479078709209671	0.00241429655934690	8.66595139778534e-11
I	0.00173367508366203	0.000501781767259864	0.173027310308700	0.00149295968033296	0.00703311604440437
V	0.00465160852145847	0.000379552306722421	0.121817377906288	0.00088992198901331	0.965709466387054
A	0.0380377299462800	0.0343979554796087	0.0151865306187476	6.12557976190722e-05	0.0111955494390710
G	0.00518884322744540	0.00408641845757011	0.00131720336499473	3.68628832707151e-05	0.00126847671388969
S	0.0332633154636812	0.590137332487013	0.00921090356768751	0.000364850450545131	0.00136021869778440
T	0.0219724479759555	0.0665940287257007	0.051970938495294	0.000706532094534782	0.0123818015352992
R	0.247778622134073	0.110992527560925	0.151296197287956	0.00400678397816277	1.27837161161346e-14
K	0.0349745279195230	0.0235860513800636	0.0329858155140769	0.000853414955921226	5.06717241600981e-08
H	0.0198153962395662	0.00313105206713193	0.0188240599532215	0.00685194267088781	2.8730069054989e-35
N	0.0438888473629222	0.0954059368447376	0.0190874540642258	0.000341317679499793	2.37062787788051e-05
Q	0.0614723407219547	0.0284623347736521	0.107841216317432	0.000655840646805309	7.13657736529042e-06
D	0.189358773185792	0.00922343692376846	0.027478007048898	0.000331584762513280	0.000800262730046985
E	0.0251423315969996	0.0134061088686115	0.0926842319460101	0.000292598077518671	0.000220214436171394
P	1.75601941549437e-18	1.98896473762247e-06	2.25961143793616e-80	1.54141741389796e-05	1.23675484598325e-66
C	0	0	0	0	0
