	-4	-3	-2	-1	0
W	0.0475803803805434	0.0100042701028087	0.0330315437780238	0.459998770341481	0
F	0.122937170810957	0.0316502345919472	0.0405093847463122	0.332399850348171	8.66710579284668e-267
Y	0.0326627561991163	0.0341219926037708	0.176746155262702	0.100509052093862	0
M	0.0364543629803674	0.0305497617986742	0.0526980731306677	0.00596357512444747	1.44726631957982e-10
L	0.0594550307703644	7.3283319743635e-05	0.0360869954368744	0.0219922548922461	1.3222163819824e-10
I	0.00211708744318939	4.92366626066272e-08	0.108535253406346	0.00105633239855216	0.0129907181841995
V	0.00174012121618168	1.06214915167266e-05	0.139618087320681	0.000166257686178443	0.953579225527391
A	0.0326022342994556	0.0233347296200496	0.0150885454313903	0.00255680398687583	0.0151753544649307
G	0.0103653710005932	0.0114119712989438	0.00101424757553024	0.000484318807057551	0.00186355245739132
S	0.0237770821138665	0.0568991258436409	0.00664379880808294	0.000886667800179628	0.00323074327648335
T	0.0158042101930709	0.0122028059368409	0.0276513755187537	0.00396485814103648	0.0104017051607781
R	0.357868903310454	0.236252891711246	0.0869363044878506	0.0228957405933865	2.9192441323227e-16
K	0.0547337913867125	0.333975426084312	0.0233211430589169	0.00629632824654362	1.46641438282617e-10
H	0.0506312596442651	0.0106902742872406	0.0152523108017765	0.0257846570299150	2.23088484887955e-35
N	0.0255615823638295	0.0135731800393054	0.00600041963175526	0.00393553557043302	4.48174742692917e-05
Q	0.0581340508889819	0.120914202601449	0.0868261457340724	0.00672322277659952	6.36455418418588e-05
D	0.0277461688968286	0.0156915072900429	0.0145375422053701	0.00157666103731819	0.00119235824446125
E	0.0398284361012156	0.0586435174089293	0.129502673664894	0.00278961770356280	0.00145787924466316
P	7.36421336458997e-15	1.54732875433194e-07	1.97302845903987e-72	1.94954221543448e-05	9.78614007929253e-51
C	0	0	0	0	0
