	-4	-3	-2	-1	0
W	0.327448758128929	0.000246681782232764	0.0196554466062277	0.942342100204813	0
F	0.180614565123052	0.00591077263307537	0.00492396889229966	0.0441891717148154	9.44563158422554e-302
Y	0.0252147177504619	0.000148095642679522	0.0200484368137444	0.00479577903433122	0
M	0.0622568783136518	0.000311424224794476	0.00985171664036363	3.980369056213e-05	3.63004567249881e-13
L	0.0129707126155430	8.351795100888e-05	0.0112478125544003	4.33014689398046e-05	1.39399967595591e-16
I	0.00499700199655651	6.21660464073831e-06	0.00677131606997717	3.71998146830644e-05	0.00157372690041844
V	0.00055678450764549	1.12585282993019e-05	0.0112453641346787	5.83808891634894e-05	0.992091412079105
A	0.0182319017750201	8.17037321650076e-05	0.000152194805183587	9.8569944836297e-06	0.0041550964607322
G	0.00130810760689531	1.50619583782889e-05	0.000152021652176647	1.34104415167074e-06	4.362026081822e-05
S	0.0143209239766775	0.000325184664972632	0.00252191046939328	7.89617535221143e-06	0.000117804552310199
T	0.00731244326673232	8.64737428646518e-05	0.362596379467249	3.36071207550168e-05	0.00196228880244387
R	0.156917929880759	9.03754128832053e-05	0.138297362688134	0.00157499186304054	7.71612012792824e-24
K	0.0133476101805982	4.53358013968537e-05	0.0215448813936897	0.00074395040896602	6.7871933875794e-13
H	0.00118959108662029	0.000573392288290712	0.0440612784671538	0.00571969028721998	2.32134788415009e-38
N	0.0104985226253959	0.000159830396882846	0.022279792545009	0.000259455442973457	3.83772457303543e-07
Q	0.0968400278554157	0.000490440921255588	0.112994927620914	9.69010739109795e-05	1.57559757203886e-09
D	0.00622326329947483	0.0142153493822677	0.0504896961582545	2.03937758656561e-05	4.94804424651115e-05
E	0.059750260010571	0.977198884328015	0.161165493021151	2.58945485858253e-05	6.18515260999005e-06
P	1.08843840301469e-24	3.89664405823063e-12	6.69202929444152e-139	2.84447386382161e-07	7.08802071288094e-70
C	0	0	0	0	0
