	-4	-3	-2	-1	0
W	0.082667158709948	0.00361603326843564	0.0262029200497605	0.973829630519843	0
F	0.096066565101599	0.001765843608207	0.0364879587864627	0.00601215143018835	2.36647847095106e-129
Y	0.0525114206847803	0.00214727406124077	0.0889328545869489	0.00738388352867137	1.70053684647443e-173
M	0.0319401680427841	0.00128077821583499	0.04310793638684	0.000627726418437992	9.99903324896477e-05
L	0.0101117279525345	1.81844813192062e-05	0.0306314588817555	0.000481983121911969	3.95393910260796e-10
I	0.000462673821723611	3.39686728647880e-05	0.0160947213542173	0.000429615288273948	0.237160644353041
V	0.00546048606721435	0.000112956815504978	0.0325148827938981	0.000388903772977234	0.742292641143985
A	0.0156318277256761	0.008540988782943	0.00723301419295484	0.000199758323217958	0.00751329767267981
G	0.00374453367042909	0.00199873443973111	0.000452119380335919	7.25000476284554e-05	0.000500702585404323
S	0.0893734508068606	0.185844165087934	0.00615804661317032	9.32803744197181e-05	0.00129261175734394
T	0.0236063050954888	0.0132168933170590	0.0220258429038139	0.000329599597584171	0.00926507350255483
R	0.330594759127082	0.651033000645787	0.042657505081681	0.00642975732344948	5.70068409741002e-09
K	0.0399141414238144	0.0580638111091517	0.0230016369312286	0.000484875314339721	2.77772063975103e-07
H	0.0446862486308705	0.00459531066422572	0.0212686002559415	0.00210939950094330	6.61743195969074e-30
N	0.0361262718955926	0.0217748935135885	0.0289505084581668	0.000227101516793708	2.93614730440857e-05
Q	0.0361412281690062	0.0157461553117835	0.0771392407427302	0.000513464328457723	4.12092700049974e-05
D	0.0847222377824723	0.0139171714567033	0.0529382748525591	0.000200337443029253	0.00042997115667377
E	0.0162387952921232	0.0162938365476432	0.444202477747535	0.000171989569921555	0.00137421288463688
P	3.73734092796064e-16	4.28790607124148e-14	1.29587506314036e-82	1.40425799115794e-05	6.05895237123829e-54
C	0	0	0	0	0
