	-4	-3	-2	-1	0
W	0.153029040803266	8.02530280796131e-06	0.000464325651421521	0.592408435714446	0
F	0.0516062066904411	1.09813043481020e-06	0.00708559901275073	0.397174823598953	3.60293179616453e-168
Y	0.104367448364291	7.37241408798808e-06	0.0105933718007245	0.0041768285330449	1.05009068293706e-270
M	0.0282485373063726	8.1492770526977e-05	0.000264300735929046	0.0002403340872029	7.43485145040741e-10
L	0.00250060746139694	2.96594909966713e-28	0.00103474995205812	0.000139176042519795	2.4468721063049e-22
I	0.000640033124164178	2.12814536284217e-07	0.0147436639652167	9.75291559884252e-05	0.000809289955680122
V	0.00327154408618572	1.49103375484956e-07	0.00154888259480587	0.000178709048253638	0.985709512552755
A	0.0103722685809	0.000198780434559486	0.000181302804880588	5.358213929015e-05	0.00282039192715507
G	0.000659864069498045	1.06535846551437e-05	1.56915780859662e-06	2.20627366573258e-06	0.000180125857424162
S	0.0088525400129159	0.000686612617041347	0.00100629737359313	5.82160084965023e-05	0.000175984315527001
T	0.0458906498648044	0.000115450750144916	0.815252370110193	0.000227429096172905	0.0101726724856089
R	0.356465975524744	0.000573877922684148	0.00139855636447597	0.000837785928699433	7.15062378807039e-24
K	0.0195535451185204	1.15355826142092e-05	0.000893767416648062	9.34748287657941e-05	1.06807036756443e-22
H	0.0105183154826937	2.26047822023634e-06	0.00128125339759820	0.00326396999193695	3.18252351489228e-31
N	0.0729212986628249	0.000140755637346336	0.00170506408005958	0.000295043936450647	1.98028917414301e-07
Q	0.0720891616443733	0.000172919656442266	0.0608666910928309	0.000705441703602553	1.75326077360634e-09
D	0.0413708901598085	0.0033422598807349	0.00402067197487246	1.98867397759767e-05	0.000129441942957287
E	0.0176420730427989	0.994646542918897	0.0776575625141333	2.71047316807268e-05	2.3804372290387e-06
P	1.93441869111355e-22	8.90750839976335e-13	2.03493220103376e-120	2.24410538451657e-08	2.77443146868021e-76
C	0	0	0	0	0
