	-4	-3	-2	-1	0
W	0.704386504934315	0.000872044980367236	0.00169104859010266	0.361637975841558	0
F	0.0724497435848805	0.00362016356456707	0.000621913818071343	0.533236191752159	5.76937488307885e-168
Y	0.0181867234379305	0.00233219824164766	0.000939226227498504	0.0378804466886912	1.92412369428844e-255
M	0.00717373106877285	0.00226849685528246	0.0111341835901704	0.0006204448025088	7.49569352960284e-13
L	0.00246053638591553	7.86456684985509e-08	0.000511047472433566	0.00100601215891717	5.30901933796969e-18
I	0.00387469942396028	6.76100891746662e-06	0.00744587374007016	0.000323890198356937	0.00169565132279334
V	0.00124274025765627	2.00682888034278e-07	0.019703591994825	0.000146101051076336	0.992353985435024
A	0.00142350119138305	0.00577522426370634	0.000597634132182403	0.000140682659101405	0.003985271062394
G	0.000288462944835664	0.000579765582315827	1.54050179724393e-05	7.8143482480416e-05	2.3000214868579e-05
S	0.0157806805763082	0.0213273521871338	0.00382598841895428	0.000118637837865931	6.4758814428992e-05
T	0.0108300806547513	0.0139821602646246	0.863443034695211	0.000482257439555713	0.00181559015212789
R	0.126540543791972	0.00385284626031416	0.0100698885931598	0.0427513706035118	3.85743372738068e-22
K	0.00266526995358554	0.00274702356210023	0.00229016318783621	0.00224960726013883	2.67853966013291e-22
H	0.00181171055404046	0.00126159638635891	0.00275567707209567	0.0182552557269246	2.06479223280967e-49
N	0.00720133430959732	0.0547181037031089	0.00504379767610294	0.000195922348881893	2.13352159233488e-06
Q	0.00366394072391238	0.0161014824600357	0.0225134125082033	0.000397171386646927	2.29505618197964e-10
D	0.0146901860559897	0.763236016981568	0.00609943596087548	0.000302976573638456	5.77969808795224e-05
E	0.00532961015019325	0.107318483167075	0.0412986773042351	0.000176805697984650	1.81226563592483e-06
P	9.49324133695637e-22	1.20231985068386e-09	2.04535420953964e-134	1.06490002426245e-07	5.99902346020473e-64
C	0	0	0	0	0
