	-4	-3	-2	-1	0
W	0.67524217129877	0.000981453408070638	0.000989122793558691	0.920590555856224	0
F	0.076567957761004	0.000162475116574497	0.0093891931439981	0.0656158653862187	1.04024668394467e-142
Y	0.0497230458797489	0.000217604860688126	0.071300348857361	0.00164017879776874	7.13389599375495e-236
M	0.0515692732746218	0.000474349231457824	0.00159111644901627	0.000652964239570681	9.1155909849734e-09
L	0.00133062218641106	5.21192167625164e-09	0.000815462948205928	0.000598159344714618	6.71653885373525e-21
I	0.00109800996079057	3.31257024160724e-06	0.0162244078173934	0.000527610881467751	0.00269541081365972
V	0.000933284679984347	8.29231602206601e-06	0.00343257954115293	0.000244373180591922	0.979966823215116
A	0.00134593380374367	0.00621238381774458	0.000429544547521493	2.65196455334764e-05	0.0119574249082527
G	0.000156364567901929	0.000964956523191128	1.2331992456995e-05	2.26190658855543e-06	0.000587855949522718
S	0.0166138321655285	0.173491980770415	0.0212765100358758	2.61002660801751e-05	0.000206208965668016
T	0.00108358408474702	0.0117950660155166	0.777304829754679	0.000261854883727279	0.00423452402330397
R	0.0620880709176282	0.0412823375518725	0.00551201522522666	0.00544596611619893	3.04776998875470e-16
K	0.00946191979587503	0.000160300726484038	0.0148056786360502	0.000725641930903578	6.68082960208262e-29
H	0.0033825077949127	0.000552349090695588	0.00698109790886607	0.00274550806318937	3.3729156370492e-30
N	0.00112779666941377	0.00832211836401584	0.000767750982063266	0.000486558931986502	2.44889419954682e-06
Q	0.0317617934135829	0.00956967576474065	0.0132033325552790	0.000347901813936616	7.85942355168214e-08
D	0.00837780647468577	0.0439864886638832	0.0145975887645578	3.03472281476532e-05	0.000300029947166101
E	0.00813602527064992	0.701814849938103	0.0413670880467376	3.15003971026092e-05	4.91855732842781e-05
P	5.7664347078006e-27	5.83617421865685e-11	1.42583516683866e-147	1.31130049080509e-07	2.22716807053692e-76
C	0	0	0	0	0
