	-4	-3	-2	-1	0
W	0.336624210962923	0.0299438826012938	0.00452590565424261	0.105980025436870	1.22935401524338e-232
F	0.0465408801819681	0.167858515543796	0.0142314702226453	0.279063432518548	2.18165420010290e-13
Y	0.048685214170753	0.265116263902307	0.0428370679158697	0.114081056761327	4.09661587201995e-16
M	0.0841728607536801	0.0502274785565811	0.00662162519196915	0.0278144857138311	0.00150034148048435
L	0.0299454613529182	0.0213778989760769	0.00922807768423198	0.049269355272333	2.58737772380808e-09
I	0.00246643487625086	0.00923797727955263	0.0185327403224550	6.44189993701131e-05	0.286545875465847
V	0.00728720262252613	0.0182776776345596	0.00961240084859126	0.000142226719293782	0.587945480731895
A	0.0175722711199360	0.0385621857322288	0.0043218400837779	0.00541235371239278	0.0439906575840447
G	0.00656656887945817	0.0329760795007078	0.00139371597126640	0.00190970193739010	0.00519624560579866
S	0.0245619071125223	0.0520342781623492	0.0284499169903465	0.00597241198961003	0.0104921678475455
T	0.0117578782735730	0.0466678805919516	0.0109346300269374	0.0107122212556593	0.0293842277648803
R	0.151007444636574	0.0570602538996344	0.790297329099024	0.081121749162852	0.000976625649875989
K	0.0346300574104444	0.0234950560453402	0.0166002920945914	0.0272446406428996	0.00337663825329341
H	0.0152915357766147	0.0201244197567327	0.0123169542123723	0.142411535857371	0.00116974541385322
N	0.0359618878841969	0.0125112328910433	0.00481211437896154	0.00785024394926462	0.00117930411661218
Q	0.0305271283198151	0.047329073006612	0.0112112584225006	0.0297049397557826	0.00453604003020271
D	0.0313266836537512	0.0208549051375780	0.00235370987343256	0.0328180586747022	0.00384819155465934
E	0.0850743720120943	0.0863448684045254	0.0117189510067843	0.0782836463212982	0.0198584559134116
P	6.82974780775728e-19	7.23771297844e-08	7.27195106063062e-74	0.000143495319205085	2.59486417966830e-58
C	0	0	0	0	0
