	-4	-3	-2	-1	0
W	0.2301038307891	0.0118278730596765	0.0324286197012834	0.871139627700688	0
F	0.0690142435332712	0.00365993959036331	0.199444458381238	0.0491123691007674	2.60743908729015e-37
Y	0.0599783016956406	0.00268657740400662	0.108891243362436	0.0351244586444139	1.55978397971821e-61
M	0.0377690843652556	0.00609999451131086	0.109432102383724	0.00871643750979734	5.9660882704944e-07
L	0.0154178411260609	0.000127362943913215	0.0332919289083483	0.00409776921459272	1.53201515689651e-10
I	0.00644258188607807	0.00214867179708068	0.0499194757946172	0.0031230778540046	0.121747492750032
V	0.00851978745240635	0.00565396042471952	0.0218517816452691	0.00248600733446924	0.777905015023671
A	0.00703738169325925	0.0475584749111185	0.0240792112885079	0.000219448994256935	0.0501647515904363
G	0.0128291053489375	0.0118885087882472	0.00498495047776935	6.83982610868618e-05	0.00320424854457783
S	0.0303042660019816	0.265504131352517	0.0172368648965215	0.000550682600359384	0.0037191058759563
T	0.0821429893193312	0.0540931398854396	0.0323658282812281	0.00452738690420854	0.0388554871972416
R	0.103371292570860	0.202340842925573	0.0929177199362058	0.00437693544077809	4.00964360984919e-10
K	0.0407251582170874	0.0509780786590834	0.0461838402078754	0.00177165353008241	0.000546361748591539
H	0.0206404402468668	0.0040835741696118	0.0259435635038355	0.00950523292606255	3.76197350045678e-14
N	0.0356679472206207	0.093873065941770	0.0116024254666255	0.0025116828820088	6.3744509453802e-05
Q	0.114190690044159	0.0656863233451235	0.0832751825374149	0.00190744819212991	0.000261782594858308
D	0.0867260008198796	0.0297225019482479	0.0169376258326670	0.000324391743706851	0.0013535628153962
E	0.0391190576692031	0.142066977338689	0.0892131773944326	0.000427964216658275	0.00217785018675451
P	4.46135726770951e-16	1.00350850378210e-09	1.89453334014346e-85	9.02694992836658e-06	1.9071146039177e-44
C	0	0	0	0	0
