	-4	-3	-2	-1	0
W	0.0700007479923705	0.00136347795274550	0.0513104783928065	0.652707530105506	0
F	0.0168982163044277	0.00479001030556076	0.200508539511630	0.190773177856909	4.08767045519852e-126
Y	0.0279550192407117	0.00402135302167563	0.39028515740616	0.0254068137767709	5.39307691568636e-135
M	0.131805571991841	0.00510654017898613	0.0232544446677315	0.00483760622275461	5.73227471254691e-05
L	0.00314499987214514	0.000343727186283498	0.00766443434454995	0.00838734793000504	2.23131670163692e-14
I	0.0170105347225009	0.000209356728449251	0.00838173172669381	0.00464605659767618	0.132938943463682
V	0.0195565352380464	0.000266821833298753	0.0201822235494754	0.00251727932117513	0.84062442583755
A	0.00965794734903275	0.0312703904812408	0.0100970018438480	0.000742058227867335	0.0117248151875966
G	0.00404916507638961	0.00720610782407085	0.00151781649074713	0.000264887340583264	0.000870251595496139
S	0.0150223415137994	0.310316954240446	0.0193332939244382	0.00199048270073314	0.00146220319072003
T	0.0187852843725833	0.00373622269935654	0.0256535361568753	0.00877600767632837	0.00900179563083398
R	0.202406219994685	0.286002131403509	0.0430682440504194	0.0064834909855989	1.67460744815132e-08
K	0.0400537187961150	0.123619495128989	0.0309366221106818	0.00272117310265961	1.27307600484264e-06
H	0.0491944533519518	0.00918962633199637	0.0240128142597565	0.0714841019744043	5.57157587059006e-23
N	0.0593472741428249	0.0750746725493252	0.00543485304008488	0.00157411684361853	6.193415217093e-05
Q	0.067305470744902	0.0402377753071705	0.0358874912534618	0.00335457416824857	0.000335869484228609
D	0.124238987120482	0.0162323564750239	0.0130236944653362	0.006277704024123	0.000564347608586139
E	0.123567512175179	0.0810129503613165	0.0894476228053044	0.0070285865733661	0.00235680127990751
P	1.09162457303744e-14	2.99905558578922e-08	8.57112114362508e-91	2.70045716721002e-05	1.46799350803880e-53
C	0	0	0	0	0
