	-4	-3	-2	-1	0
W	0.24247254526541	4.90498617838108e-07	0.00799994385657576	0.98240617243173	0
F	0.0430749098414554	3.97473017062987e-05	0.173304430427853	0.00988662488576197	3.41488362117834e-141
Y	0.138529660078040	5.04116955737588e-05	0.0423133541551868	0.00447353457911188	2.74481727439278e-297
M	0.0370596095768477	8.32781285872376e-05	0.00562795258651831	0.000201260160949073	5.21425645664903e-11
L	0.0123174309986288	1.17626237210549e-22	0.00082536098730666	2.48204052483282e-05	1.92398641668798e-13
I	0.00280521863603691	3.29575739888690e-09	0.0241320599979399	2.75329361830114e-05	0.00801546702730004
V	0.0161509938112262	3.62960301046782e-07	0.0673611443834042	1.78828308186730e-05	0.982886916831116
A	0.0116305938300854	0.000501741409585651	0.00102348656563009	2.4990079364449e-05	0.00198476683482512
G	0.00883552152592924	7.07642637885922e-05	0.000277517419723895	1.69953450102525e-06	0.000157569141883291
S	0.0704143925482364	0.00497377786814824	0.00146096410262387	2.55011619937245e-06	0.000196670886455752
T	0.0389175227492755	0.000518388720684045	0.0217640216603688	0.000301406540712332	0.00669091158685869
R	0.0603330798031176	0.000517992562949548	0.0519918518604244	0.00089300738472414	1.99315954974725e-20
K	0.0259194876892947	6.0645391246475e-05	0.00325949573327836	0.000415327532084971	4.66626977622083e-18
H	0.0302844486805736	5.63681962301893e-05	0.00253314305253373	0.00114097226371741	1.89005415527328e-33
N	0.0248644792727341	0.00159480445672855	0.00190454982706807	2.11997365591438e-05	7.7210514572385e-07
Q	0.128344677217674	0.00107015166128950	0.358099125183231	0.000105967710826352	1.25709974746059e-08
D	0.0437354706925270	0.0840826006211638	0.0250990456441286	2.60844330676095e-05	5.75013684394354e-05
E	0.0643099577829074	0.906378470967641	0.211022552556205	2.86562750307932e-05	9.41159464313642e-06
P	1.53279854797415e-31	5.93962622949049e-16	4.90983394604194e-114	3.10163408704454e-07	9.42429387878934e-78
C	0	0	0	0	0
