	-4	-3	-2	-1	0
W	0.956873184499837	3.19033997574682e-05	0.00251663823559616	0.108621014311668	0
F	0.00333512154518636	0.000100677297536465	0.00402310463884520	0.59410687574162	4.3944300439548e-235
Y	0.0042331860382246	6.42278253867305e-05	0.0172721987464024	0.172229897708318	0
M	0.00252402560873598	0.000124022434939840	0.00745955543607531	0.00627889236700053	8.34845922518999e-16
L	0.00101815850102466	1.16949711028208e-09	0.0017015050146323	0.0105206270707972	3.62065069833949e-19
I	6.20292250347543e-06	2.68152931681788e-05	0.00615684548422453	0.00192679356647812	0.00135286178005873
V	0.000125534528187462	6.25955643390473e-06	0.0345684391621451	0.000170655305554962	0.99600870496714
A	9.3724894973857e-05	0.000447367480362591	0.000976381339357973	0.000361886883443038	0.000815376662976917
G	8.86916533747356e-05	2.60834934828879e-05	1.90345398162882e-05	2.80587374235456e-05	7.12300660587561e-05
S	0.00104544186301574	0.00855601120827883	0.0047812498297894	0.000470586880219734	5.24915950157068e-05
T	0.00186312098531476	0.000193062189856755	0.7532058188869	0.00178120913787788	0.00164553955722045
R	0.0194118879308054	0.000262789534224966	0.0246481620092304	0.0218758556564285	2.89587938934459e-31
K	0.00401733848456832	9.67221932837846e-06	0.00556784203063741	0.00333490022081506	1.47261351981039e-12
H	0.000424610995757842	4.99929356881174e-05	0.0109224781674326	0.0739899704896395	5.12527494728126e-39
N	0.000214139245138900	0.0017035967862436	0.0053455964438387	0.000857978327240244	8.81344979719967e-08
Q	0.00362087884730183	0.00119608982536316	0.00576002744968685	0.00186272743456518	1.32722719692149e-08
D	0.000552576132260153	0.0301409026354222	0.0194522099952887	0.000794163099373164	4.47156218658328e-05
E	0.000552175323789338	0.957060524715028	0.0956229125901	0.000784893990695958	8.97834142001094e-06
P	5.3681418420139e-29	5.40837387138535e-16	3.15592764525801e-133	3.01307084152116e-06	2.16140930120194e-74
C	0	0	0	0	0
