	-4	-3	-2	-1	0
W	0.0690969591443543	0.0177698592744189	0.0149184312347623	0.939680246371192	0
F	0.0936541426658578	0.00818025885014551	0.0777935948146541	0.0164986241208615	4.36209774847805e-160
Y	0.0224650925220627	0.00681463763056166	0.0203625489852314	0.0124333101052049	1.54246463908952e-292
M	0.0387427346003830	0.0127915800990047	0.0430879070559061	0.00144476791278465	2.4068128027948e-08
L	0.0303626115239680	1.15388350958529e-06	0.0429894483394341	0.000670484190927494	1.38118705854003e-14
I	0.00872292058120476	4.11616535136197e-05	0.337389697044345	0.00156745880893677	0.0731916479654902
V	0.00666926110916825	8.06545021175926e-05	0.0985689956126207	0.00151446583066024	0.878860169085166
A	0.0185857460050768	0.0313419739266687	0.00603948787032286	0.000245254015349976	0.0192596945299851
G	0.00749589340907205	0.0136864133947128	0.000956851444524847	5.64025144952057e-05	0.00326290600408390
S	0.0589752435950932	0.148898998728068	0.0131157647130506	0.000592949713232712	0.00359867974416133
T	0.0724949845036611	0.0134523160752779	0.0306892286496842	0.001911779595169	0.0176465132344275
R	0.203260204132217	0.0714709012455182	0.0834056959929855	0.00637598716738627	1.40454815033549e-20
K	0.0403972195550579	0.0269283958174718	0.0491437666872773	0.0008381554028839	2.55097756072776e-09
H	0.0196915744134632	0.00315966765585572	0.0226489895857174	0.00242318384302374	8.7020392854485e-12
N	0.0594977946360668	0.123261932303868	0.00602839175121971	0.000740642055715473	0.000104385547460945
Q	0.0704785380040175	0.0393760600370724	0.0694030470471588	0.00202182267926964	8.51955797675171e-05
D	0.140724453838380	0.0579722566039064	0.0166847142903696	0.00238400211311903	0.00136622328831201
E	0.0386846257608958	0.424771647774967	0.066773438880736	0.00859807938816182	0.00262455839332379
P	6.662523244991e-23	1.30543340979222e-07	4.22561764765872e-106	2.38417162519099e-06	8.0698173043479e-84
C	0	0	0	0	0
