	-4	-3	-2	-1	0
W	0.117047041567293	0.0114567864338528	0.0174393838459555	0.0692217677868539	0
F	0.0994732670183992	0.118309597449128	0.0115595840956072	0.296309788286929	1.94646434968058e-10
Y	0.0339812530506590	0.134667354444697	0.0223597542251357	0.178733280636980	3.46977065536265e-16
M	0.0856089478882543	0.0522726389571424	0.00685612726150385	0.00504269834556084	0.00198824725604006
L	0.0207215338806847	0.0255565915525341	0.00336858678360209	0.0149506993672889	6.45875068216722e-12
I	0.00166443247641917	4.52346319045659e-05	0.00426077800699803	0.000200971388005223	0.323395628367781
V	0.00338426115040347	0.00298469454125859	0.00607135394616791	7.07634802189147e-05	0.342090122354529
A	0.0155429009855626	0.0420869306360946	0.0117519818131896	0.00449208196668994	0.151358700936485
G	0.00473110269459665	0.00393147995159407	0.00278819406538338	0.00200267342407335	0.0443990163628238
S	0.037851618644731	0.0405878813744833	0.0690783376969677	0.00761069345365708	0.0333023892868962
T	0.0312810921870082	0.0155248354848531	0.0749720567868753	0.00412039096771262	0.0517396551268794
R	0.160355436519993	0.0448372656960811	0.63462992937122	0.0881615221678269	0.00209648398964033
K	0.105128375684914	0.31771992143796	0.0463701969059602	0.0302185620497435	0.00907049707383345
H	0.00882118715529073	0.0155336137644843	0.0271280337030502	0.121059728496123	0.000864417866478454
N	0.0488956761731652	0.00332048766343614	0.00583197251204653	0.0170716815690819	0.00136756570418212
Q	0.0970782255919945	0.040324402890952	0.0238928526678662	0.0314496545925378	0.00348546456934957
D	0.0201181884395663	0.0112241137553901	0.00582016276094579	0.0193576476290229	0.00825527336676069
E	0.108315458891065	0.119615369369952	0.0258207135515249	0.109826028352550	0.0265865375372153
P	6.52309294543355e-17	7.99964201265615e-07	5.21991025204736e-84	9.93660391446689e-05	5.74743077425696e-41
C	0	0	0	0	0
