	-4	-3	-2	-1	0
W	0.701298860337428	5.31148484422917e-06	0.000427548282640702	0.988787329697225	0
F	0.0268030112468854	4.27189764060098e-06	0.00100386464730539	0.00112535174974819	6.39539985013084e-197
Y	0.0727696547518026	7.09023004835441e-06	0.000126590695862669	0.00364296228665295	8.09749807341096e-256
M	0.0138243734548576	2.06909704632529e-05	0.000410422627084126	6.76339834829133e-05	1.67828487458907e-11
L	0.00857645107015905	2.49843725432564e-10	7.13588319659499e-05	2.07072803032342e-05	4.22447140011804e-14
I	0.00248780103312826	5.20114125910664e-06	0.00154594208579680	0.000145161868362397	0.00260805400162698
V	0.00206700629962592	7.10246880061931e-06	0.00321707883588024	8.42770631620022e-05	0.99579965711305
A	0.00097358942680877	0.000671899343090382	0.000506888942281701	2.89612214272673e-05	0.000507910673020994
G	0.000550284391741955	8.87750991292015e-05	8.38047423272581e-07	3.10908908586274e-06	1.08580476769781e-05
S	0.0181075026708732	0.00485526891782981	0.00159331534499918	6.51888591502645e-05	3.50322776062083e-05
T	0.0112847921459857	0.000200169784589312	0.9619871984701	0.00120359268345893	0.001025411387535
R	0.0143610790542555	8.80737345295179e-05	0.00350543556239888	0.00284869050147226	7.08138235460891e-24
K	0.00299149225416056	9.27511198128307e-06	0.00184476447537293	0.000727531569484347	9.39256699088013e-23
H	0.0223557657734251	3.52604942375804e-05	0.00155222480234773	0.000596116851860488	3.06986930720905e-31
N	0.00669615739928245	0.000271881867682232	0.000242094691088008	2.34711206623715e-05	2.13028149345300e-07
Q	0.0172275710397209	0.00106407131957394	0.0048777976180032	0.000565299010907103	2.90043958797131e-10
D	0.0666164950543548	0.00796642775538882	0.00258807783893968	3.27223148199177e-05	1.13510357831056e-05
E	0.0110081125955037	0.984699228129068	0.0144985582005086	3.17940969683321e-05	1.51212868345246e-06
P	1.25939197453982e-40	2.03318185126738e-17	4.16350539735810e-136	9.87517656190975e-08	3.93477353123933e-87
C	0	0	0	0	0
