	-4	-3	-2	-1	0
W	0.158778321465026	3.69601784888164e-06	0.00190912260548303	0.679601622586809	0
F	0.044090118386014	1.90288213553588e-06	0.0620182494212137	0.0917281885837146	3.50845029669994e-282
Y	0.115007362065399	7.4117167047319e-06	0.0441068319535144	0.169018190203024	0
M	0.0986154043032431	1.94104492588567e-05	0.00568265371894611	0.000385370249610852	2.19646339382047e-13
L	0.0141232069289395	1.9714541118438e-15	0.00453217181639798	0.00257749367629645	1.02092869864260e-11
I	0.00102181637040383	2.7880491849203e-07	0.0134061976480970	0.000541683804971680	0.00561194145322273
V	0.00215193739628338	2.85202001660966e-07	0.0720120004778536	0.000591873829010959	0.99135609299915
A	0.0221243245699311	0.000166332565462848	0.000526418976632496	0.000117413848380496	0.00111931994380775
G	0.0041391304340087	2.58041247183033e-05	1.30930281712354e-05	1.52279787464847e-05	0.000161155536195154
S	0.0275914447060164	0.00708894286522477	0.0210611139650925	0.000120957736291559	0.000104203130654881
T	0.0351522041826943	9.2064187829346e-05	0.663813741829178	0.000345504649392436	0.00157521961203110
R	0.237026980150889	7.51852989720986e-05	0.0351730805057726	0.00390023154888663	1.54978431218318e-39
K	0.00775382881523182	2.28295636425543e-05	0.0140323074452782	0.000758700628501636	1.41170666526785e-25
H	0.00172739739030658	3.99338252503616e-06	0.00415085825673009	0.0486502626591761	1.45987863885102e-47
N	0.0381872788529891	0.000141294123482855	0.00369794460348852	0.000266147313929916	3.94153144881398e-07
Q	0.00943938374766821	0.00128024265544114	0.0188102718056086	0.000234254638992541	1.19041291785793e-09
D	0.159295507979570	0.00238390617392241	0.00852225073085985	8.89661262149856e-05	4.60683760673049e-05
E	0.0237743522553848	0.98868641994637	0.0265316912116825	0.00105717461675387	2.56035948851850e-05
P	1.63554840228331e-30	3.95384538133626e-11	4.06095189632244e-133	7.35321296096322e-07	8.6690600228726e-67
C	0	0	0	0	0
