	-4	-3	-2	-1	0
W	0.0115214782195511	4.62268113469437e-07	0.000995014167179445	0.849707978404733	0
F	0.00278653314551182	1.34878338572137e-07	0.067585228033061	0.0528567323578213	7.21798717652673e-238
Y	0.0118443112644647	5.56894475146768e-07	0.0129681452150629	0.0544082990058439	0
M	0.0080846156973735	1.02200616658361e-06	0.00514797365069624	0.000302642848916867	2.65182783271105e-14
L	0.00531724879099244	6.46818002624329e-11	0.00164553335795495	0.00065484252155934	4.77983437500562e-17
I	0.000490209945622728	1.40015247935702e-09	0.0387519002901534	0.000249307207052798	0.000169717769961573
V	0.00219078301970098	3.97943241893198e-08	0.176316833779629	0.000210335811046467	0.99630463114757
A	0.00570849901076249	3.77551361925116e-05	0.00229500246932528	2.88419959840848e-05	0.00116461401934610
G	0.00101040862182660	1.27709555867417e-06	0.000157220016325672	1.09623807234078e-05	3.6375204415973e-05
S	0.0131795909172689	0.000146668574040862	0.044085071714055	0.000277844489025111	6.81383991528722e-05
T	0.0219553443336345	8.56993350165984e-06	0.309874095231264	0.000984756093369378	0.00225063450629388
R	0.0535991491195812	2.54100129879493e-06	0.043383677850235	0.0308785935519844	8.1026444655219e-25
K	0.0262759624987035	9.34469160296754e-07	0.023788974081601	0.000240914421261175	4.50092102036927e-34
H	0.00819934217604921	4.65109295627897e-05	0.0200126663924415	0.00780993355060589	1.85156925991429e-34
N	0.0158601099764616	5.48735555548806e-06	0.00596379864696421	0.000130351944087457	1.90931054047384e-07
Q	0.0537445916327049	6.31568185776034e-05	0.0781328164385962	0.000866432297444352	5.68347333663349e-09
D	0.424368217424651	0.000498446371161075	0.0101686928878885	4.8549920720152e-05	4.27138639253259e-06
E	0.333863604205139	0.999186435009138	0.158727355777567	0.000332632630683545	1.42095231361258e-06
P	1.92498966152977e-34	5.1338719356998e-22	7.31039382896083e-131	4.85671371986624e-08	5.95218364966476e-83
C	0	0	0	0	0
