	-4	-3	-2	-1	0
W	0.00263227259206053	6.97986453426779e-07	0.00165403472138571	0.990965042299721	0
F	0.0119170853443463	1.35260571293647e-09	0.0165104154381955	0.0050631937456874	2.04176217262501e-284
Y	0.0121521028637657	4.78777276381382e-08	0.0662599392607779	0.00141391387379563	0
M	0.011705886759156	4.36706209259977e-06	0.00468486278067866	5.75173112908064e-05	1.50920629557758e-16
L	0.00487877316019528	7.46801264776518e-38	0.00291721826421175	1.40471799899936e-05	4.46711735959124e-14
I	4.45327576977867e-09	7.6312268719685e-09	0.00610369002644887	8.57207096649396e-06	0.000446863931984635
V	7.21376349486259e-06	1.59681256402077e-08	0.00906952896884232	2.08304944220824e-05	0.997791918607113
A	0.00917242505312309	4.09823478638012e-05	0.00073317609978808	4.23926792193695e-06	0.000802388586757825
G	0.0149132925386649	5.82897326543402e-06	3.16827589114364e-05	3.95001062198852e-07	2.48452325840729e-05
S	0.00790480399244866	0.000471712539001316	0.0273243999785691	9.68664251791829e-06	8.93148949299023e-05
T	0.00332259419760936	3.98016464578854e-06	0.324979460983975	0.000304928814079702	0.000828201392037603
R	0.343634168488349	1.68653420988826e-05	0.0618707233181574	0.000747061224738543	9.10945104357383e-29
K	0.0576426196983028	1.42788073879304e-06	0.00668375740279428	3.22714753260364e-05	7.3263501386388e-25
H	0.0232694555077481	1.4834721922162e-08	0.00833911368526454	0.00121056962133983	1.87477074886696e-51
N	0.012298095468131	7.99504198349976e-06	0.0422327743601229	1.47156437611025e-05	3.34031162285540e-07
Q	0.0338983954963748	9.24666852089995e-05	0.22919826205511	9.89669191680191e-05	1.00272491593819e-11
D	0.187370067158302	0.000244235187622372	0.0334619708843354	8.40380094515199e-06	1.57486629069967e-05
E	0.263280743464652	0.999109353124617	0.157944989012430	2.56402974170016e-05	3.84650451994207e-07
P	2.96352610227622e-26	9.22215679749902e-18	4.44100624150571e-119	4.31584883165316e-09	6.8914860945109e-78
C	0	0	0	0	0
