	-4	-3	-2	-1	0
W	0.108762717495792	0.0138398186209108	0.00789598447580823	0.0937255414042666	0
F	0.0195578326695693	0.0322118643844353	0.0503058114035915	0.520031554448516	9.7956580800561e-62
Y	0.0273561873201763	0.0182733306695388	0.0805321883190663	0.095883784709387	6.92849129517589e-69
M	0.0298564027517712	0.0262179038792123	0.0200858938153976	0.00469612384817406	9.59930477586143e-05
L	0.00868275785521791	0.00263058919096137	0.0665198749807263	0.0104020146849977	1.18528841069021e-12
I	0.00452437377892482	8.06927278628112e-07	0.0861250495237814	0.000289172579324764	0.106064330340619
V	0.00402236141376737	0.000519019162590603	0.0510902357868647	0.000167870572086266	0.867019367317764
A	0.0123184757996469	0.0589584944178033	0.0186428713236157	0.00094635812547498	0.00362484005460323
G	0.00680257436128332	0.0231439544397574	0.00727512638796343	0.000829961487724083	0.000491004094920262
S	0.0754776190680731	0.0580508895378912	0.0325434946352731	0.00339283906621423	0.000985836833361722
T	0.129089734923538	0.00531038310543616	0.0197890263817159	0.000290415808936661	0.0173907081066315
R	0.322632592933990	0.0937050337621205	0.247395329901035	0.0932046239019206	1.11180268007756e-06
K	0.0456876375254033	0.426231750317909	0.0176510761566642	0.0485235960801968	8.28823561965862e-06
H	0.0160210569714011	0.0148668502493627	0.0121867839586540	0.065122192250876	2.27045439297518e-15
N	0.0198894516944033	0.00760134463684032	0.00832386563935052	0.0186515800766893	7.94847894168364e-05
Q	0.0718142965878924	0.0305399258019297	0.0407767033281873	0.0182560246514277	5.78322404269929e-05
D	0.0492086606371918	0.0267554269623513	0.0158867199073669	0.0140940196295428	0.000598034597625222
E	0.0482952662119576	0.161142613933639	0.216973964074937	0.0114513410918515	0.00358316853738612
P	1.48809836461834e-22	3.11001632883222e-14	5.04624397735339e-83	4.09855823931058e-05	3.81556428882025e-51
C	0	0	0	0	0
