	-4	-3	-2	-1	0
W	0.585142170338114	6.57817082212584e-08	0.00195772484638829	0.996511013485646	0
F	0.0167219676602325	1.33078466402522e-06	0.0079198796568571	0.00131426676326097	1.42129304102597e-152
Y	0.0158659115630275	1.04798970881919e-06	0.0038418494699787	0.00175098927322972	1.29941249748486e-263
M	0.00929567944542308	6.20973538966805e-06	0.00641418020489339	1.83787037483055e-06	1.68163269528144e-09
L	0.00636313834698756	1.24665865018514e-12	0.00113516547334919	2.83943709250820e-05	1.75295685574196e-14
I	0.000660638352642648	1.38931271797479e-07	0.00132894111683540	6.11041242067835e-06	2.88272955148952e-05
V	0.0044539706175154	1.38937525649034e-06	0.00431911669286542	5.53367403128461e-06	0.996749437784046
A	0.00135679317288883	0.000125025952580125	0.000761480920707733	6.32936676711409e-07	0.00223796457261174
G	0.00145458845972983	1.73560967361017e-05	2.80892895200126e-05	6.26549962994619e-08	5.14983226524333e-05
S	0.0123712258348785	0.00112235385778489	0.00224843993871469	2.51190591042020e-06	2.49298436768205e-05
T	0.0370601824720373	4.7001994336842e-05	0.906283475237238	3.54205239248024e-05	0.000861535676417975
R	0.0767143425746806	0.000128520497279846	0.0117283850708163	0.000263307046050540	2.48052497151040e-18
K	0.00921044440146871	1.64952594704545e-05	0.0247004069246106	1.18598585318509e-05	2.87579342694889e-07
H	0.0328205274996972	4.11009331777588e-06	0.00115444691932703	4.48608588013802e-05	4.13595806728321e-36
N	0.0410801931435833	0.000371326529770026	0.00126509684490046	5.62894531693702e-06	5.9490360159257e-07
Q	0.136736338870158	7.95589548204461e-05	0.00646473572836514	1.4675340601463e-05	2.4806913003376e-08
D	0.00883635678652054	0.00266483490495677	0.00436723323903729	4.69816474775509e-07	1.85438707387711e-05
E	0.00385553046041413	0.995413233258555	0.0140813524255950	2.42176975530188e-06	2.63536628340086e-05
P	3.49485309094989e-16	1.14572625995834e-12	8.76955891916695e-132	2.49307106259335e-09	1.29469425294617e-87
C	0	0	0	0	0
