	-4	-3	-2	-1	0
W	0.0813114887821771	5.4423504996082e-07	0.00124202651614323	0.982580029733886	0
F	0.0394622900420332	1.54369141978484e-05	0.000716826508055531	0.0149895961748970	2.71676551616392e-180
Y	0.00932295218314467	5.61086726946638e-06	0.0405019455181753	0.00126282573431112	0
M	0.0229885890637215	1.26374161978221e-05	0.00706313368758818	1.81564360174776e-05	9.53294645074422e-11
L	0.0115380340856984	1.80757064128856e-23	0.00240495146443439	1.05199688640643e-05	1.17364911392982e-21
I	0.00117050081233928	9.40347396793614e-07	0.0228012335136931	1.50944981546867e-05	0.000459168706690042
V	0.00250505999602633	1.08275229529712e-06	0.00276378628504154	2.58551849518962e-05	0.998124887497928
A	0.0031470437859942	4.09211978762545e-05	0.00299041830811643	4.45664101483148e-06	0.000844040538624137
G	0.000836943590288445	5.07691668012613e-06	0.000115727991159979	2.39434739288076e-07	6.1134269474136e-05
S	0.279900054804162	0.000456321544327627	0.00245504760917915	5.52085835933426e-06	8.00640658418917e-05
T	0.153744313334596	5.43755127159122e-05	0.457741314677277	2.86039096320907e-05	0.000401903876725735
R	0.0563444938709306	2.24556346421386e-05	0.00213454632737655	0.000521025205643462	2.06709897397105e-17
K	0.0613516968133691	4.26829419228595e-06	0.0124859840368521	0.000147287616012411	9.61595881946926e-19
H	0.00534826633636665	5.75700662056589e-06	0.00091938511713638	0.000308550024417407	1.34210371524719e-38
N	0.0351516493496683	3.813822347267e-05	0.000168667908945528	3.18022156267415e-05	2.30174237035004e-07
Q	0.00830837980207799	3.81042926779925e-05	0.010636436677868	4.35796025848544e-05	6.89601008555118e-10
D	0.213066880295135	0.0403985959793608	0.00707827043985791	2.54468704551001e-06	8.52271244266501e-06
E	0.0145013630522717	0.958899732865026	0.4257802974131	4.24672659149337e-06	2.00473731061252e-05
P	9.38503833978835e-34	1.98286871487978e-16	5.18331549058076e-116	6.53472499586963e-08	1.23283365269497e-70
C	0	0	0	0	0
