	-4	-3	-2	-1	0
W	0.055135430235404	9.1562151447812e-09	0.00170189612527482	0.945078961795783	0
F	0.0151270896921576	2.00965235631737e-07	0.000282851068977169	0.0527568099736404	9.91770462329897e-262
Y	0.00377792265519784	6.15693814759607e-08	0.000696631554562366	0.00079722247683197	0
M	0.0238028666817578	7.63504839025403e-06	0.000469337311052014	2.40306777744002e-05	9.49448933124993e-09
L	0.00180192701603056	8.96193397256383e-14	7.65191860537081e-05	4.13805296525292e-05	4.03284406296999e-25
I	0.000182052552585931	2.28630647590531e-07	0.0106891219543662	1.00050818732386e-05	0.00768198674817546
V	0.00095809976094751	1.27848549874611e-07	0.00230854815914248	2.56720748071319e-05	0.991743814575928
A	0.00409545939133551	5.44960284534332e-05	3.45588980429752e-05	3.15986472008815e-06	0.000228386054350055
G	0.00214951690335086	5.71402948952907e-07	6.07482447946114e-06	2.53522475039037e-07	2.86447377322978e-05
S	0.185397668027165	0.000391864117522761	0.00232820924415352	3.19148452354925e-06	2.69139153814499e-05
T	0.0305641171988294	2.30604663562531e-05	0.971660249403187	4.73637767688436e-05	0.000285754281246463
R	0.49770744238485	3.35368896482335e-05	0.00367123240197204	0.000767997689417497	2.00320904621971e-22
K	0.0155041381979781	1.17974579036506e-05	0.000337314512946919	9.19867286438729e-05	1.79198567757549e-16
H	0.00568043039239292	5.38210377150598e-07	0.000229122826323183	0.000256949586746916	3.89568856592632e-39
N	0.0136237374485213	0.000166390924352319	0.000105027983352469	3.07411628981659e-05	1.71944618327368e-07
Q	0.0234706661130343	0.000165313611442499	0.00154811651482302	4.28120996507576e-05	9.18713537382716e-09
D	0.0883211652012798	0.0162015439998956	0.000742300632097191	4.79270296316867e-06	3.7036383318438e-06
E	0.0327002701471813	0.982942623672586	0.00311288739919343	1.66490145450806e-05	6.05422610927740e-07
P	2.02477001733874e-17	3.99552977345934e-15	6.56772893466876e-160	1.97562847191766e-08	5.38055994191764e-72
C	0	0	0	0	0
