	-4	-3	-2	-1	0
W	0.807947084478421	1.04849597365192e-06	0.00460230995145287	0.0987962254929432	0
F	0.0174937699052624	3.39629847281668e-06	0.0161860804636585	0.78206473147161	4.16776275809171e-233
Y	0.0092375422718753	2.76828798761788e-06	0.0288310885159945	0.0501547809817096	0
M	0.0250955390693553	1.08634664481036e-05	0.00183427338957042	0.000287242173484937	8.7625942447388e-09
L	0.00073891448274956	1.00752011803151e-14	0.00316947012663722	0.00288572650149306	1.80385423140392e-16
I	7.91551352044326e-05	1.17632804573001e-08	0.0529897742192251	0.00189706277290298	0.00337748195707666
V	0.00105457253812288	9.25596613533508e-08	0.0242685277428124	0.00065161903355457	0.994858313889229
A	0.00331934254459982	6.13690190146607e-05	0.00243758824492626	5.62524678907515e-05	0.00056219516187008
G	0.000325449389623305	6.5181551722927e-06	7.77764079328228e-05	6.60348054783979e-06	2.72083022760392e-05
S	0.0018418452338355	0.00101508333066635	0.0116336530442866	2.27580813368323e-05	0.000147886333362615
T	0.000471562996978554	6.219026343996e-05	0.396401491207326	0.00160164624626816	0.000983158079201244
R	0.078805066994541	2.71831657717249e-05	0.0263413722406635	0.00178484164392715	6.6852672303425e-14
K	0.00752318865096179	1.21994948160255e-05	0.00318093127949279	0.000370838750222743	7.89387905702073e-12
H	0.00237483676654420	1.16813014220348e-05	0.00649419533391126	0.0586513696910316	6.45153412513175e-39
N	0.00223544082563163	0.000110151571178491	0.025939344111607	0.000111903910594960	9.29730036621916e-07
Q	0.00430588948223660	0.000134483844755339	0.0454703174754283	8.41243660805035e-05	1.12778854238966e-08
D	0.0130256324858831	0.0290051616538634	0.0220368607798151	0.000497783481770984	1.50167157442782e-05
E	0.0241251667481623	0.969535796089026	0.328104945465259	7.43185436695865e-05	2.77897827634340e-05
P	1.16414169960489e-14	1.23903945979271e-09	1.93082935300784e-136	1.70908960958388e-07	5.90553098237215e-84
C	0	0	0	0	0
