	-4	-3	-2	-1	0
W	0.153254001284025	1.34665295685173e-05	0.00190819716245913	0.899102053937707	0
F	0.066943131434239	1.81429412360298e-05	0.194072393615484	0.0739404651553145	1.57517797231553e-180
Y	0.0339180054511037	5.6562051703428e-06	0.0278689594496020	0.0155319437404240	0
M	0.0820201642785283	7.8279588996707e-05	0.0270650427996809	0.000306379218499328	5.76995901890839e-19
L	0.00128588051153176	8.83331310454047e-11	0.00166707733163224	0.000100445176213382	5.3205737250492e-20
I	0.000266897908616239	4.57598629133969e-05	0.0878838527065885	0.000272143761922607	0.000445428310788937
V	0.00403715736954136	2.28048805270507e-05	0.186441380141852	0.000161680359286005	0.995510671404565
A	0.00147901946241788	0.00019222893982939	0.00262352030125345	1.75943395359288e-05	0.000529664820195795
G	0.000111090923816897	2.35052133306281e-05	0.000175249165900739	1.57711511317215e-06	3.41247637147162e-05
S	0.00897967527742616	0.00162992459457343	0.00928665960237668	5.85126880035729e-05	3.05584571480476e-05
T	0.0195106917179495	0.00142883345836244	0.0744218146268823	0.000596360428566758	0.00342358998957233
R	0.213525233676525	0.000465388003575765	0.0721845170903229	0.00342890762444629	4.88520172805602e-39
K	0.0154602951010671	2.32273483560333e-05	0.0227908823649112	0.00155023008782888	2.32236362276562e-38
H	0.0128771285355465	7.59621252721939e-05	0.0173777191378097	0.00250089092923946	2.74044779129294e-42
N	0.0952106029227043	0.000822325104116312	0.00613982618619207	0.000226268368677188	5.04456197415256e-07
Q	0.131441917705816	0.000852365823754389	0.108098224579666	0.00214348722235045	3.74022990054382e-10
D	0.134177275864108	0.121612726032715	0.0312102312631582	1.68809872377131e-05	2.04825380537786e-05
E	0.0255018305750371	0.872689403258339	0.128784452474228	4.29024599076724e-05	4.97488574095085e-06
P	8.44152378393506e-21	1.03036568004831e-12	3.17698188468123e-118	1.27639972573501e-06	9.03722824351687e-84
C	0	0	0	0	0
