	-4	-3	-2	-1	0
W	0.393293873988545	5.71937434369142e-06	0.00787412389365976	0.228063263854439	0
F	0.196651688913802	5.83598178738697e-06	0.0309888158471406	0.712827040555603	1.48495355295456e-220
Y	0.0524403056181027	9.31885930163264e-06	0.0287864415589608	0.0176435132339644	0
M	0.0421062879127002	4.97760689981809e-06	0.00839414778808417	7.93021436424785e-05	1.99222204242943e-09
L	0.00228120482674411	2.5401146163843e-12	0.00245759980781872	0.000193968916411312	4.80927038638941e-22
I	0.00352689482454925	5.17925737917772e-07	0.111849439930620	0.000114204893976046	0.000163173049620237
V	0.00246207857704334	1.20983697108042e-06	0.0496697825041278	4.92620062837264e-05	0.979129908865798
A	0.00623439221190268	0.000126721154601238	0.000493392418291155	2.47116693821421e-05	0.0100074976459943
G	0.00160531596395526	5.2493477756763e-06	3.65564721400669e-05	9.26076247717663e-06	0.000356353192385809
S	0.0457558348216434	0.000650622281634135	0.00119615851125942	3.25216542014992e-05	0.000335406704987413
T	0.0324720184539194	7.8767263610765e-05	0.0418894881377941	0.000397803602854949	0.00997648464954368
R	0.106424072971309	2.34437548301986e-05	0.658635030996115	0.0290090777413032	1.00203856446127e-15
K	0.0347318631473658	4.57382568458598e-06	0.0102260109724584	0.00121382371984289	6.99006020405618e-24
H	0.00489610393066579	4.68096976891885e-06	0.00512421321548711	0.00640644638406794	7.33900364666368e-33
N	0.0113727383473775	0.000126036618955865	0.00222542708789432	0.000201465797935161	6.67018456113574e-07
Q	0.0345252860519764	0.000125159958683715	0.0111342016168179	0.00326560205001538	4.76031350967539e-08
D	0.0192423915204365	0.00679326113424388	0.00510605015646288	0.00026411754627709	2.40009792690767e-05
E	0.00997764791796226	0.992033904102326	0.0239131190848671	0.000204283540747351	6.45829858779585e-06
P	1.01786113647948e-23	3.03388892211512e-13	6.85978485863103e-115	3.29926575609928e-07	1.00899636251573e-77
C	0	0	0	0	0
