	-4	-3	-2	-1	0
W	0.19855362131503	0.000941584477516748	0.0128941079451045	0.0711102257009694	1.81837788110715e-273
F	0.0642281497861872	0.0173236579703916	0.0272202366240181	0.430549568934906	2.38680995265970e-25
Y	0.049615507721447	0.0157999813347893	0.0923353002799936	0.0405809119604468	1.88456148735788e-24
M	0.0572004221970716	0.00365927352312048	0.0293741661389638	0.0046372182687986	0.000968179541205406
L	0.0331189749095371	0.000282646419604783	0.0194058837303036	0.00605061308127268	3.86962569708193e-12
I	0.0350291642521657	2.14677102430937e-05	0.00888227802187733	0.000115089058412728	0.163831746705281
V	0.0166428012094825	0.00317082408699279	0.00778618288452709	0.000506058828203189	0.438964878244776
A	0.0165901236071088	0.0181596420743415	0.0093054468047346	0.00304248863853890	0.261008549341622
G	0.0109494102641567	0.023629182681135	0.00354887919273313	0.00171541831624281	0.0262547538290383
S	0.0496942737747431	0.107845955418345	0.0364906426231208	0.00710437886589238	0.0348461615640980
T	0.0576746933092088	0.0113470325344104	0.0819570476077898	0.00162092667330634	0.0529550592057031
R	0.145639586777377	0.0162232098951690	0.0553950883330645	0.0351097239209322	4.25725258684225e-05
K	0.0466709281210209	0.0833272125499192	0.0391590392028575	0.0458803262034223	0.000592230759280029
H	0.0299898509500183	0.00549933041819126	0.00846191205786147	0.202566733864933	8.73285639161433e-06
N	0.0375562293274337	0.0645055748968183	0.0155133775496128	0.0274640423201352	0.000521102597867983
Q	0.0303099192832617	0.0218056748541056	0.105344059782607	0.0301156609198499	0.000890406646073958
D	0.0737993856958913	0.520718440448784	0.0510227344678627	0.0446055442850763	0.00876334466807093
E	0.0467369574988589	0.0857393087061114	0.395903616752968	0.0468877967971678	0.0103522815108533
P	4.42811779436778e-19	1.00859599077737e-14	3.15763865893031e-93	0.000337273361493193	5.04226202969232e-47
C	0	0	0	0	0
