	-4	-3	-2	-1	0
W	0.00619928803303104	1.66439544328043e-06	0.000155513719383702	0.544223395851086	0
F	0.00655716003896104	7.91445853027966e-08	0.00346658042914252	0.39532173386182	2.60008388790792e-255
Y	0.00131463338802491	2.79494515730534e-06	0.00330983273789018	0.0130970750172956	0
M	0.00659644898388342	4.67410478390094e-05	0.000510515812148691	0.000106571520052602	4.35660661760153e-12
L	0.000359480783433956	1.17087017325427e-29	0.00134589957311130	0.000123112907538614	3.64852288922986e-19
I	0.00110416859756931	9.9610769199179e-09	0.00216732577837266	4.33239532334161e-05	0.000848774855315465
V	0.00086246268707156	7.08675483324013e-08	0.00292054430306495	4.68856346088788e-05	0.998143927969154
A	0.00723396957991124	0.000159773388610724	0.000144321377370457	1.72890619341049e-05	0.000270379771901274
G	0.000881876215540554	3.8326189413892e-06	1.41647179371465e-05	3.95821512284819e-06	6.46410259035852e-06
S	0.116846046136530	0.00118327191117584	0.000523586928772105	3.62792392901287e-05	4.34865257635209e-05
T	0.00904997804391496	2.45256444642869e-05	0.867004585765975	0.000526277376713269	0.000674001364336329
R	0.203997413985318	6.21800393167778e-05	0.0459086605644194	0.0273428426425319	2.96461101663116e-19
K	0.0362056332167923	3.17406916788809e-06	0.00098420412585653	0.000499884526364487	1.46421534762102e-19
H	0.0116751181816439	3.50795680650894e-06	0.00670424949442468	0.017667209863491	3.07261488819585e-44
N	0.0257026179484927	5.07222789301446e-05	0.00104681555238054	0.000213024756146428	3.49908223519064e-07
Q	0.0279812301322832	0.000645868157033555	0.00907158560906749	0.000188419982861405	4.29346014544667e-11
D	0.522219552752165	0.0274013521135692	0.000679586872892041	0.000118140434585429	1.12954859438781e-05
E	0.0152129212954326	0.970410431459388	0.0540420266377905	0.000424494562535241	1.31996948076001e-06
P	4.98761585601949e-23	9.45554290743805e-13	1.17855698110362e-118	8.0592787924842e-08	3.61865700906220e-85
C	0	0	0	0	0
