	-4	-3	-2	-1	0
W	0.000835007935515146	0.000332507832715630	2.45554413552198e-06	0.132836060707438	0
F	0.000498012036274786	0.0071398937412636	1.65835555194305e-05	0.0194013873549997	0
Y	0.000356170401410305	0.000543847959725596	3.45917476693142e-06	0.0131873873972918	0
M	0.00421300436045455	0.0510337494250507	0.00072401446786788	0.00204014909803749	5.17999810646391e-07
L	0.0109690493732947	0.00113044141491383	6.22714175251947e-06	0.000435901145228613	2.74517843593965e-20
I	3.33594656739355e-07	0.0526006076899406	6.63008947515818e-05	5.47379164923426e-05	1.85510225008891e-05
V	7.49982960729093e-07	0.0292728982087176	1.17793707966401e-05	3.35937339684167e-05	0.99843167568937
A	0.000305798702160208	0.00602943237647993	0.000426553528118336	0.00436101012853376	0.000499095481703347
G	8.3756820462013e-05	0.000735991478786361	1.14065831128720e-06	0.000237890355784542	4.79314853175742e-06
S	0.000367534120825841	0.0225982249622052	0.00548909092015599	0.099139786271707	7.6382945037496e-06
T	4.26553870775515e-05	0.199530721155839	0.28591525417251	0.692892970635166	0.00095885109238597
R	0.775256907608636	0.0944120988727993	0.619753589305172	0.000673315506595628	5.965308055240e-91
K	0.19211567655753	0.0201070300599856	0.00750660889928372	0.00155474784582650	1.15847729585342e-51
H	0.000290365475634787	5.68996662937263e-05	6.43772701982581e-05	0.00881037142582332	3.51634651809477e-61
N	0.000203380812734034	0.000488990451339007	2.35477586303850e-05	0.0214107350207393	1.30736268726806e-06
Q	0.00873854117750164	0.0211427586542781	0.00148896381330623	0.000837041022567837	1.1942995875568e-07
D	0.000387909616511828	0.00229963336957292	0.000277031257267191	0.000853555412851985	4.82530909323482e-05
E	0.00533514603635891	0.490544272680093	0.0782230222674568	0.00123885558001598	2.91973876162844e-05
P	3.59802783817646e-34	4.57509845060856e-86	8.36587677222358e-180	5.03440931737493e-07	3.10734927411397e-121
C	0	0	0	0	0
