	-4	-3	-2	-1	0
W	0.00131855604872949	1.00951623215105e-05	0.00637063674140733	0.00127942172621770	0.0190130841874979
F	0.0182641891781665	3.62624315647559e-05	0.0106344532079486	0.0137687908549973	0.0415297081662897
Y	0.0233536900101041	8.64467221722576e-06	0.0679289741138944	0.975052041962057	0.00475713419426762
M	0.0139935605470620	0.00077782600924069	0.000269004191432583	0.000973352033198328	0.000292858045863779
L	0.0174445089543449	3.08667168649942e-05	4.0194259466832e-07	0.000335399847961904	0.0209288249384373
I	0.00476467852925991	0.00179295215313447	0.00089214198765314	0.000978243674636245	0.495426333322927
V	0.00325791738016515	0.00251667776664253	0.0019146939857729	0.000339469306267897	0.00304693346709973
A	0.00346377631090782	0.00028888285333085	5.70421477550835e-05	1.09851870193737e-05	3.27673172879898e-05
G	0.000325900506588468	4.34320583341179e-05	5.09895131340376e-07	5.67619551070089e-06	0.000531190852941609
S	0.0189480742831887	0.0113293082352572	0.0039985691994459	9.21758117384905e-06	4.1492642821973e-05
T	0.000336698878999472	0.979890186572307	0.895043556559209	0.000205396694734101	0.00068093104622209
R	0.333184871161085	0.00182216845425021	0.000728420643415332	0.00665976569807469	3.19084088001455e-05
K	0.0357536981557063	0.000449605909577365	0.000227931314988830	0.000191435515881229	2.03897287792170e-05
H	0.00609772482580609	2.00430446604651e-06	0.00210638494158679	6.04197965174606e-05	0.015922450426731
N	0.0379363957639928	1.79627624356171e-05	4.46338142885209e-05	1.12413083424758e-05	5.80091578801034e-05
Q	0.0358539302401067	0.00056171271358244	0.00607092409988681	4.87107928977883e-05	0.000103673180031005
D	0.0119251987919011	0.000178634376055573	0.000111429485628827	7.11853471419894e-06	0.00118427995020177
E	0.433776630433886	0.00024277684841704	0.00360029172796039	6.33132291288939e-05	0.396398030965920
P	2.39865932971953e-92	3.11657024274189e-81	2.86449310987098e-141	6.06689945307572e-11	2.75101292300081e-110
C	0	0	0	0	0
