	-4	-3	-2	-1	0
W	0.00186880676281183	0.000174276518112093	0.000624935988300228	0.630292693217427	1.32073670332118e-248
F	0.00234497605715638	0.000299772696712804	0.00132933319606433	0.0199307957714417	9.81255388852299e-194
Y	0.00157970789842907	0.000825420368323274	0.0353922791428780	0.0205469240116840	1.49765983960707e-136
M	0.0120783067284044	0.00063106930682353	0.00293769722466096	0.00124325156586243	0.000539770874302534
L	0.0119154283618382	8.44164904476425e-05	1.94836000072762e-05	0.000515544189376199	0.9993405767891
I	9.77183752413634e-06	6.47849407215418e-16	0.000744748293041304	0.000798963849579746	2.46592904373002e-06
V	1.11656091577705e-05	2.77498019264068e-10	0.00169125947505557	0.000374281752359629	1.97571330688257e-08
A	0.00709208683557644	0.000484411347011396	0.00447663895413263	0.000400309556781712	8.31446051275232e-05
G	0.000324899012013378	0.00011672189643877	8.60779603182071e-06	0.000124065650042272	8.74954360976947e-07
S	0.0123868357569116	0.00201199868341762	0.0214841446125754	0.0103928337519653	4.37055421415267e-06
T	0.00481571456329293	1.72798348202024e-05	0.747921886747018	0.266280944997711	6.61749488228185e-08
R	0.0478790070121762	0.00083537529668612	0.0094919098877807	0.0248128863125506	5.09103703114260e-08
K	0.0140865197843945	0.000149996865085751	0.0093777355160986	0.00891242675416282	2.03333815305452e-07
H	0.000408463949424723	0.00167299904288408	0.0302843913346719	0.00323817681321592	5.43321192406228e-10
N	0.0107884375802446	0.00150009615154316	0.000144835555732603	0.00682110263354316	4.92724067831069e-06
Q	0.00842484056581195	0.0119846065095515	0.0783636931053977	0.00103110027795603	1.62579962459302e-07
D	0.110199540771762	0.00359627667750393	0.00172788419301333	0.00269934011915271	1.38809913099438e-05
E	0.0161338739877363	0.97561528203714	0.0539785353775391	0.00158432466688361	9.48476231100944e-06
P	0.737651616925334	3.64716703502955e-92	9.16875691957337e-129	3.41083037646436e-08	5.54164800957333e-123
C	0	0	0	0	0
