	-4	-3	-2	-1	0
W	0.000393594196825454	8.68867370699701e-06	0.00184943776202516	0.00293507758420165	1.28930009082722e-306
F	8.89200326760581e-05	0.000132258003212420	0.0083227403809667	0.159586570700343	2.40910562788004e-48
Y	0.000144235938852466	2.62094162832124e-07	0.0126630691410260	0.000317183950376822	1.31308484360400e-84
M	3.01646082197578e-07	0.0118214130132359	0.00279776461753266	0.00740598004889925	0.00074304136151272
L	0.0299796044535495	0.000174876184771413	0.00300885367295982	0.000207070491217597	0.00846924199148682
I	1.43871842508864e-07	0.00623164832203754	0.00178202394642407	5.22052047224634e-05	0.692394698525031
V	0.000788909416292112	0.0051227194745518	0.000951971705043028	0.000105699211886780	0.273101775791556
A	0.000131706402934415	0.00337302178058006	0.00403473488398353	0.00279666782206412	0.00225934878489401
G	5.12337270338338e-05	0.00118197900757541	5.07245449535743e-05	0.00448425921985897	8.57031370921814e-05
S	0.00508178511189519	0.0469220709651806	0.0812327399542919	0.0708327624187778	0.000392777537616156
T	3.16987336218108e-05	0.00394832975141591	0.542499397423465	0.424832705498138	0.0060556839013859
R	0.693831824279205	0.0437672004621624	0.203789828662471	0.00699739944424715	8.0516238897736e-06
K	0.237354992753674	0.0283568331064276	0.087702441852394	0.00226716589632088	8.64008789900078e-07
H	0.000750271935769415	4.95905564396272e-05	0.00473144437190838	0.195156689534984	7.09603790348744e-10
N	0.0305342839351818	0.00397191087118939	0.00587350017950448	0.115251476431061	7.03733532224885e-05
Q	0.000569353091428699	0.0109645888378746	0.0108304829536308	0.00212442295629368	0.000423361513783402
D	0.000154189623026085	0.00265705994337089	0.00213335145508754	0.000353287775328311	0.000120135992348325
E	0.000112950850109660	0.831315548952105	0.0257454924923324	0.00429168925289158	0.0158749417677878
P	1.57214312722579e-73	1.85436457406931e-113	1.28476311717869e-136	1.68655838649391e-06	1.19192036839189e-112
C	0	0	0	0	0
