

VARS   RESID RESNAME PHI PSI DPHI DPSI DIST S2 COUNT CLASS 
FORMAT %4d %s %8.3f %8.3f %8.3f %8.3f %8.3f %5.3f %2d %s

   1 A 9999.000 9999.000    0.000    0.000    0.000 0.777  0 None
   2 S -124.888  144.365   17.575   10.833   30.680 0.786 10 Good
   3 E -130.436  127.252   21.035   17.279   16.960 0.807 10 Good
   4 K -104.464  123.277   17.610    8.504   15.319 0.820 10 Good
   5 V -110.171  120.986   11.113   11.810   20.704 0.836 10 Good
   6 G -123.458  147.386   64.476   32.288   31.887 0.839 10 Good
   7 M -114.189  132.648   21.050   24.539   30.100 0.835 10 Good
   8 N -121.806  148.967   24.498   12.185   20.314 0.838 10 Good
   9 L  -91.575  -17.020   23.055   21.874   24.275 0.845 10 Good
  10 V -123.897  157.307   12.867   19.478   24.566 0.880 10 Good
  11 T -104.184  170.905   17.952   11.077   37.834 0.873 10 Good
  12 A  -65.682  -21.527   11.477   17.375   41.768 0.862 10 Good
  13 Q  -90.553   -6.409   13.335   20.265   32.457 0.801 10 Good
  14 G -168.450  120.740   73.725   31.209   28.421 0.775  6 Warn
  15 V  -92.084  125.737   19.501   13.881   32.087 0.742 10 Good
  16 G -101.589  131.559   21.348   18.845   29.978 0.757 10 Good
  17 Q  -89.278  137.559   19.827   10.169   25.105 0.773 10 Good
  18 S  -74.764  127.473   10.640   20.994   21.264 0.817  7 Warn
  19 I -104.035   -1.222   15.238   12.193   27.777 0.857  9 Warn
  20 G -123.640  149.582   30.823   13.407   32.038 0.881 10 Good
  21 T -136.747  161.055   15.800    7.024   25.366 0.888 10 Good
  22 V -133.298  126.621   11.342    8.214   17.370 0.883 10 Good
  23 V -109.644  120.126   15.364   14.373   14.851 0.879 10 Good
  24 I -109.033  132.555   13.850    8.736   15.616 0.856 10 Good
  25 D -120.313  149.520   20.746    8.140   23.736 0.828 10 Good
  26 E  -88.467  144.279   22.094   24.034   38.775 0.801 10 Good
  27 T -118.897  160.797   22.349   12.143   23.901 0.804 10 Good
  28 E  -66.021  -23.314   10.594    8.451   39.025 0.800 10 Warn
  29 G   79.541   11.844   19.381   21.978   85.221 0.795 10 Warn
  30 G -102.962  145.727   65.953   30.510   36.591 0.806  8 Warn
  31 L  -85.109  135.669   20.364   14.999   23.776 0.833 10 Good
  32 K -113.063  130.218   10.894    6.430   20.043 0.866 10 Good
  33 F -112.369  118.889   13.169   10.778   19.706 0.863 10 Good
  34 T -110.815  123.009   13.739    9.201   35.986 0.842 10 Good
  35 P  -88.559  132.407   24.442   18.922   56.931 0.840 10 Good
  36 H  -89.910  120.835   13.597   23.998   48.847 0.852 10 Good
  37 L -130.365  148.549   18.259   13.975   24.178 0.887 10 Good
  38 K -123.481  159.595   31.449   15.079   48.701 0.890 10 Good
  39 A   57.798   33.035    5.618   10.657   94.861 0.861 10 Warn
  40 L -121.329  148.157   12.941   10.969   50.283 0.804 10 Good
  41 P  -72.634  141.908   15.923   11.562   62.146 0.789 10 Good
  42 P  -65.415  147.460    9.198    9.635   67.127 0.781 10 Good
  43 G -164.319  166.819   77.241   21.146   48.765 0.794 10 Good
  44 E -102.606  139.058   19.681    8.987   36.095 0.783 10 Good
  45 H -122.400  145.992   62.380   18.859   34.883 0.819 10 Good
  46 G -120.695  122.057   30.612   17.901   50.283 0.867 10 Good
  47 F -106.250  135.958   10.254   13.823   47.731 0.920 10 Good
  48 H -133.770  147.767   16.431   15.453   33.540 0.913 10 Good
  49 I  -95.740  118.576   14.966   11.558   25.242 0.900 10 Good
  50 H  -72.777  -14.074   14.830   12.958   32.045 0.883  5 Warn
  51 A  -70.554  -30.619   11.919   16.901   40.779 0.883 10 Good
  52 N -104.165   -5.907   17.876   10.097   38.520 0.876  6 Warn
  53 G   79.156   17.873   10.185   16.477   81.013 0.864 10 Warn
  54 S -105.772  137.922   30.982   30.691   40.340 0.847 10 Good
  55 C -134.628  162.419   53.758   14.620   35.918 0.834 10 Good
  56 Q -150.199  161.984   59.621   18.316   55.432 0.845 10 Good
  57 P  -67.178  153.923    6.930   10.142   50.509 0.853  9 Warn
  58 A -138.934  147.135   13.925    9.353   43.503 0.860 10 Good
  59 I  -95.723  121.869    9.068   12.853   22.727 0.850 10 Good
  60 K -118.459  122.058   22.913   17.413   28.626 0.846 10 Good
  61 D   52.739   43.688    4.277    3.377   53.799 0.853 10 Warn
  62 G   73.595    8.799    9.555   12.100   28.766 0.817 10 Good
  63 Q -115.099  141.230   14.486   12.128   21.741 0.784 10 Good
  64 A  -95.832  121.712   12.679   10.614   18.424 0.732 10 Good
  65 V -109.810  127.541   22.628   17.372   27.236 0.745 10 Good
  66 A  -81.103  138.180   59.956   41.240   38.948 0.768 10 Good
  67 A  -61.205  -39.068    7.189   15.417   32.217 0.810  7 Warn
  68 E  -60.854  -35.282    8.878    9.143   34.066 0.814 10 Good
  69 A  -66.185  -28.595    5.682   12.508   24.919 0.804 10 Good
  70 A  -83.719  -24.960   10.038   19.156   25.430 0.802 10 Good
  71 G   95.983   10.947   13.098   16.502   31.007 0.815  7 Warn
  72 G   80.254  178.865   91.837   17.767   38.294 0.835 10 Good
  73 H -109.916  130.168   16.122   25.956   28.809 0.855 10 Good
  74 L  -78.234  129.541   14.273    4.224   21.352 0.854 10 Good
  75 D -110.781  107.024   25.852   24.034   37.057 0.844 10 Good
  76 P  -55.880  -32.559    9.723   10.033   41.588 0.809 10 Good
  77 Q  -89.444    5.932   12.239   13.781   41.786 0.804 10 Good
  78 N   54.915   36.760    9.643    8.107   70.692 0.795 10 Warn
  79 T  -76.076  -20.088   14.459   15.784   58.189 0.823 10 Good
  80 G   75.679   24.018   16.975   19.242   57.502 0.832 10 Good
  81 K -124.286  152.538   19.196   14.575   40.270 0.862 10 Good
  82 H -111.818  124.302   17.049    7.454   37.206 0.872 10 Good
  83 E -121.584  161.231   17.398   13.076   39.069 0.862 10 Good
  84 G  171.640 -179.579   87.224   36.261   52.100 0.835  7 Warn
  85 P  -78.391  -14.102   21.516   16.201   55.371 0.760 10 Good
  86 E  -93.410    3.506   18.413   18.029   39.596 0.740 10 Good
  87 G -118.018  158.436   43.545   19.431   32.805 0.736 10 Good
  88 Q  -90.379  132.839   18.675   26.329   35.910 0.791 10 Good
  89 G  -87.702  147.307  101.081   32.222   32.907 0.816 10 Good
  90 H  -76.476  125.155    7.518   17.053   36.670 0.831 10 Good
  91 L  -81.732  -36.845   17.160   14.420   47.351 0.833  9 Warn
  92 G  -99.523   12.364    9.818    5.934  106.462 0.829  5 Warn
  93 D  -90.494  129.109   41.897   20.383   51.879 0.831  9 Warn
  94 L  -94.295  111.980   15.454   41.296   52.384 0.832 10 Good
  95 P  -61.994  164.862   50.930   12.182   67.452 0.834 10 Good
  96 V  -98.668  -11.620   16.023   14.245   42.446 0.822  7 Warn
  97 L  -85.151  128.939   19.683   16.511   26.730 0.813  9 Warn
  98 V -101.198  116.150   15.395    9.951   17.916 0.808 10 Good
  99 V -100.234  122.592    8.517    4.438   17.439 0.818 10 Good
 100 N  -82.186  168.950   15.050   18.186   20.994 0.815 10 Good
 101 N  -64.691  -15.739    8.051   15.849   17.713 0.795 10 Good
 102 D  -95.663    2.047   11.771    6.333   28.102 0.772 10 Good
 103 G   80.386   15.800    7.664   12.512   34.386 0.787 10 Good
 104 I -104.743  140.371   56.552   17.678   26.795 0.822 10 Good
 105 A -123.263  138.502   23.566   16.793   20.194 0.845 10 Good
 106 T -118.888  126.508   62.598   20.597   23.483 0.827 10 Good
 107 E -126.945  151.147   19.877   33.213   38.359 0.836 10 Good
 108 P  -83.987  151.930   23.214    9.763   50.312 0.865 10 Good
 109 V -137.585  152.089   10.949   13.292   39.369 0.911 10 Good
 110 T -120.578  121.199   17.242   10.190   24.504 0.908 10 Good
 111 A -127.528  142.129   17.096   15.335   38.792 0.890 10 Good
 112 P  -55.400  -36.142    6.359    4.441   52.455 0.861  6 Warn
 113 R  -85.965  -20.603   13.546   10.993   42.366 0.842 10 Good
 114 L -108.787  148.518   30.978   19.678   20.711 0.838  9 Warn
 115 K  -98.478  146.926   21.591   14.668   19.395 0.848 10 Good
 116 S -108.082  161.297   30.892   26.653   26.286 0.874 10 Good
 117 L  -58.821  -35.779    3.984   11.479   19.366 0.893 10 Good
 118 D  -67.419  -29.462   12.295   12.050   13.768 0.912 10 Good
 119 E  -70.076  -26.221    8.259    7.196   20.676 0.913 10 Good
 120 V -103.586    5.330    9.776   17.658   39.617 0.915 10 Good
 121 K  -89.939  141.563   31.390   13.680   64.865 0.903 10 Good
 122 D   74.196   16.938   17.241   33.473   85.203 0.901 10 Warn
 123 K -144.025  157.024   35.068   16.161   38.247 0.902 10 Good
 124 A -116.181  125.225   18.850   10.356   26.942 0.914 10 Good
 125 L -109.114  124.671   15.634   14.344   26.921 0.922 10 Good
 126 M -113.831  136.083   12.343    9.093   27.191 0.920 10 Good
 127 I -118.199  124.701   12.388    9.645   25.453 0.901 10 Good
 128 H  -80.281  154.519   13.278   16.706   21.710 0.870 10 Good
 129 V  -66.196  -28.690   10.202   10.231   38.230 0.852 10 Good
 130 G  -90.970    2.978   11.952   19.078   35.418 0.826 10 Warn
 131 G -148.788  169.864   86.037   17.006   32.435 0.820  9 Warn
 132 D -119.913  126.679   21.302   18.094   40.572 0.829  9 Warn
 133 N   50.535   43.552    5.429    7.306   53.625 0.868  5 Warn
 134 M   58.526   35.203   10.878   19.577   63.638 0.903 10 Good
 135 S -110.022  157.213   20.695   18.243   36.304 0.900 10 Warn
 136 D  -81.854  146.197   31.295   19.308   24.368 0.858  6 Warn
 137 Q -122.676  154.694   21.384    7.914   38.378 0.817 10 Good
 138 P  -70.540  152.440   27.433   12.299   46.587 0.767  9 Warn
 139 K -122.758  155.338   18.330   16.308   52.659 0.783  9 Warn
 140 P  -72.049  142.656   33.069    9.528   58.090 0.798 10 Good
 141 L  -74.641   -7.603    9.205    5.913   48.483 0.842  5 Warn
 142 G  -84.607  -10.995   13.460   13.225   40.039 0.807  8 Warn
 143 G  -83.764   -8.852   14.327   13.623   34.515 0.772 10 Good
 144 G   75.729   20.808   13.512   20.067   36.031 0.777  7 Warn
 145 G  -89.105  136.105   34.147   39.185   38.022 0.825 10 Warn
 146 T  -88.170  122.708   22.519   12.784   37.020 0.890  8 Warn
 147 R  -61.431  151.027   76.033   54.652   44.014 0.912 10 Good
 148 Y -101.015  -38.040   21.044    7.468   32.580 0.920 10 Good
 149 A -145.105  150.195   12.566    9.374   30.681 0.929 10 Good
 150 C -134.142  132.814   15.441    9.618   36.138 0.923 10 Good
 151 G -122.063  129.693   40.577   14.405   37.202 0.900 10 Good
 152 V -105.852  127.204   26.975   14.510   31.054 0.861 10 Good
 153 I  -94.700  117.524   27.866   13.621   26.031 0.825 10 Good
 154 K 9999.000 9999.000    0.000    0.000    0.000 0.809  0 None
