REMARK  Predicted order parameter (S2) from backbone chemical shifts for 15112.talos
REMARK    from David Wishart's RCI method, JACS, 127(43), 14970-14971

VARS RESID RESNAME CS_CNT CS_CNT_R2 S2 
FORMAT %4d %1s %2d %2d %8.3f 

    1 A 18  6    0.777
    2 S 18  6    0.786
    3 E 18  6    0.807
    4 K 18  6    0.820
    5 V 17  6    0.836
    6 G 17  5    0.839
    7 M 17  6    0.835
    8 N 18  6    0.838
    9 L 18  6    0.845
   10 V 18  6    0.880
   11 T 18  6    0.873
   12 A 18  6    0.862
   13 Q 17  6    0.801
   14 G 17  5    0.775
   15 V 16  6    0.742
   16 G 17  5    0.757
   17 Q 17  6    0.773
   18 S 18  6    0.817
   19 I 17  6    0.857
   20 G 17  5    0.881
   21 T 17  6    0.888
   22 V 18  6    0.883
   23 V 18  6    0.879
   24 I 18  6    0.856
   25 D 18  6    0.828
   26 E 18  6    0.801
   27 T 18  6    0.804
   28 E 17  6    0.800
   29 G 16  5    0.795
   30 G 16  5    0.806
   31 L 17  6    0.833
   32 K 18  6    0.866
   33 F 18  6    0.863
   34 T 17  6    0.842
   35 P 17  5    0.840
   36 H 17  6    0.852
   37 L 18  6    0.887
   38 K 18  6    0.890
   39 A 18  6    0.861
   40 L 17  6    0.804
   41 P 16  5    0.789
   42 P 15  5    0.781
   43 G 16  5    0.794
   44 E 17  6    0.783
   45 H 17  6    0.819
   46 G 17  5    0.867
   47 F 17  6    0.920
   48 H 18  6    0.913
   49 I 18  6    0.900
   50 H 18  6    0.883
   51 A 18  6    0.883
   52 N 17  6    0.877
   53 G 17  5    0.864
   54 S 17  6    0.847
   55 C 18  6    0.834
   56 Q 17  6    0.845
   57 P 17  5    0.853
   58 A 17  6    0.860
   59 I 18  6    0.850
   60 K 18  6    0.846
   61 D 17  6    0.853
   62 G 17  5    0.817
   63 Q 17  6    0.784
   64 A 18  6    0.732
   65 V 18  6    0.745
   66 A 18  6    0.768
   67 A 18  6    0.810
   68 E 18  6    0.814
   69 A 18  6    0.804
   70 A 17  6    0.802
   71 G 16  5    0.815
   72 G 16  5    0.835
   73 H 17  6    0.855
   74 L 18  6    0.854
   75 D 17  6    0.844
   76 P 17  5    0.809
   77 Q 17  6    0.804
   78 N 18  6    0.795
   79 T 17  6    0.823
   80 G 17  5    0.832
   81 K 17  6    0.862
   82 H 18  6    0.872
   83 E 17  6    0.862
   84 G 16  5    0.835
   85 P 16  5    0.760
   86 E 16  6    0.740
   87 G 17  5    0.736
   88 Q 16  6    0.791
   89 G 17  5    0.816
   90 H 17  6    0.831
   91 L 17  6    0.833
   92 G 17  5    0.829
   93 D 17  6    0.831
   94 L 17  6    0.832
   95 P 17  5    0.834
   96 V 17  6    0.822
   97 L 18  6    0.813
   98 V 18  6    0.808
   99 V 18  6    0.818
  100 N 18  6    0.815
  101 N 18  6    0.795
  102 D 17  6    0.772
  103 G 17  5    0.787
  104 I 17  6    0.822
  105 A 18  6    0.845
  106 T 18  6    0.827
  107 E 17  6    0.836
  108 P 17  5    0.865
  109 V 17  6    0.911
  110 T 18  6    0.908
  111 A 17  6    0.890
  112 P 17  5    0.861
  113 R 17  6    0.842
  114 L 18  6    0.838
  115 K 18  6    0.848
  116 S 18  6    0.874
  117 L 18  6    0.893
  118 D 18  6    0.912
  119 E 18  6    0.913
  120 V 18  6    0.915
  121 K 18  6    0.903
  122 D 18  6    0.901
  123 K 18  6    0.902
  124 A 18  6    0.914
  125 L 18  6    0.922
  126 M 18  6    0.920
  127 I 18  6    0.901
  128 H 18  6    0.870
  129 V 17  6    0.852
  130 G 16  5    0.826
  131 G 16  5    0.820
  132 D 17  6    0.829
  133 N 18  6    0.868
  134 M 18  6    0.903
  135 S 18  6    0.900
  136 D 18  6    0.858
  137 Q 17  6    0.817
  138 P 17  5    0.767
  139 K 16  6    0.783
  140 P 17  5    0.798
  141 L 16  6    0.842
  142 G 16  5    0.807
  143 G 15  5    0.772
  144 G 15  5    0.777
  145 G 16  5    0.825
  146 T 17  6    0.890
  147 R 18  6    0.912
  148 Y 18  6    0.920
  149 A 18  6    0.929
  150 C 17  6    0.923
  151 G 17  5    0.900
  152 V 17  6    0.861
  153 I 18  6    0.825
  154 K 18  6    0.809
