

VARS   RESID RESNAME PHI PSI DPHI DPSI DIST S2 COUNT CLASS 
FORMAT %4d %s %8.3f %8.3f %8.3f %8.3f %8.3f %5.3f %2d %s

   1 M 9999.000 9999.000    0.000    0.000    0.000 1.000  0 None
   2 A -106.664  128.425   32.892   19.755   70.415 0.393 10 Dyn
   3 T  -83.661  128.447   18.345   16.218   71.508 0.434 10 Dyn
   4 P  -61.563  149.689    4.463   10.843   40.641 0.474  7 Dyn
   5 Q  -87.138   -9.153   26.838   22.257   27.813 0.529 10 Good
   6 D  -73.447  -26.482   18.846   17.584   12.916 0.534  9 Warn
   7 K  -79.783  -21.102   20.296   18.613   27.127 0.408 10 Dyn
   8 L  -92.486  -13.797   12.544   21.494   16.638 0.376  6 Dyn
   9 H  -86.250  129.088   60.397   24.080   21.078 0.406 10 Dyn
  10 T -102.112  135.538   20.554   16.825   21.311 0.621 10 Good
  11 V -122.352  130.210   16.535   15.221   14.353 0.810 10 Good
  12 R -116.910  138.322   15.311   13.878   12.034 0.886 10 Good
  13 L -123.988  144.829   13.641   14.376   14.494 0.902 10 Good
  14 F -131.507  146.282   15.658   18.314   23.704 0.899 10 Good
  15 G  172.825 -179.674   49.110   13.416   22.950 0.864 10 Good
  16 T -120.070  143.665   25.686   16.872   26.483 0.820 10 Good
  17 V  -90.043  125.334   24.047   14.647   20.486 0.767 10 Good
  18 A  -73.987  157.083   15.288   16.092   34.762 0.752 10 Good
  19 A  -60.910  -30.439   11.430    9.103   25.083 0.755 10 Good
  20 D  -95.706    2.569   13.060   11.455   33.547 0.781 10 Good
  21 G   85.799   11.719   12.939   23.200   29.243 0.808 10 Warn
  22 L  -77.996  130.170   14.729   12.519   31.281 0.836 10 Good
  23 T -119.164  133.321   16.785   10.694   26.438 0.847 10 Good
  24 M -100.370  137.187   20.262   21.011   35.810 0.800 10 Good
  25 L  -94.310  130.986   66.166   20.521   17.487 0.728 10 Good
  26 D  -92.588  132.256   30.420   25.965   21.732 0.689 10 Good
  27 G   78.255   12.243    7.390   13.693   26.221 0.681 10 Good
  28 A  -88.138  134.880   24.140   26.111   59.040 0.702 10 Good
  29 P  -65.234  151.009    8.586   10.332   49.446 0.753 10 Good
  30 G -114.699  159.741   71.950   17.720   67.444 0.827  9 Warn
  31 V -140.605  145.398    7.209   12.007   31.269 0.912 10 Good
  32 R -124.259  133.930    9.726   11.228   23.733 0.925 10 Good
  33 F -143.178  153.729   12.750    8.487   19.814 0.917 10 Good
  34 R -102.937  122.343   17.184   13.449   20.232 0.885 10 Good
  35 L -103.791  121.317   15.203   15.953   16.441 0.863 10 Good
  36 E -107.512  117.657   22.019   22.831   18.255 0.829 10 Good
  37 D -100.999  137.585   29.567   28.062   30.118 0.814 10 Good
  38 K  -64.416  -25.029    6.488   11.640   22.006 0.771 10 Good
  39 D  -89.897  -10.332   14.406   12.805   19.351 0.742 10 Good
  40 N  -83.193  -20.175   22.014   28.759   16.964 0.663 10 Warn
  41 T  -66.362  -34.533   13.738   11.495   20.616 0.629 10 Good
  42 S  -90.952   -8.118   16.350   17.812   28.838 0.634 10 Good
  43 K  -92.482  131.995   64.747   27.897   22.908 0.711 10 Good
  44 T -107.206  136.005   21.923   18.901   14.607 0.783 10 Good
  45 V -120.671  131.088   19.817   19.989   13.687 0.827 10 Good
  46 W  -96.650  131.635   12.088   15.575   14.709 0.848 10 Good
  47 V -119.768  130.863   12.963   12.445   14.433 0.885 10 Good
  48 L -125.486  124.721    8.343    8.401   16.188 0.907 10 Good
  49 Y -121.049  128.983   10.435   15.280   19.906 0.916 10 Good
  50 K -112.748  126.066   21.200   14.600   36.777 0.888 10 Good
  51 G -166.608  168.644   39.693   13.352   36.589 0.854 10 Good
  52 A  -89.316  128.330   10.226   13.532   38.137 0.814 10 Good
  53 V  -99.462  116.307   28.801   16.546   59.835 0.810 10 Good
  54 P  -59.333  143.523    8.838    8.875   50.561 0.817 10 Good
  55 D  -61.999  -24.759    5.458   10.806   55.124 0.851 10 Good
  56 T -110.263   -5.478   14.131   18.454   40.111 0.860 10 Good
  57 F  -94.350  128.702   27.544   16.422   37.940 0.864 10 Good
  58 K -116.989  122.425   17.840   27.666   61.693 0.803 10 Good
  59 P  -55.117  136.047    3.544   10.031   61.586 0.759 10 Good
  60 G   88.300   -8.538   12.383   15.693   40.763 0.722 10 Good
  61 V  -89.472  156.242   21.358   14.186   25.400 0.771 10 Good
  62 E -109.222  140.123   13.239   12.650   24.794 0.827 10 Good
  63 V -133.599  165.915    8.625    9.001   16.501 0.904 10 Good
  64 I -120.556  133.581   17.314   10.470   20.819 0.914 10 Good
  65 I -134.180  160.840    7.992   10.195   19.392 0.922 10 Good
  66 E -126.914  143.367   19.312    8.737   29.212 0.908 10 Good
  67 G  123.867 -178.892   87.364   21.297   39.119 0.878 10 Good
  68 G -128.379  156.042   57.310   30.483   37.609 0.829 10 Good
  69 L -117.958  130.823   22.792   12.198   26.889 0.768 10 Good
  70 A  -91.091  133.786   25.634   27.968   53.066 0.716 10 Good
  71 P  -54.978  133.408    3.530    6.333   65.119 0.625 10 Good
  72 G   90.813  -12.688   13.045   10.286   57.759 0.587 10 Good
  73 E  -88.767  141.742   19.673   34.700   38.533 0.599 10 Good
  74 D  -98.742   -4.411   16.572   20.285   21.527 0.689 10 Good
  75 T -106.737  127.581   24.188   11.506   23.150 0.787 10 Good
  76 F -104.707  116.983   15.538   11.217   22.020 0.843 10 Good
  77 K -100.419  118.937   15.782   14.474   21.069 0.863 10 Good
  78 A -105.402  126.244   31.591   10.498   26.832 0.865 10 Good
  79 R  -90.323  -38.078   10.047    7.927   23.293 0.860 10 Good
  80 T -150.526  153.622   22.569   11.926   19.298 0.870 10 Good
  81 L -129.968  123.252   14.098   14.396   19.372 0.866 10 Good
  82 M -124.892  147.131   21.857   15.278   18.597 0.845 10 Good
  83 T -108.462  138.151   15.568   10.176   20.256 0.789 10 Good
  84 K -103.143  130.157   23.430   15.791   23.505 0.698 10 Good
  85 C  -90.114  129.205   21.348   26.807   50.788 0.592 10 Good
  86 P  -66.015  149.718   11.088    7.941   50.432 0.401 10 Dyn
  87 L -105.330  125.047   24.836   15.192   29.973 0.365  9 Dyn
  88 E -107.423  142.479   35.374   24.881   62.841 0.314  9 Dyn
  89 H 9999.000 9999.000    0.000    0.000    0.000 1.000  0 None
  90 H 9999.000 9999.000    0.000    0.000    0.000 1.000  0 None
  91 H 9999.000 9999.000    0.000    0.000    0.000 1.000  0 None
  92 H 9999.000 9999.000    0.000    0.000    0.000 1.000  0 None
  93 H 9999.000 9999.000    0.000    0.000    0.000 1.000  0 None
  94 H 9999.000 9999.000    0.000    0.000    0.000 1.000  0 None
