REMARK  Predicted order parameter (S2) from backbone chemical shifts for cs.tab
REMARK    from David Wishart's RCI method, JACS, 127(43), 14970-14971

VARS RESID RESNAME CS_CNT CS_CNT_R2 S2 
FORMAT %4d %1s %2d %2d %8.3f 

    1 M 10  0    0.393
    2 A  9  4    0.393
    3 T 13  5    0.434
    4 P 15  4    0.474
    5 Q 16  6    0.529
    6 D 18  6    0.534
    7 K 18  6    0.408
    8 L 18  6    0.376
    9 H 18  6    0.406
   10 T 18  6    0.621
   11 V 18  6    0.810
   12 R 18  6    0.886
   13 L 18  6    0.902
   14 F 17  6    0.899
   15 G 17  5    0.864
   16 T 17  6    0.820
   17 V 18  6    0.767
   18 A 18  6    0.752
   19 A 18  6    0.755
   20 D 17  6    0.781
   21 G 17  5    0.808
   22 L 17  6    0.836
   23 T 18  6    0.847
   24 M 18  6    0.800
   25 L 18  6    0.728
   26 D 17  6    0.689
   27 G 17  5    0.681
   28 A 15  6    0.702
   29 P 15  4    0.753
   30 G 15  5    0.827
   31 V 17  6    0.912
   32 R 18  6    0.925
   33 F 18  6    0.917
   34 R 18  6    0.885
   35 L 18  6    0.863
   36 E 18  6    0.829
   37 D 18  6    0.814
   38 K 18  6    0.771
   39 D 18  6    0.742
   40 N 18  6    0.663
   41 T 18  6    0.629
   42 S 18  6    0.634
   43 K 18  6    0.711
   44 T 18  6    0.783
   45 V 18  6    0.827
   46 W 18  6    0.848
   47 V 18  6    0.885
   48 L 18  6    0.907
   49 Y 18  6    0.916
   50 K 17  6    0.888
   51 G 17  5    0.854
   52 A 17  6    0.814
   53 V 16  6    0.810
   54 P 16  4    0.817
   55 D 16  6    0.851
   56 T 18  6    0.860
   57 F 18  6    0.864
   58 K 16  6    0.803
   59 P 15  4    0.759
   60 G 15  5    0.722
   61 V 17  6    0.771
   62 E 18  6    0.827
   63 V 18  6    0.904
   64 I 18  6    0.914
   65 I 18  6    0.922
   66 E 17  6    0.908
   67 G 16  5    0.878
   68 G 16  5    0.829
   69 L 17  6    0.768
   70 A 16  6    0.716
   71 P 15  4    0.625
   72 G 15  5    0.587
   73 E 17  6    0.599
   74 D 18  6    0.689
   75 T 18  6    0.787
   76 F 18  6    0.843
   77 K 18  6    0.863
   78 A 18  6    0.865
   79 R 18  6    0.860
   80 T 18  6    0.870
   81 L 18  6    0.866
   82 M 18  6    0.845
   83 T 18  6    0.789
   84 K 18  6    0.698
   85 C 16  6    0.592
   86 P 16  4    0.401
   87 L 16  6    0.365
   88 E 12  6    0.314
   89 H  6  0    0.445
   90 H  0  0 9999.000
   91 H  0  0 9999.000
   92 H  0  0 9999.000
   93 H  0  0 9999.000
   94 H  6  0 9999.000
