REMARK  Neural network secondary structure prediction for cs.tab 
REMARK     H-Helix    E-Strand   L-Coil 

DATA SEQUENCE     MATPQDKLHT VRLFGTVAAD GLTMLDGAPG VRFRLEDKDN TSKTVWVLYK 
DATA PREDICTED_SS XLLLLLLLLL EEEEEEELLL LLEELLLLLE EEEEEELLLL LLLEEEEEEE 
DATA CONFIDENCE   0099998881 8999753688 6246699980 8999956999 9873999997 


DATA SEQUENCE     GAVPDTFKPG VEVIIEGGLA PGEDTFKART LMTKCPLEHH HHHH
DATA PREDICTED_SS LLLLLLLLLL LEEEEEELEL LLLLEEEEEE EEEELLLLXX XXXX
DATA CONFIDENCE   6888999999 6499996127 9998378537 8751778800 0000

VARS RESID RESNAME CS_CNT CS_CNT_R2 Q_H Q_E Q_L CONFIDENCE SS_CLASS
FORMAT %4d %1s %2d %2d %8.3f %8.3f %8.3f %4.2f %s

    1 M 10  0    0.333    0.333    0.333 0.00 X
    2 A  9  4    0.333    0.333    0.333 0.00 L
    3 T 13  5    0.000    0.047    0.953 0.91 L
    4 P 15  4    0.012    0.038    0.949 0.91 L
    5 Q 16  6    0.023    0.024    0.953 0.93 L
    6 D 18  6    0.034    0.031    0.935 0.90 L
    7 K 18  6    0.070    0.051    0.878 0.81 L
    8 L 18  6    0.058    0.058    0.884 0.83 L
    9 H 18  6    0.018    0.082    0.900 0.82 L
   10 T 18  6    0.000    0.447    0.553 0.11 L
   11 V 18  6    0.000    0.911    0.089 0.82 E
   12 R 18  6    0.008    0.992    0.000 0.98 E
   13 L 18  6    0.012    0.988    0.000 0.98 E
   14 F 17  6    0.000    0.975    0.025 0.95 E
   15 G 17  5    0.000    0.894    0.106 0.79 E
   16 T 17  6    0.000    0.753    0.247 0.51 E
   17 V 18  6    0.001    0.678    0.321 0.36 E
   18 A 18  6    0.031    0.153    0.816 0.66 L
   19 A 18  6    0.052    0.047    0.901 0.85 L
   20 D 17  6    0.046    0.029    0.925 0.88 L
   21 G 17  5    0.061    0.146    0.792 0.65 L
   22 L 17  6    0.006    0.352    0.643 0.29 L
   23 T 18  6    0.000    0.718    0.282 0.44 E
   24 M 18  6    0.002    0.819    0.179 0.64 E
   25 L 18  6    0.003    0.189    0.807 0.62 L
   26 D 17  6    0.009    0.043    0.947 0.90 L
   27 G 17  5    0.006    0.031    0.964 0.93 L
   28 A 15  6    0.010    0.004    0.986 0.98 L
   29 P 15  4    0.008    0.063    0.929 0.87 L
   30 G 15  5    0.000    0.540    0.460 0.08 E
   31 V 17  6    0.000    0.921    0.079 0.84 E
   32 R 18  6    0.000    0.986    0.014 0.97 E
   33 F 18  6    0.000    0.981    0.018 0.96 E
   34 R 18  6    0.003    0.984    0.013 0.97 E
   35 L 18  6    0.000    0.953    0.047 0.91 E
   36 E 18  6    0.000    0.760    0.240 0.52 E
   37 D 18  6    0.009    0.154    0.837 0.68 L
   38 K 18  6    0.016    0.033    0.952 0.92 L
   39 D 18  6    0.034    0.030    0.936 0.90 L
   40 N 18  6    0.020    0.011    0.969 0.95 L
   41 T 18  6    0.027    0.028    0.945 0.92 L
   42 S 18  6    0.047    0.033    0.920 0.87 L
   43 K 18  6    0.021    0.094    0.886 0.79 L
   44 T 18  6    0.000    0.683    0.317 0.37 E
   45 V 18  6    0.000    0.960    0.040 0.92 E
   46 W 18  6    0.005    0.986    0.009 0.98 E
   47 V 18  6    0.009    0.991    0.000 0.98 E
   48 L 18  6    0.008    0.988    0.004 0.98 E
   49 Y 18  6    0.001    0.984    0.016 0.97 E
   50 K 17  6    0.004    0.858    0.138 0.72 E
   51 G 17  5    0.000    0.170    0.830 0.66 L
   52 A 17  6    0.003    0.078    0.919 0.84 L
   53 V 16  6    0.000    0.061    0.939 0.88 L
   54 P 16  4    0.008    0.067    0.926 0.86 L
   55 D 16  6    0.021    0.028    0.951 0.92 L
   56 T 18  6    0.031    0.029    0.940 0.91 L
   57 F 18  6    0.014    0.021    0.965 0.94 L
   58 K 16  6    0.000    0.022    0.978 0.96 L
   59 P 15  4    0.000    0.036    0.964 0.93 L
   60 G 15  5    0.000    0.049    0.950 0.90 L
   61 V 17  6    0.001    0.191    0.808 0.62 L
   62 E 18  6    0.000    0.726    0.274 0.45 E
   63 V 18  6    0.000    0.976    0.024 0.95 E
   64 I 18  6    0.005    0.988    0.007 0.98 E
   65 I 18  6    0.003    0.982    0.015 0.97 E
   66 E 17  6    0.000    0.961    0.039 0.92 E
   67 G 16  5    0.000    0.815    0.185 0.63 E
   68 G 16  5    0.000    0.440    0.560 0.12 L
   69 L 17  6    0.000    0.634    0.366 0.27 E
   70 A 16  6    0.006    0.112    0.882 0.77 L
   71 P 15  4    0.000    0.040    0.960 0.92 L
   72 G 15  5    0.000    0.023    0.977 0.95 L
   73 E 17  6    0.000    0.023    0.977 0.95 L
   74 D 18  6    0.008    0.087    0.906 0.82 L
   75 T 18  6    0.000    0.686    0.314 0.37 E
   76 F 18  6    0.000    0.884    0.116 0.77 E
   77 K 18  6    0.000    0.909    0.091 0.82 E
   78 A 18  6    0.000    0.772    0.228 0.54 E
   79 R 18  6    0.000    0.666    0.334 0.33 E
   80 T 18  6    0.000    0.878    0.122 0.76 E
   81 L 18  6    0.000    0.939    0.061 0.88 E
   82 M 18  6    0.000    0.890    0.110 0.78 E
   83 T 18  6    0.000    0.766    0.234 0.53 E
   84 K 18  6    0.004    0.562    0.434 0.13 E
   85 C 16  6    0.009    0.111    0.879 0.77 L
   86 P 16  4    0.007    0.105    0.887 0.78 L
   87 L 16  6    0.031    0.064    0.905 0.84 L
   88 E 12  6    0.025    0.043    0.932 0.89 L
   89 H  6  0    0.333    0.333    0.333 0.00 X
   90 H  0  0    0.003    0.057    0.939 0.00 X
   91 H  0  0    0.002    0.062    0.936 0.00 X
   92 H  0  0    0.002    0.062    0.936 0.00 X
   93 H  0  0    0.003    0.096    0.900 0.00 X
   94 H  6  0    0.333    0.333    0.333 0.00 X
