24   93   1   1     0.000    0.000    0.000   0.000   0.000   0.000   0.000 t000_ M
24   92   2   2     0.000    0.000    0.000   0.000   0.000   0.000   0.000 t000_ A
24   91   3   3     0.000    0.000    0.000   0.000   0.000   0.000   0.000 t000_ T
24   90   4   4     0.000    0.000    0.000   0.000   0.000   0.000   0.000 t000_ P
24   89   5   5     0.000    0.000    0.000   0.000   0.000   0.000   0.000 t000_ Q
24   88   6   6     0.000    0.000    0.000   0.000   0.000   0.000   0.000 t000_ D
24   87   7   7     0.000    0.000    0.000   0.000   0.000   0.000   0.000 t000_ K
24   86   8   8     0.000    0.000    0.000   0.000   0.000   0.000   0.000 t000_ L
24   85   9   9     0.000    0.000    0.000   0.000   0.000   0.000   0.000 t000_ H
24   84  10  10     0.000    0.000    0.000   0.000   0.000   0.000   0.000 t000_ T
24   83  11  11     0.000    0.000    0.000   0.000   0.000   0.000   0.000 t000_ V
24   82  12  12     0.000    0.000    0.000   0.000   0.000   0.000   0.000 t000_ R
24   81  13  13     0.000    0.000    0.000   0.000   0.000   0.000   0.000 t000_ L
24   80  14  14     0.000    0.000    0.000   0.000   0.000   0.000   0.000 t000_ F
24   79  15  15     0.000    0.000    0.000   0.000   0.000   0.000   0.000 t000_ G
24   78  16  16     0.000    0.000    0.000   0.000   0.000   0.000   0.000 t000_ T
24   77  17  17     0.000    0.000    0.000   0.000   0.000   0.000   0.000 t000_ V
24   76  18  18     0.000    0.000    0.000   0.000   0.000   0.000   0.000 t000_ A
24   75  19  19     0.000    0.000    0.000   0.000   0.000   0.000   0.000 t000_ A
24   74  20  20     0.000    0.000    0.000   0.000   0.000   0.000   0.000 t000_ D
24   73  21  21     0.000    0.000    0.000   0.000   0.000   0.000   0.000 t000_ G
24   72  22  22     0.000    0.000    0.000   0.000   0.000   0.000   0.000 t000_ L
24   71  23  23     0.000    0.000    0.000   0.000   0.000   0.000   0.000 t000_ T
24   70  24  24     0.000    0.000    0.000   0.000   0.000   0.000   0.000 t000_ M
24   69  25  25     0.000    0.000    0.000   0.000   0.000   0.000   0.000 t000_ L
24   68  26  26     0.000    0.000    0.000   0.000   0.000   0.000   0.000 t000_ D
24   67  27  27     0.000    0.000    0.000   0.000   0.000   0.000   0.000 t000_ G
24   66  28  28     0.000    0.000    0.000   0.000   0.000   0.000   0.000 t000_ A
24   65  29  29     0.000    0.000    0.000   0.000   0.000   0.000   0.000 t000_ P
24   64  30  30     0.000    0.000    0.000   0.000   0.000   0.000   0.000 t000_ G
24   63  31  31     0.000    0.000    0.000   0.000   0.000   0.000   0.000 t000_ V
24   62  32  32     0.000    0.000    0.000   0.000   0.000   0.000   0.000 t000_ R
24   61  33  33     0.000    0.000    0.000   0.000   0.000   0.000   0.000 t000_ F
24   60  34  34     0.000    0.000    0.000   0.000   0.000   0.000   0.000 t000_ R
24   59  35  35     0.000    0.000    0.000   0.000   0.000   0.000   0.000 t000_ L
24   58  36  36     0.000    0.000    0.000   0.000   0.000   0.000   0.000 t000_ E
24   57  37  37     0.000    0.000    0.000   0.000   0.000   0.000   0.000 t000_ D
24   56  38  38     0.000    0.000    0.000   0.000   0.000   0.000   0.000 t000_ K
24   55  39  39     0.000    0.000    0.000   0.000   0.000   0.000   0.000 t000_ D
24   54  40  40     0.000    0.000    0.000   0.000   0.000   0.000   0.000 t000_ N
24   53  41  41     0.000    0.000    0.000   0.000   0.000   0.000   0.000 t000_ T
24   52  42  42     0.000    0.000    0.000   0.000   0.000   0.000   0.000 t000_ S
24   51  43  43     0.000    0.000    0.000   0.000   0.000   0.000   0.000 t000_ K
24   50  44  44     0.000    0.000    0.000   0.000   0.000   0.000   0.000 t000_ T
24   49  45  45     0.000    0.000    0.000   0.000   0.000   0.000   0.000 t000_ V
24   48  46  46     0.000    0.000    0.000   0.000   0.000   0.000   0.000 t000_ W
24   47  47  47     0.000    0.000    0.000   0.000   0.000   0.000   0.000 t000_ V
24   46  48  48     0.000    0.000    0.000   0.000   0.000   0.000   0.000 t000_ L
24   45  49  49     0.000    0.000    0.000   0.000   0.000   0.000   0.000 t000_ Y
24   44  50  50     0.000    0.000    0.000   0.000   0.000   0.000   0.000 t000_ K
24   43  51  51     0.000    0.000    0.000   0.000   0.000   0.000   0.000 t000_ G
24   42  52  52     0.000    0.000    0.000   0.000   0.000   0.000   0.000 t000_ A
24   41  53  53     0.000    0.000    0.000   0.000   0.000   0.000   0.000 t000_ V
24   40  54  54     0.000    0.000    0.000   0.000   0.000   0.000   0.000 t000_ P
24   39  55  55     0.000    0.000    0.000   0.000   0.000   0.000   0.000 t000_ D
24   38  56  56     0.000    0.000    0.000   0.000   0.000   0.000   0.000 t000_ T
24   37  57  57     0.000    0.000    0.000   0.000   0.000   0.000   0.000 t000_ F
24   36  58  58     0.000    0.000    0.000   0.000   0.000   0.000   0.000 t000_ K
24   35  59  59     0.000    0.000    0.000   0.000   0.000   0.000   0.000 t000_ P
24   34  60  60     0.000    0.000    0.000   0.000   0.000   0.000   0.000 t000_ G
24   33  61  61     0.000    0.000    0.000   0.000   0.000   0.000   0.000 t000_ V
24   32  62  62     0.000    0.000    0.000   0.000   0.000   0.000   0.000 t000_ E
24   31  63  63     0.000    0.000    0.000   0.000   0.000   0.000   0.000 t000_ V
24   30  64  64     0.000    0.000    0.000   0.000   0.000   0.000   0.000 t000_ I
24   29  65  65     0.000    0.000    0.000   0.000   0.000   0.000   0.000 t000_ I
24   28  66  66     0.000    0.000    0.000   0.000   0.000   0.000   0.000 t000_ E
24   27  67  67     0.000    0.000    0.000   0.000   0.000   0.000   0.000 t000_ G
24   26  68  68     0.000    0.000    0.000   0.000   0.000   0.000   0.000 t000_ G
24   25  69  69     0.000    0.000    0.000   0.000   0.000   0.000   0.000 t000_ L
24   24  70  70     0.000    0.000    0.000   0.000   0.000   0.000   0.000 t000_ A
24   23  71  71     0.000    0.000    0.000   0.000   0.000   0.000   0.000 t000_ P
24   22  72  72     0.000    0.000    0.000   0.000   0.000   0.000   0.000 t000_ G
24   21  73  73     0.000    0.000    0.000   0.000   0.000   0.000   0.000 t000_ E
24   20  74  74     0.000    0.000    0.000   0.000   0.000   0.000   0.000 t000_ D
24   19  75  75     0.000    0.000    0.000   0.000   0.000   0.000   0.000 t000_ T
24   18  76  76     0.000    0.000    0.000   0.000   0.000   0.000   0.000 t000_ F
24   17  77  77     0.000    0.000    0.000   0.000   0.000   0.000   0.000 t000_ K
24   16  78  78     0.000    0.000    0.000   0.000   0.000   0.000   0.000 t000_ A
24   15  79  79     0.000    0.000    0.000   0.000   0.000   0.000   0.000 t000_ R
24   14  80  80     0.000    0.000    0.000   0.000   0.000   0.000   0.000 t000_ T
24   13  81  81     0.000    0.000    0.000   0.000   0.000   0.000   0.000 t000_ L
24   12  82  82     0.000    0.000    0.000   0.000   0.000   0.000   0.000 t000_ M
24   11  83  83     0.000    0.000    0.000   0.000   0.000   0.000   0.000 t000_ T
24   10  84  84     0.000    0.000    0.000   0.000   0.000   0.000   0.000 t000_ K
24    9  85  85     0.000    0.000    0.000   0.000   0.000   0.000   0.000 t000_ C
24    8  86  86     0.000    0.000    0.000   0.000   0.000   0.000   0.000 t000_ P
24    7  87  87     0.000    0.000    0.000   0.000   0.000   0.000   0.000 t000_ L
24    6  88  88     0.000    0.000    0.000   0.000   0.000   0.000   0.000 t000_ E
24    5  89  89     0.000    0.000    0.000   0.000   0.000   0.000   0.000 t000_ H
24    4  90  90     0.000    0.000    0.000   0.000   0.000   0.000   0.000 t000_ H
24    3  91  91     0.000    0.000    0.000   0.000   0.000   0.000   0.000 t000_ H
24    2  92  92     0.000    0.000    0.000   0.000   0.000   0.000   0.000 t000_ H
24    1  93  93     0.000    0.000    0.000   0.000   0.000   0.000   0.000 t000_ H
24    0  94  94     0.000    0.000    0.000   0.000   0.000   0.000   0.000 t000_ H
