	-4	-3	-2	-1	0
W	0.666666666666667	0.0295566502463054	0	0.0687679083094556	0
F	0.153846153846154	0	0	0.223495702005731	0
Y	0	0	0	0	0
M	0	0	0	0.0171919770773639	0
L	0	0	0	0.0802292263610315	0
I	0	0	0	0.567335243553009	0
V	0	0	0	0.00859598853868195	1
A	0	0	0	0	0
G	0	0.0147783251231527	0	0	0
S	0	0.0985221674876847	0.518518518518518	0	0
T	0	0.206896551724138	0.481481481481481	0	0
R	0	0	0	0	0
K	0	0	0	0	0
H	0	0	0	0	0
N	0	0	0	0	0
Q	0	0	0	0	0
D	0.0769230769230769	0.118226600985222	0	0.0343839541547278	0
E	0	0.532019704433498	0	0	0
P	0.102564102564103	0	0	0	0
C	0	0	0	0	0
