	-4	-3	-2	-1	0
W	0.328421052631579	0	0	0.80161943319838	0.0157894736842105
F	0.404210526315789	0.136363636363636	0	0.0728744939271255	0.821052631578947
Y	0.0378947368421053	0.727272727272727	0	0.0242914979757085	0
M	0	0	0	0.048582995951417	0
L	0.0210526315789474	0.136363636363636	0	0	0.163157894736842
I	0	0	0	0.0364372469635627	0
V	0.0126315789473684	0	0	0	0
A	0	0	0	0	0
G	0.00631578947368421	0	1	0.0121457489878543	0
S	0	0	0	0	0
T	0	0	0	0	0
R	0	0	0	0.00404858299595142	0
K	0	0	0	0	0
H	0	0	0	0	0
N	0	0	0	0	0
Q	0	0	0	0	0
D	0.0505263157894737	0	0	0	0
E	0	0	0	0	0
P	0	0	0	0	0
C	0.138947368421053	0	0	0	0
