	-4	-3	-2	-1	0
W	0.120300751879699	0.0163487738419619	0.0182370820668693	0.98477157360406	0
F	0.285714285714286	0	0.0364741641337386	0	0.0179104477611940
Y	0.195488721804511	0.0326975476839237	0	0	0
M	0.075187969924812	0	0.0364741641337386	0	0
L	0.0300751879699248	0	0	0	0.0238805970149254
I	0.0150375939849624	0	0.145896656534954	0	0.197014925373134
V	0.0225563909774436	0.00817438692098093	0.0182370820668693	0	0.752238805970149
A	0	0.00817438692098093	0	0	0
G	0.0075187969924812	0.0817438692098093	0	0.0050761421319797	0.00895522388059702
S	0.0300751879699248	0.108991825613079	0.0790273556231003	0	0
T	0.0150375939849624	0.0245231607629428	0.629179331306991	0	0
R	0.0150375939849624	0	0.0182370820668693	0.0101522842639594	0
K	0.0150375939849624	0	0	0	0
H	0.0150375939849624	0.0163487738419619	0	0	0
N	0.0150375939849624	0.0163487738419619	0	0	0
Q	0.0902255639097744	0.098092643051771	0.0182370820668693	0	0
D	0.0300751879699248	0.425068119891008	0	0	0
E	0	0.163487738419619	0	0	0
P	0.0075187969924812	0	0	0	0
C	0.0150375939849624	0	0	0	0
