	-4	-3	-2	-1	0
W	0.136363636363636	0	0	0.98220640569395	0
F	0.204545454545455	0	0	0	0
Y	0.306818181818182	0	0	0	0
M	0.0340909090909091	0	0	0	0
L	0.0113636363636364	0	0	0	0.0416666666666667
I	0	0	0	0	0
V	0.0170454545454545	0	0	0	0.916666666666667
A	0	0	0	0	0
G	0.0170454545454545	0.340909090909091	0	0.0106761565836299	0
S	0	0.0113636363636364	0.0135135135135135	0	0
T	0	0	0.891891891891892	0	0
R	0.0681818181818182	0	0.0135135135135135	0.00711743772241993	0
K	0.0681818181818182	0	0	0	0
H	0	0	0	0	0
N	0.0681818181818182	0	0	0	0
Q	0	0	0	0	0
D	0.0681818181818182	0.306818181818182	0.0810810810810811	0	0.0416666666666667
E	0	0.340909090909091	0	0	0
P	0	0	0	0	0
C	0	0	0	0	0
