	-4	-3	-2	-1	0
W	0.185567010309278	0	0.116129032258065	0.994285714285714	0
F	0.103092783505155	0	0.503225806451613	0	0
Y	0.0824742268041237	0	0.0387096774193548	0	0
M	0	0	0	0	0
L	0.00687285223367697	0	0	0	0
I	0.0206185567010309	0.188340807174888	0.232258064516129	0	0
V	0	0.0672645739910314	0.00967741935483871	0	1
A	0	0.0269058295964126	0	0	0
G	0.0721649484536082	0.255605381165919	0	0	0
S	0.0137457044673539	0.062780269058296	0	0	0
T	0.0309278350515464	0.0807174887892377	0.067741935483871	0	0
R	0.0206185567010309	0.00896860986547085	0.032258064516129	0.00571428571428571	0
K	0.0824742268041237	0	0	0	0
H	0.0206185567010309	0	0	0	0
N	0.103092783505155	0.0269058295964126	0	0	0
Q	0.0206185567010309	0.0269058295964126	0	0	0
D	0.22680412371134	0.0269058295964126	0	0	0
E	0	0.215246636771300	0	0	0
P	0.0103092783505155	0.0134529147982063	0	0	0
C	0	0	0	0	0
