	-4	-3	-2	-1	0
W	0.123076923076923	0	0	1	0
F	0.615384615384615	0	0	0	0
Y	0.123076923076923	0	0	0	0
M	0.0615384615384615	0	0	0	0
L	0	0	0	0	0
I	0	0	0	0	0
V	0	0	0	0	1
A	0	0	0	0	0
G	0	0.0215827338129496	0	0	0
S	0	0.201438848920863	0.152173913043478	0	0
T	0	0	0.847826086956522	0	0
R	0	0	0	0	0
K	0	0	0	0	0
H	0	0.215827338129496	0	0	0
N	0.0307692307692308	0.215827338129496	0	0	0
Q	0	0.0431654676258993	0	0	0
D	0.0307692307692308	0.258992805755396	0	0	0
E	0	0.0431654676258993	0	0	0
P	0.0153846153846154	0	0	0	0
C	0	0	0	0	0
