	-4	-3	-2	-1	0
W	0	0	0	0.989690721649485	0
F	0.024	0.0227272727272727	0.866920152091255	0	0
Y	0.84	0.818181818181818	0	0	0
M	0	0	0	0	0
L	0	0	0	0	0
I	0.048	0	0.0228136882129278	0	0.150943396226415
V	0.012	0	0	0	0.849056603773585
A	0	0	0	0	0
G	0.012	0.0227272727272727	0.102661596958175	0.0103092783505155	0
S	0	0.0454545454545454	0.00760456273764259	0	0
T	0	0	0	0	0
R	0.064	0	0	0	0
K	0	0.0227272727272727	0	0	0
H	0	0	0	0	0
N	0	0	0	0	0
Q	0	0	0	0	0
D	0	0.0681818181818182	0	0	0
E	0	0	0	0	0
P	0	0	0	0	0
C	0	0	0	0	0
