	-4	-3	-2	-1	0
W	0.155844155844156	0	0	0.88235294117647	0
F	0.194805194805195	0	0	0.117647058823529	0
Y	0.194805194805195	0	0	0	0
M	0	0	0	0	0
L	0.0389610389610390	0	0	0	0.142857142857143
I	0.0389610389610390	0	0.117647058823529	0	0.0612244897959184
V	0	0	0.0588235294117647	0	0.795918367346939
A	0	0	0	0	0
G	0.0389610389610390	0.0184049079754601	0	0	0
S	0.0389610389610390	0.098159509202454	0.235294117647059	0	0
T	0	0.0368098159509202	0.470588235294118	0	0
R	0.0259740259740260	0	0	0	0
K	0.0389610389610390	0	0	0	0
H	0.194805194805195	0.0368098159509202	0	0	0
N	0	0.0368098159509202	0.0588235294117647	0	0
Q	0	0	0	0	0
D	0.0389610389610390	0.368098159509202	0.0588235294117647	0	0
E	0	0.404907975460123	0	0	0
P	0	0	0	0	0
C	0	0	0	0	0
