	-4	-3	-2	-1	0
W	0.101694915254237	0.0512820512820513	0	1	0
F	0.406779661016949	0	0	0	0
Y	0.101694915254237	0	0.06	0	0
M	0	0	0	0	0
L	0.0677966101694915	0	0	0	0.0377358490566038
I	0.0508474576271186	0	0.06	0	0.113207547169811
V	0	0	0	0	0.849056603773585
A	0	0	0	0	0
G	0.0254237288135593	0.0256410256410256	0	0	0
S	0.0338983050847458	0.153846153846154	0.14	0	0
T	0.0254237288135593	0.0512820512820513	0.72	0	0
R	0.0338983050847458	0	0.02	0	0
K	0.0508474576271186	0	0	0	0
H	0	0	0	0	0
N	0.101694915254237	0	0	0	0
Q	0	0.102564102564103	0	0	0
D	0	0.461538461538462	0	0	0
E	0	0.153846153846154	0	0	0
P	0	0	0	0	0
C	0	0	0	0	0
