	-4	-3	-2	-1	0
W	0.170454545454545	0	0	1	0
F	0.204545454545455	0	0	0	0
Y	0.170454545454545	0	0.0913705583756345	0	0
M	0	0	0	0	0
L	0.0454545454545455	0.0111731843575419	0	0	0.016
I	0.102272727272727	0	0	0	0
V	0.0170454545454545	0	0.0152284263959391	0	0.984
A	0	0	0	0	0
G	0	0.0335195530726257	0.0152284263959391	0	0
S	0.0681818181818182	0.134078212290503	0.0710659898477157	0	0
T	0.0511363636363636	0.0167597765363128	0.106598984771574	0	0
R	0.0681818181818182	0.0335195530726257	0	0	0
K	0.0340909090909091	0	0	0	0
H	0.0340909090909091	0.0335195530726257	0	0	0
N	0	0.100558659217877	0.0609137055837563	0	0
Q	0.0340909090909091	0	0	0	0
D	0	0.502793296089385	0.639593908629442	0	0
E	0	0.134078212290503	0	0	0
P	0	0	0	0	0
C	0	0	0	0	0
