	-4	-3	-2	-1	0
W	0.0257510729613734	0	0.181818181818182	1	0
F	0.0772532188841202	0	0.585858585858586	0	0
Y	0	0	0	0	0
M	0.0257510729613734	0	0.0606060606060606	0	0
L	0.0515021459227468	0	0	0	0
I	0.0257510729613734	0.0431654676258993	0.0404040404040404	0	0
V	0.0128755364806867	0.0215827338129496	0	0	1
A	0	0.0647482014388489	0	0	0
G	0.0901287553648069	0.0647482014388489	0	0	0
S	0.00858369098712446	0.402877697841727	0	0	0
T	0.0515021459227468	0.345323741007194	0.0101010101010101	0	0
R	0.0772532188841202	0.0575539568345324	0.0606060606060606	0	0
K	0.128755364806867	0	0.0606060606060606	0	0
H	0.0515021459227468	0	0	0	0
N	0.180257510729614	0	0	0	0
Q	0.0257510729613734	0	0	0	0
D	0.154506437768240	0	0	0	0
E	0	0	0	0	0
P	0.0128755364806867	0	0	0	0
C	0	0	0	0	0
