	-4	-3	-2	-1	0
W	0.359550561797753	0	0	1	0
F	0.179775280898876	0	0.0212765957446809	0	0
Y	0.202247191011236	0	0	0	0
M	0	0	0.0212765957446809	0	0
L	0.00749063670411985	0	0	0	0.097560975609756
I	0	0	0.0425531914893617	0	0.878048780487805
V	0	0	0	0	0.024390243902439
A	0	0	0	0	0
G	0.0112359550561798	0.0714285714285714	0.0106382978723404	0	0
S	0.00749063670411985	0.321428571428571	0	0	0
T	0.0112359550561798	0	0	0	0
R	0.00749063670411985	0.0357142857142857	0.0212765957446809	0	0
K	0.0224719101123595	0.5	0.0638297872340425	0	0
H	0.112359550561798	0	0.0212765957446809	0	0
N	0	0.0714285714285714	0.148936170212766	0	0
Q	0	0	0.0638297872340425	0	0
D	0.0674157303370787	0	0.382978723404255	0	0
E	0	0	0.191489361702128	0	0
P	0.0112359550561798	0	0.0106382978723404	0	0
C	0	0	0	0	0
