	-4	-3	-2	-1	0
W	0.0333333333333333	0	0.351464435146444	0.938271604938272	0
F	0.166666666666667	0.0545454545454545	0.326359832635983	0	0
Y	0.0333333333333333	0	0.200836820083682	0	0
M	0	0.0272727272727273	0	0	0
L	0.0333333333333333	0	0.00836820083682008	0	0.016
I	0.0666666666666667	0	0.0251046025104603	0	0.048
V	0.0166666666666667	0	0	0	0.936
A	0	0	0	0	0
G	0.0166666666666667	0.0272727272727273	0	0.0123456790123457	0
S	0	0.0454545454545455	0	0	0
T	0.1	0	0.0125523012552301	0	0
R	0.0666666666666667	0	0	0	0
K	0.0666666666666667	0	0	0	0
H	0.0666666666666667	0.109090909090909	0.0753138075313807	0	0
N	0.1	0	0	0	0
Q	0.1	0.0818181818181818	0	0	0
D	0.0666666666666667	0.6	0	0.0493827160493827	0
E	0.0333333333333333	0.0545454545454545	0	0	0
P	0.0333333333333333	0	0	0	0
C	0	0	0	0	0
