	-4	-3	-2	-1	0
W	0.0816326530612245	0	0.0930232558139535	0.974619289340101	0
F	0.204081632653061	0	0.186046511627907	0	0.0576923076923077
Y	0.204081632653061	0	0	0	0
M	0.0408163265306122	0	0	0	0
L	0.0408163265306122	0	0.062015503875969	0	0.0192307692307692
I	0	0	0.139534883720930	0	0
V	0.0204081632653061	0	0.0232558139534884	0	0.89423076923077
A	0	0	0	0	0
G	0.0816326530612245	0.0508474576271186	0	0.0152284263959391	0.0288461538461538
S	0.0408163265306122	0.0338983050847458	0.062015503875969	0.0101522842639594	0
T	0	0	0.186046511627907	0	0
R	0.0408163265306122	0	0.062015503875969	0	0
K	0.0816326530612245	0	0.0465116279069767	0	0
H	0.0816326530612245	0	0.0930232558139535	0	0
N	0.0816326530612245	0	0	0	0
Q	0	0.0677966101694915	0.0465116279069767	0	0
D	0	0.711864406779661	0	0	0
E	0	0.135593220338983	0	0	0
P	0	0	0	0	0
C	0	0	0	0	0
