	-4	-3	-2	-1	0
W	0.158590308370044	0.0677966101694915	0	1	0
F	0.502202643171806	0.0677966101694915	0	0	0
Y	0.13215859030837	0.101694915254237	0	0	0
M	0	0	0	0	0
L	0.00881057268722467	0	0	0	0.0476190476190476
I	0	0.0338983050847458	0	0	0
V	0.013215859030837	0.0508474576271186	0	0	0.952380952380952
A	0	0.0169491525423729	0	0	0
G	0	0.0338983050847458	0	0	0
S	0	0.135593220338983	0.098360655737705	0	0
T	0.013215859030837	0.0508474576271186	0.885245901639344	0	0
R	0	0	0.0163934426229508	0	0
K	0.026431718061674	0	0	0	0
H	0.026431718061674	0.101694915254237	0	0	0
N	0.026431718061674	0.0677966101694915	0	0	0
Q	0	0	0	0	0
D	0.052863436123348	0.203389830508475	0	0	0
E	0	0.0677966101694915	0	0	0
P	0.013215859030837	0	0	0	0
C	0.026431718061674	0	0	0	0
