	-4	-3	-2	-1	0
W	0.147783251231527	0.0483870967741935	0	0.911764705882353	0
F	0.650246305418719	0	0	0.0294117647058823	0
Y	0.0886699507389162	0	0	0	0
M	0	0	0	0	0
L	0.00985221674876847	0	0	0	0.0186915887850467
I	0.0295566502463054	0	0.162162162162162	0	0
V	0	0	0	0	0.981308411214953
A	0	0	0	0	0
G	0	0	0	0	0
S	0	0.370967741935484	0.108108108108108	0	0
T	0.0295566502463054	0	0.72972972972973	0	0
R	0	0	0	0.0294117647058823	0
K	0	0	0	0	0
H	0.0295566502463054	0.241935483870968	0	0	0
N	0	0.241935483870968	0	0	0
Q	0	0.0483870967741935	0	0	0
D	0	0.0483870967741935	0	0.0294117647058823	0
E	0	0	0	0	0
P	0.0147783251231527	0	0	0	0
C	0	0	0	0	0
