	-4	-3	-2	-1	0
W	0.128205128205128	0	0.0431654676258993	1	0
F	0.256410256410256	0	0	0	0
Y	0.333333333333333	0	0	0	0
M	0.0512820512820513	0	0	0	0
L	0.00854700854700855	0	0	0	0
I	0.0256410256410256	0	0.172661870503597	0	0
V	0.0128205128205128	0	0	0	1
A	0	0	0	0	0
G	0.0128205128205128	0	0	0	0
S	0	0.0078740157480315	0.0863309352517986	0	0
T	0.0128205128205128	0.0236220472440945	0.669064748201439	0	0
R	0.0170940170940171	0	0.0287769784172662	0	0
K	0	0	0	0	0
H	0.0256410256410256	0	0	0	0
N	0.0256410256410256	0	0	0	0
Q	0.0512820512820513	0.0708661417322835	0	0	0
D	0.0256410256410256	0.661417322834646	0	0	0
E	0	0.236220472440945	0	0	0
P	0.0128205128205128	0	0	0	0
C	0	0	0	0	0
