	-4	-3	-2	-1	0
W	0.166666666666667	0	0	0.857142857142857	0
F	0.233333333333333	0	0	0.114285714285714	0
Y	0.2	0	0	0.0285714285714286	0
M	0	0	0	0	0
L	0	0	0	0	0.0792079207920792
I	0	0	0.220183486238532	0	0
V	0	0	0	0	0.920792079207921
A	0	0	0	0	0
G	0	0	0	0	0
S	0.0222222222222222	0.0914285714285714	0.146788990825688	0	0
T	0	0.0171428571428571	0.63302752293578	0	0
R	0.0444444444444444	0	0	0	0
K	0.0333333333333333	0	0	0	0
H	0.166666666666667	0.0342857142857143	0	0	0
N	0	0	0	0	0
Q	0	0.0342857142857143	0	0	0
D	0.133333333333333	0.445714285714286	0	0	0
E	0	0.377142857142857	0	0	0
P	0	0	0	0	0
C	0	0	0	0	0
