	-4	-3	-2	-1	0
W	0	0	0.471910112359551	1	0
F	0	0.0229885057471264	0.134831460674157	0	0
Y	0	0.0459770114942529	0.0224719101123595	0	0
M	0	0	0	0	0
L	0	0	0	0	0
I	0	0	0	0	0
V	0	0	0	0	1
A	0	0	0	0	0
G	0.18	0.103448275862069	0.325842696629214	0	0
S	0	0.0689655172413793	0	0	0
T	0.02	0.0689655172413793	0	0	0
R	0.56	0.0229885057471264	0	0	0
K	0	0.0459770114942529	0	0	0
H	0	0.367816091954023	0	0	0
N	0	0.0229885057471264	0.0449438202247191	0	0
Q	0	0	0	0	0
D	0.24	0.229885057471264	0	0	0
E	0	0	0	0	0
P	0	0	0	0	0
C	0	0	0	0	0
