	-4	-3	-2	-1	0
W	0.0821917808219178	0	0.1	1	0
F	0.0410958904109589	0	0	0	0
Y	0.246575342465753	0	0.05	0	0
M	0.0821917808219178	0	0	0	0.0571428571428571
L	0.0410958904109589	0	0.0166666666666667	0	0.0571428571428572
I	0	0	0.25	0	0.0571428571428571
V	0	0	0.1	0	0.828571428571429
A	0	0.0173410404624277	0	0	0
G	0.0410958904109589	0	0	0	0
S	0.0410958904109589	0.046242774566474	0.116666666666667	0	0
T	0.0410958904109589	0	0.3	0	0
R	0.0136986301369863	0	0.0166666666666667	0	0
K	0.0410958904109589	0	0	0	0
H	0.123287671232877	0	0	0	0
N	0.0821917808219178	0	0	0	0
Q	0	0	0.05	0	0
D	0.0821917808219178	0.832369942196532	0	0	0
E	0.0410958904109589	0.104046242774566	0	0	0
P	0	0	0	0	0
C	0	0	0	0	0
