	-4	-3	-2	-1	0
W	0.148148148148148	0	0.287081339712919	0.945945945945946	0
F	0.185185185185185	0	0.401913875598086	0	0
Y	0.0740740740740741	0	0.172248803827751	0	0
M	0	0	0	0	0
L	0	0	0	0	0
I	0	0	0	0	0.102564102564103
V	0	0	0.0287081339712919	0	0.897435897435898
A	0	0	0	0	0
G	0.0185185185185185	0.0177514792899408	0	0	0
S	0.0370370370370370	0.130177514792899	0.00956937799043062	0	0
T	0.0370370370370370	0.0355029585798817	0.0143540669856459	0	0
R	0.0370370370370370	0	0	0	0
K	0.0370370370370370	0	0	0	0
H	0.185185185185185	0.177514792899408	0.0861244019138756	0.0540540540540541	0
N	0.0370370370370370	0	0	0	0
Q	0	0.0355029585798817	0	0	0
D	0.111111111111111	0.355029585798817	0	0	0
E	0.0370370370370370	0.248520710059172	0	0	0
P	0.0555555555555556	0	0	0	0
C	0	0	0	0	0
