	-4	-3	-2	-1	0
W	0	0	0	1	0
F	0.421052631578947	0	0	0	0
Y	0.105263157894737	0	0	0	0
M	0	0.0740740740740741	0	0	0
L	0.0350877192982456	0	0	0	0.0192307692307692
I	0.105263157894737	0	0.0618556701030928	0	0.0576923076923077
V	0	0	0	0	0.923076923076923
A	0	0	0	0	0
G	0	0.111111111111111	0	0	0
S	0.0526315789473684	0.444444444444444	0.164948453608247	0	0
T	0	0	0.77319587628866	0	0
R	0.0175438596491228	0	0	0	0
K	0	0	0	0	0
H	0.105263157894737	0	0	0	0
N	0	0	0	0	0
Q	0.0526315789473684	0.0740740740740741	0	0	0
D	0.105263157894737	0.222222222222222	0	0	0
E	0	0.0740740740740741	0	0	0
P	0	0	0	0	0
C	0	0	0	0	0
