	-4	-3	-2	-1	0
W	0.165137614678899	0	0	0.970873786407767	0
F	0.247706422018349	0	0	0.0194174757281553	0
Y	0.220183486238532	0.0560747663551402	0	0	0
M	0	0	0.0350877192982456	0	0
L	0.036697247706422	0	0	0	0.0506329113924051
I	0.055045871559633	0	0.175438596491228	0	0.0759493670886076
V	0.0275229357798165	0	0.0526315789473684	0	0.873417721518987
A	0.0137614678899083	0	0.0175438596491228	0	0
G	0.0412844036697248	0.0420560747663551	0	0.00970873786407767	0
S	0.0275229357798165	0.130841121495327	0.163742690058480	0	0
T	0.0275229357798165	0.0420560747663551	0.403508771929824	0	0
R	0	0	0.0116959064327485	0	0
K	0	0	0.0701754385964912	0	0
H	0.055045871559633	0.0841121495327103	0	0	0
N	0.0275229357798165	0.140186915887850	0.0350877192982456	0	0
Q	0	0.112149532710280	0	0	0
D	0.055045871559633	0.364485981308411	0.0350877192982456	0	0
E	0	0.0280373831775701	0	0	0
P	0	0	0	0	0
C	0	0	0	0	0
