	-4	-3	-2	-1	0
W	0.129496402877698	0.0437956204379562	0.0441176470588235	0.9375	0
F	0.345323741007194	0	0	0.0234375	0.0425531914893617
Y	0.129496402877698	0	0	0	0
M	0.0431654676258993	0	0	0	0.0425531914893617
L	0.0575539568345324	0	0	0.0078125	0
I	0.0431654676258993	0	0.088235294117647	0	0.0425531914893617
V	0.0215827338129496	0	0	0	0.851063829787234
A	0	0	0	0	0
G	0.0431654676258993	0.45985401459854	0	0	0.0212765957446809
S	0	0	0.0735294117647059	0	0
T	0.0215827338129496	0	0.794117647058824	0	0
R	0.0143884892086331	0.0145985401459854	0	0.0078125	0
K	0	0	0	0	0
H	0	0	0	0	0
N	0	0	0	0	0
Q	0.0431654676258993	0	0	0	0
D	0.0431654676258993	0.175182481751825	0	0.0234375	0
E	0.0431654676258993	0.306569343065693	0	0	0
P	0.0215827338129496	0	0	0	0
C	0	0	0	0	0
