	-4	-3	-2	-1	0
W	0	0	0	1	0
F	0	0	0	0	0.287671232876712
Y	0.172131147540984	0	0	0	0
M	0.0245901639344262	0	0	0	0
L	0.0163934426229508	0	0	0	0.506849315068493
I	0.467213114754098	0	0	0	0.0410958904109589
V	0.0368852459016394	0	0	0	0.164383561643836
A	0	0	0	0	0
G	0.0614754098360656	0.0280373831775701	0.205645161290323	0	0
S	0	0.953271028037383	0.0161290322580645	0	0
T	0.122950819672131	0	0.0120967741935484	0	0
R	0.0245901639344262	0.0186915887850467	0.0161290322580645	0	0
K	0.0245901639344262	0	0.0483870967741935	0	0
H	0	0	0.0483870967741935	0	0
N	0	0	0.0967741935483871	0	0
Q	0	0	0.0241935483870968	0	0
D	0	0	0.411290322580645	0	0
E	0	0	0.120967741935484	0	0
P	0	0	0	0	0
C	0.0491803278688525	0	0	0	0
