	-4	-3	-2	-1	0
W	0.0666666666666667	0	0	1	0
F	0.2	0	0	0	0
Y	0.2	0	0	0	0
M	0.133333333333333	0	0	0	0
L	0	0	0	0	0.0217391304347826
I	0	0	0.131868131868132	0	0
V	0	0.0333333333333333	0	0	0.978260869565217
A	0	0	0	0	0
G	0.0333333333333333	0.0333333333333333	0	0	0
S	0.0444444444444444	0.2	0.131868131868132	0	0
T	0.0333333333333333	0	0.692307692307692	0	0
R	0.0888888888888889	0	0.0439560439560440	0	0
K	0	0	0	0	0
H	0	0	0	0	0
N	0	0	0	0	0
Q	0	0.0666666666666667	0	0	0
D	0.133333333333333	0.466666666666667	0	0	0
E	0.0666666666666667	0.2	0	0	0
P	0	0	0	0	0
C	0	0	0	0	0
