	-4	-3	-2	-1	0
W	0	0	0.0402684563758389	1	0
F	0.149068322981366	0	0.563758389261745	0	0
Y	0.260869565217391	0	0.181208053691275	0	0
M	0	0	0	0	0
L	0	0	0	0	0
I	0.0372670807453416	0	0.0201342281879195	0	0
V	0	0	0.0100671140939597	0	1
A	0.0186335403726708	0	0	0	0
G	0	0.781818181818182	0	0	0
S	0.0248447204968944	0.109090909090909	0	0	0
T	0.0186335403726708	0	0.0302013422818792	0	0
R	0.0248447204968944	0	0.0335570469798658	0	0
K	0.0372670807453416	0	0	0	0
H	0.223602484472050	0	0.0805369127516779	0	0
N	0.0372670807453416	0	0.0201342281879195	0	0
Q	0	0	0	0	0
D	0.111801242236025	0.109090909090909	0	0	0
E	0	0	0	0	0
P	0.0559006211180124	0	0	0	0
C	0	0	0.0201342281879195	0	0
