	-4	-3	-2	-1	0
W	0.108108108108108	0	0	1	0
F	0.378378378378378	0	0	0	0
Y	0.108108108108108	0	0	0	0
M	0	0	0	0	0
L	0.018018018018018	0	0.0449438202247191	0	0.064516129032258
I	0.0540540540540541	0	0	0	0.064516129032258
V	0.0270270270270270	0	0.0337078651685393	0	0.870967741935484
A	0	0.0283018867924528	0	0	0
G	0.0270270270270270	0.0283018867924528	0	0	0
S	0.018018018018018	0.207547169811321	0.157303370786517	0	0
T	0.0270270270270270	0	0.606741573033708	0	0
R	0.018018018018018	0	0.0224719101123595	0	0
K	0	0	0.134831460674157	0	0
H	0.108108108108108	0.169811320754717	0	0	0
N	0.0540540540540541	0	0	0	0
Q	0	0.0566037735849057	0	0	0
D	0.0540540540540541	0.39622641509434	0	0	0
E	0	0.113207547169811	0	0	0
P	0	0	0	0	0
C	0	0	0	0	0
