	-4	-3	-2	-1	0
W	0.1875	0	0	0.795918367346939	0
F	0.1875	0	0	0	0
Y	0.1875	0	0.0895522388059702	0	0
M	0	0	0	0	0
L	0.03125	0.0202020202020202	0.0298507462686567	0	0
I	0	0	0.268656716417910	0	0
V	0	0.0303030303030303	0	0	1
A	0.046875	0	0.0895522388059702	0.0612244897959184	0
G	0	0	0.447761194029851	0	0
S	0	0.0404040404040404	0.0298507462686567	0.0204081632653061	0
T	0	0	0	0.0612244897959184	0
R	0.3125	0	0	0	0
K	0	0	0	0	0
H	0	0	0	0	0
N	0	0	0	0	0
Q	0	0	0	0	0
D	0	0.848484848484849	0	0	0
E	0	0	0	0.0612244897959184	0
P	0.046875	0	0.0447761194029851	0	0
C	0	0.0606060606060606	0	0	0
