	-4	-3	-2	-1	0
W	0.100558659217877	0.096	0	1	0
F	0.636871508379888	0	0	0	0
Y	0.0670391061452514	0	0	0	0
M	0	0	0	0	0
L	0	0	0	0	0.0217391304347826
I	0	0	0.118811881188119	0	0
V	0	0	0	0	0.978260869565217
A	0	0.024	0	0	0
G	0.0167597765363128	0.048	0	0	0
S	0	0.208	0.0198019801980198	0	0
T	0	0	0.801980198019802	0	0
R	0.0111731843575419	0	0	0	0
K	0	0	0	0	0
H	0	0	0	0	0
N	0.0335195530726257	0.048	0	0	0
Q	0	0	0	0	0
D	0.100558659217877	0.384	0.0594059405940594	0	0
E	0	0.192	0	0	0
P	0	0	0	0	0
C	0.0335195530726257	0	0	0	0
