	-4	-3	-2	-1	0
W	0.155844155844156	0.482142857142857	0	0.742268041237113	0
F	0.337662337662338	0	0	0	0
Y	0.12987012987013	0	0	0	0
M	0.0259740259740260	0.0267857142857143	0	0	0
L	0.00865800865800866	0	0	0	0.0307692307692308
I	0.12987012987013	0	0	0	0.0461538461538461
V	0	0.0133928571428571	0.025	0	0.923076923076923
A	0	0	0.025	0	0
G	0	0.0267857142857143	0	0	0
S	0	0.0267857142857143	0.2	0	0
T	0	0.0133928571428571	0.7	0	0
R	0.0173160173160173	0.00892857142857143	0	0.164948453608247	0
K	0	0	0.05	0.0618556701030928	0
H	0.0779220779220779	0.0267857142857143	0	0	0
N	0.0259740259740260	0	0	0	0
Q	0	0	0	0	0
D	0.0259740259740260	0.294642857142857	0	0.0309278350515464	0
E	0	0.0803571428571429	0	0	0
P	0.0129870129870130	0	0	0	0
C	0.0519480519480520	0	0	0	0
