	-4	-3	-2	-1	0
W	0.0603015075376884	0.0368098159509202	0.211143695014663	1	0
F	0.120603015075377	0	0.457478005865103	0	0
Y	0.0904522613065327	0	0.158357771260997	0	0
M	0.0301507537688442	0	0	0	0
L	0.0100502512562814	0	0	0	0.0111731843575419
I	0.0301507537688442	0	0	0	0.0335195530726257
V	0.0150753768844221	0	0	0	0.955307262569832
A	0	0.0736196319018405	0	0	0
G	0.0753768844221105	0.607361963190184	0.00879765395894428	0	0
S	0.050251256281407	0.233128834355828	0	0	0
T	0.0452261306532663	0	0.0175953079178886	0	0
R	0.0201005025125628	0.0122699386503067	0.00586510263929619	0	0
K	0.120603015075377	0	0	0	0
H	0.180904522613065	0	0.0703812316715542	0	0
N	0.0603015075376884	0	0.0703812316715542	0	0
Q	0	0	0	0	0
D	0.0603015075376884	0.0368098159509202	0	0	0
E	0	0	0	0	0
P	0.0301507537688442	0	0	0	0
C	0	0	0	0	0
