	-4	-3	-2	-1	0
W	0.153846153846154	0	0	0.972222222222222	0
F	0.423076923076923	0	0	0.0277777777777778	0
Y	0.153846153846154	0	0	0	0
M	0.0384615384615385	0	0	0	0
L	0	0	0	0	0
I	0	0	0.058252427184466	0	0
V	0.0192307692307692	0	0	0	1
A	0	0.0252100840336134	0	0	0
G	0	0.0504201680672269	0	0	0
S	0.0384615384615385	0.168067226890756	0.135922330097087	0	0
T	0	0.126050420168067	0.786407766990291	0	0
R	0	0	0.0194174757281553	0	0
K	0	0	0	0	0
H	0.115384615384615	0.151260504201681	0	0	0
N	0	0.201680672268908	0	0	0
Q	0	0.151260504201681	0	0	0
D	0	0.100840336134454	0	0	0
E	0	0	0	0	0
P	0.0192307692307692	0.0252100840336134	0	0	0
C	0.0384615384615385	0	0	0	0
