	-4	-3	-2	-1	0
W	0.0331491712707182	0.0267857142857143	0.36	1	0
F	0.0331491712707182	0	0.15	0	0.372413793103448
Y	0.198895027624309	0	0.06	0	0
M	0	0	0	0	0
L	0	0	0	0	0.0275862068965517
I	0.0331491712707182	0	0	0	0.0827586206896552
V	0	0	0.03	0	0.517241379310345
A	0.0165745856353591	0	0	0	0
G	0.0662983425414365	0	0	0	0
S	0.0441988950276243	0.00892857142857143	0.01	0	0
T	0.0662983425414365	0	0.09	0	0
R	0.0110497237569061	0	0	0	0
K	0.0331491712707182	0	0	0	0
H	0.0994475138121547	0.0535714285714286	0	0	0
N	0.132596685082873	0	0	0	0
Q	0	0.107142857142857	0	0	0
D	0.232044198895028	0.0267857142857143	0.3	0	0
E	0	0.776785714285714	0	0	0
P	0	0	0	0	0
C	0	0	0	0	0
