	-4	-3	-2	-1	0
W	0.179104477611940	0	0.0352941176470588	1	0
F	0.238805970149254	0	0.0705882352941176	0	0
Y	0.238805970149254	0	0.0705882352941176	0	0
M	0	0	0	0	0
L	0.0497512437810945	0	0	0	0
I	0.0298507462686567	0	0.105882352941176	0	0.0476190476190476
V	0	0	0	0	0.952380952380952
A	0	0	0	0	0
G	0.0149253731343284	0.013215859030837	0	0	0
S	0.0099502487562189	0.0352422907488987	0.0823529411764706	0	0
T	0	0	0.282352941176471	0	0
R	0.0298507462686567	0	0	0	0
K	0.0597014925373134	0.026431718061674	0	0	0
H	0.119402985074627	0	0.0352941176470588	0	0
N	0	0.052863436123348	0	0	0
Q	0	0	0	0	0
D	0	0.740088105726872	0.282352941176471	0	0
E	0	0.13215859030837	0.0352941176470588	0	0
P	0.0298507462686567	0	0	0	0
C	0	0	0	0	0
