	-4	-3	-2	-1	0
W	0.147540983606557	0	0	0.952380952380952	0
F	0.39344262295082	0	0.0625	0.0317460317460317	0
Y	0.147540983606557	0	0	0	0
M	0	0.0521739130434783	0.0625	0	0
L	0.0327868852459016	0	0	0	0.0204081632653061
I	0.0491803278688525	0	0.0625	0	0.0612244897959184
V	0.0245901639344262	0	0	0	0.918367346938776
A	0	0.0260869565217391	0	0	0
G	0.0245901639344262	0	0	0.0158730158730159	0
S	0.0163934426229508	0.139130434782609	0.1875	0	0
T	0	0	0.5	0	0
R	0.0163934426229508	0	0.0625	0	0
K	0	0	0	0	0
H	0.0491803278688525	0	0	0	0
N	0.0491803278688525	0.0521739130434783	0	0	0
Q	0	0.156521739130435	0	0	0
D	0.0491803278688525	0.417391304347826	0	0	0
E	0	0.156521739130435	0	0	0
P	0	0	0	0	0
C	0	0	0.0625	0	0
