	-4	-3	-2	-1	0
W	0.0329670329670330	0	0.151456310679612	0.986842105263158	0.0996677740863787
F	0.109890109890110	0	0.151456310679612	0	0
Y	0.329670329670330	0.0319148936170213	0.139805825242718	0	0
M	0.0109890109890110	0	0	0.00986842105263158	0
L	0.00732600732600733	0	0	0	0.312292358803987
I	0.0109890109890110	0	0.0699029126213592	0	0.179401993355482
V	0	0.0159574468085106	0.0640776699029126	0	0.408637873754153
A	0	0	0	0	0
G	0	0	0.0815533980582524	0	0
S	0.00366300366300366	0.297872340425532	0	0	0
T	0.0329670329670330	0.0159574468085106	0	0	0
R	0.0219780219780220	0	0.00388349514563107	0.00328947368421053	0
K	0.0329670329670330	0	0.0116504854368932	0	0
H	0.109890109890110	0	0.0466019417475728	0	0
N	0.0219780219780220	0	0.0116504854368932	0	0
Q	0.0109890109890110	0	0	0	0
D	0.131868131868132	0.542553191489362	0.198058252427184	0	0
E	0.109890109890110	0.0957446808510638	0.0349514563106796	0	0
P	0.0219780219780220	0	0.0349514563106796	0	0
C	0	0	0	0	0
