	-4	-3	-2	-1	0
W	0.0596026490066225	0.0246913580246914	0	0.982758620689655	0
F	0.158940397350993	0.0246913580246914	0.133333333333333	0.0172413793103448	0.104651162790698
Y	0.317880794701987	0.0246913580246914	0.0444444444444444	0	0.0348837209302326
M	0	0	0.0444444444444444	0	0
L	0.0596026490066225	0	0.0370370370370370	0	0.511627906976744
I	0	0.0246913580246914	0	0	0.348837209302326
V	0	0	0.0111111111111111	0	0
A	0	0.0493827160493827	0.0111111111111111	0	0
G	0	0.0123456790123457	0.0555555555555556	0	0
S	0	0.0905349794238683	0.0296296296296296	0	0
T	0.0198675496688742	0.0246913580246914	0.0333333333333333	0	0
R	0.00662251655629139	0.0329218106995885	0.0222222222222222	0	0
K	0	0.0493827160493827	0.111111111111111	0	0
H	0.317880794701987	0.0740740740740741	0.222222222222222	0	0
N	0	0.345679012345679	0.0888888888888889	0	0
Q	0	0.0246913580246914	0.0666666666666667	0	0
D	0.0397350993377483	0.0493827160493827	0	0	0
E	0	0.0246913580246914	0.0888888888888889	0	0
P	0	0.0987654320987654	0	0	0
C	0.0198675496688742	0.0246913580246914	0	0	0
