	-4	-3	-2	-1	0
W	0.162162162162162	0	0	1	0
F	0.405405405405405	0	0	0	0
Y	0.162162162162162	0	0	0	0
M	0	0	0	0	0
L	0	0	0.0256410256410256	0	0
I	0	0	0	0	0
V	0	0	0.115384615384615	0	1
A	0	0.024390243902439	0	0	0
G	0	0.048780487804878	0	0	0
S	0.0135135135135135	0.146341463414634	0.153846153846154	0	0
T	0.0202702702702703	0	0.653846153846154	0	0
R	0.0135135135135135	0	0.0512820512820513	0	0
K	0.0405405405405405	0	0	0	0
H	0.0810810810810811	0.048780487804878	0	0	0
N	0.0405405405405405	0	0	0	0
Q	0	0	0	0	0
D	0.0405405405405405	0.634146341463415	0	0	0
E	0	0.097560975609756	0	0	0
P	0.0202702702702703	0	0	0	0
C	0	0	0	0	0
