	-4	-3	-2	-1	0
W	0.0845070422535211	0	0	0.927536231884058	0
F	0.295774647887324	0	0	0.0289855072463768	0
Y	0.211267605633803	0	0	0	0
M	0	0	0	0	0
L	0.0140845070422535	0	0	0	0
I	0.0422535211267606	0	0.117647058823529	0	0
V	0	0	0.0294117647058824	0.0144927536231884	1
A	0	0.0208333333333333	0.0294117647058824	0	0
G	0.0422535211267606	0.0625	0	0	0
S	0.0281690140845070	0.0416666666666667	0.215686274509804	0	0
T	0	0	0.529411764705882	0	0
R	0.0281690140845070	0	0.0196078431372549	0	0
K	0.0422535211267606	0	0	0	0
H	0.126760563380282	0.0416666666666667	0	0	0
N	0	0.0416666666666667	0.0588235294117647	0	0
Q	0	0.125	0	0	0
D	0.0422535211267606	0.541666666666667	0	0	0
E	0.0422535211267606	0.125	0	0	0
P	0	0	0	0	0
C	0	0	0	0.0289855072463768	0
