	-4	-3	-2	-1	0
W	0.117647058823529	0	0.0535714285714286	0.984126984126984	0
F	0.196078431372549	0	0	0	0
Y	0.235294117647059	0	0	0	0.0606060606060606
M	0.0392156862745098	0	0.0535714285714286	0	0
L	0.0522875816993464	0	0	0	0
I	0.0392156862745098	0	0.0535714285714286	0	0
V	0	0	0.0267857142857143	0.0158730158730159	0.93939393939394
A	0	0	0.0267857142857143	0	0
G	0	0	0	0	0
S	0.0130718954248366	0.0110497237569061	0.214285714285714	0	0
T	0.0588235294117647	0.0165745856353591	0.160714285714286	0	0
R	0.0130718954248366	0.0110497237569061	0.0357142857142857	0	0
K	0.0392156862745098	0	0	0	0
H	0.0392156862745098	0	0.0535714285714286	0	0
N	0	0	0.107142857142857	0	0
Q	0.0392156862745098	0	0	0	0
D	0.0392156862745098	0.92817679558011	0.160714285714286	0	0
E	0	0.0331491712707182	0.0535714285714286	0	0
P	0.0392156862745098	0	0	0	0
C	0.0392156862745098	0	0	0	0
