	-4	-3	-2	-1	0
W	0.125435540069686	0	0	0.823218997361478	0
F	0.146341463414634	0	0	0	0
Y	0.104529616724739	0	0	0	0
M	0	0	0.0279069767441860	0.0158311345646438	0
L	0.00696864111498258	0	0	0	0.018957345971564
I	0.0209059233449477	0.118577075098814	0.0558139534883721	0	0.056872037914692
V	0.0104529616724739	0	0.0418604651162791	0	0.924170616113744
A	0.0104529616724739	0.0118577075098814	0.0139534883720930	0	0
G	0.083623693379791	0.426877470355731	0.0139534883720930	0.0079155672823219	0
S	0.0139372822299652	0.0158102766798419	0.0186046511627907	0.00527704485488127	0
T	0.0313588850174216	0	0.78139534883721	0	0
R	0.0278745644599303	0	0.0186046511627907	0.0369393139841689	0
K	0.0418118466898955	0	0	0.0158311345646438	0
H	0.083623693379791	0	0	0.0316622691292876	0
N	0.0418118466898955	0.0237154150197628	0	0	0
Q	0	0	0	0	0
D	0.125435540069686	0.213438735177866	0	0.0633245382585752	0
E	0.0627177700348432	0.189723320158103	0	0	0
P	0.0209059233449477	0	0	0	0
C	0.0418118466898955	0	0.0279069767441860	0	0
