	-4	-3	-2	-1	0
W	0.371134020618557	0	0.228070175438596	1	0
F	0.123711340206186	0.177966101694915	0.701754385964912	0	0.242424242424242
Y	0.0824742268041237	0	0.0526315789473684	0	0
M	0	0.0254237288135593	0	0	0
L	0.0206185567010309	0	0	0	0
I	0	0.0254237288135593	0.0175438596491228	0	0.0303030303030303
V	0.0206185567010309	0.0127118644067797	0	0	0.727272727272727
A	0	0.0254237288135593	0	0	0
G	0	0	0	0	0
S	0.00687285223367698	0.177966101694915	0	0	0
T	0.0412371134020619	0.038135593220339	0	0	0
R	0.0137457044673540	0.00847457627118644	0	0	0
K	0	0.0254237288135593	0	0	0
H	0	0.076271186440678	0	0	0
N	0	0.0254237288135593	0	0	0
Q	0	0.254237288135593	0	0	0
D	0.22680412371134	0.0254237288135593	0	0	0
E	0.0412371134020619	0.076271186440678	0	0	0
P	0.0309278350515464	0	0	0	0
C	0.0206185567010309	0.0254237288135593	0	0	0
