	-4	-3	-2	-1	0
W	0.196078431372549	0.148760330578512	0	0.923076923076923	0
F	0.392156862745098	0	0	0	0
Y	0.0392156862745098	0.148760330578512	0	0	0
M	0.0784313725490196	0	0.0794701986754967	0	0.0437956204379562
L	0.065359477124183	0	0	0	0.0145985401459854
I	0	0	0.198675496688742	0	0.0437956204379562
V	0.0196078431372549	0	0	0	0.897810218978102
A	0	0	0	0	0
G	0.0588235294117647	0.148760330578512	0	0.0364372469635627	0
S	0.0392156862745098	0.28099173553719	0.0397350993377483	0	0
T	0.0196078431372549	0	0.6158940397351	0	0
R	0.0130718954248366	0	0.0264900662251656	0.0161943319838057	0
K	0	0	0	0	0
H	0	0	0	0	0
N	0	0.0495867768595041	0	0	0
Q	0	0.0495867768595041	0.0397350993377483	0	0
D	0.0784313725490196	0.0991735537190083	0	0	0
E	0	0.0495867768595041	0	0	0
P	0	0.0247933884297521	0	0	0
C	0	0	0	0.0242914979757085	0
