	-4	-3	-2	-1	0
W	0.170212765957447	0	0	1	0
F	0.297872340425532	0	0	0	0
Y	0.170212765957447	0.048	0	0	0
M	0	0	0	0	0
L	0.0283687943262411	0	0	0	0.0388349514563107
I	0.0851063829787234	0.096	0.0612244897959184	0	0.116504854368932
V	0	0	0	0	0.844660194174757
A	0	0.024	0	0	0
G	0	0.024	0	0	0
S	0.0141843971631206	0.144	0.0612244897959184	0	0
T	0.0212765957446809	0.096	0.857142857142857	0	0
R	0.0425531914893617	0.016	0.0204081632653061	0	0
K	0.127659574468085	0	0	0	0
H	0	0.096	0	0	0
N	0	0.096	0	0	0
Q	0	0	0	0	0
D	0.0425531914893617	0.144	0	0	0
E	0	0.192	0	0	0
P	0	0.024	0	0	0
C	0	0	0	0	0
