	-4	-3	-2	-1	0
W	0	0	0	1	0
F	0.402684563758389	0	0.0666666666666667	0	0
Y	0.241610738255034	0	0	0	0
M	0	0	0	0	0
L	0	0	0	0	0.0217391304347826
I	0	0	0	0	0
V	0	0	0	0	0.978260869565217
A	0	0	0	0	0
G	0	0.0483870967741935	0	0	0
S	0	0.129032258064516	0.2	0	0
T	0	0	0.666666666666667	0	0
R	0.0134228187919463	0	0	0	0
K	0.120805369127517	0	0.0666666666666667	0	0
H	0.0805369127516778	0.0483870967741935	0	0	0
N	0.0402684563758389	0.0483870967741935	0	0	0
Q	0	0.0483870967741935	0	0	0
D	0.0402684563758389	0.483870967741935	0	0	0
E	0	0.193548387096774	0	0	0
P	0.0201342281879195	0	0	0	0
C	0.0402684563758389	0	0	0	0
