	-4	-3	-2	-1	0
W	0.211055276381910	0	0.257510729613734	0.976744186046512	0
F	0.241206030150754	0.0337078651685393	0.334763948497854	0.0232558139534884	0
Y	0	0	0.103004291845494	0	0
M	0.0904522613065327	0.0337078651685393	0	0	0
L	0.0201005025125628	0	0	0	0.015625
I	0.0301507537688442	0	0.0515021459227468	0	0
V	0.0301507537688442	0	0.0128755364806867	0	0.984375
A	0.0150753768844221	0.0168539325842697	0	0	0
G	0	0.0168539325842697	0	0	0
S	0.0301507537688442	0.123595505617978	0	0	0
T	0.0301507537688442	0.101123595505618	0.0257510729613734	0	0
R	0	0	0.0343347639484979	0	0
K	0.0301507537688442	0	0.0515021459227468	0	0
H	0.0301507537688442	0.0674157303370786	0.103004291845494	0	0
N	0.0603015075376884	0	0	0	0
Q	0	0.0337078651685393	0	0	0
D	0.0904522613065327	0.438202247191011	0	0	0
E	0	0.134831460674157	0.0257510729613734	0	0
P	0.0301507537688442	0	0	0	0
C	0.0603015075376884	0	0	0	0
