	-4	-3	-2	-1	0
W	0.217616580310881	0	0	0.955555555555556	0
F	0.217616580310881	0	0	0.0444444444444444	0
Y	0.248704663212435	0	0.046875	0	0
M	0	0	0	0	0
L	0	0	0	0	0.0136986301369863
I	0	0	0.046875	0	0.164383561643836
V	0	0	0	0	0.821917808219178
A	0	0	0	0	0
G	0	0.0662983425414365	0	0	0
S	0.0103626943005181	0.0883977900552486	0.203125	0	0
T	0.0310880829015544	0.0165745856353591	0.609375	0	0
R	0.0103626943005181	0	0.046875	0	0
K	0	0	0	0	0
H	0.0932642487046632	0.0331491712707182	0.046875	0	0
N	0.0310880829015544	0	0	0	0
Q	0.0310880829015544	0.132596685082873	0	0	0
D	0.0310880829015544	0.497237569060773	0	0	0
E	0	0.165745856353591	0	0	0
P	0.077720207253886	0	0	0	0
C	0	0	0	0	0
