	-4	-3	-2	-1	0
W	0.0335195530726257	0	0	0.970588235294118	0
F	0.402234636871508	0	0	0	0
Y	0.100558659217877	0	0	0	0
M	0	0	0	0	0
L	0.0558659217877095	0	0	0	0
I	0	0	0.162162162162162	0	0
V	0	0	0	0.0110294117647059	1
A	0	0	0	0	0
G	0.0837988826815642	0.108433734939759	0	0.0110294117647059	0
S	0.0335195530726257	0.168674698795181	0.121621621621622	0	0
T	0.0167597765363128	0.036144578313253	0.608108108108108	0	0
R	0.0223463687150838	0	0.0270270270270270	0.00735294117647059	0
K	0	0	0	0	0
H	0.0670391061452514	0.036144578313253	0	0	0
N	0	0.072289156626506	0.0405405405405405	0	0
Q	0	0.108433734939759	0	0	0
D	0.0670391061452514	0.325301204819277	0.0405405405405405	0	0
E	0	0.144578313253012	0	0	0
P	0.0167597765363128	0	0	0	0
C	0.100558659217877	0	0	0	0
