	-4	-3	-2	-1	0
W	0	0	0.0810810810810811	0.916666666666667	0
F	0	0	0.162162162162162	0	0
Y	0	0	0	0	0
M	0	0	0	0	0
L	0	0	0	0	0.0526315789473684
I	0	0	0	0	0
V	0	0	0	0.0833333333333333	0.947368421052632
A	0	0.073170731707317	0	0	0
G	0.315789473684211	0.73170731707317	0	0	0
S	0	0.048780487804878	0.0270270270270270	0	0
T	0	0	0	0	0
R	0	0	0	0	0
K	0	0	0	0	0
H	0	0	0	0	0
N	0.421052631578947	0	0	0	0
Q	0.105263157894737	0.146341463414634	0	0	0
D	0.105263157894737	0	0.72972972972973	0	0
E	0	0	0	0	0
P	0.0526315789473684	0	0	0	0
C	0	0	0	0	0
