	-4	-3	-2	-1	0
W	0.177215189873418	0	0	1	0
F	0.354430379746835	0	0	0	0
Y	0.0759493670886076	0	0	0	0
M	0.0253164556962025	0.0413793103448276	0.0689655172413793	0	0
L	0.0506329113924051	0	0	0	0.0446927374301676
I	0.0253164556962025	0.0413793103448276	0.0344827586206897	0	0.167597765363129
V	0	0.0827586206896552	0	0	0.770949720670391
A	0	0.0827586206896552	0	0	0
G	0.0253164556962025	0.103448275862069	0	0	0.0167597765363128
S	0.00843881856540084	0.193103448275862	0.0689655172413793	0	0
T	0.0126582278481013	0.144827586206897	0.793103448275862	0	0
R	0.0421940928270042	0.165517241379310	0	0	0
K	0	0.0413793103448276	0.0344827586206897	0	0
H	0.126582278481013	0	0	0	0
N	0	0.0413793103448276	0	0	0
Q	0.0506329113924051	0.0413793103448276	0	0	0
D	0.0253164556962025	0	0	0	0
E	0	0	0	0	0
P	0	0.0206896551724138	0	0	0
C	0	0	0	0	0
