	-4	-3	-2	-1	0
W	0.167597765363129	0	0	0.985915492957746	0
F	0.167597765363129	0	0	0	0
Y	0.134078212290503	0	0	0	0
M	0.0670391061452514	0	0	0	0
L	0.0111731843575419	0	0	0	0.114285714285714
I	0	0	0.112149532710280	0	0.0571428571428571
V	0	0	0	0	0.828571428571429
A	0	0	0	0	0
G	0	0.0295566502463054	0	0.0140845070422535	0
S	0	0.00985221674876847	0.186915887850467	0	0
T	0	0.0147783251231527	0.644859813084112	0	0
R	0.0670391061452514	0	0	0	0
K	0	0	0	0	0
H	0.201117318435754	0	0	0	0
N	0	0	0	0	0
Q	0.0335195530726257	0.0591133004926108	0	0	0
D	0.0670391061452514	0.679802955665025	0.0560747663551402	0	0
E	0	0.206896551724138	0	0	0
P	0.0502793296089385	0	0	0	0
C	0.0335195530726257	0	0	0	0
