	-4	-3	-2	-1	0
W	0	0	1	1	0
F	0.0319148936170213	0.058252427184466	0	0	0
Y	0	0.087378640776699	0	0	0
M	0.0319148936170213	0	0	0	0
L	0.0425531914893617	0	0	0	0
I	0.0638297872340425	0.087378640776699	0	0	0
V	0	0	0	0	1
A	0	0	0	0	0
G	0.0638297872340425	0.087378640776699	0	0	0
S	0.223404255319149	0.388349514563107	0	0	0
T	0.127659574468085	0.058252427184466	0	0	0
R	0.127659574468085	0	0	0	0
K	0.0638297872340425	0.087378640776699	0	0	0
H	0.0638297872340425	0	0	0	0
N	0.0957446808510638	0.058252427184466	0	0	0
Q	0.0638297872340425	0	0	0	0
D	0	0.029126213592233	0	0	0
E	0	0.058252427184466	0	0	0
P	0	0	0	0	0
C	0	0	0	0	0
