	-4	-3	-2	-1	0
W	0.180722891566265	0.0408163265306122	0	0.942857142857143	0
F	0.36144578313253	0	0	0	0
Y	0.144578313253012	0	0	0	0
M	0	0	0	0	0
L	0	0	0	0	0
I	0	0	0.06	0	0
V	0	0	0	0	1
A	0	0	0	0	0
G	0.036144578313253	0.0204081632653061	0	0	0
S	0	0.204081632653061	0.16	0	0
T	0	0	0.78	0	0
R	0.0963855421686747	0	0	0	0
K	0	0	0	0.0285714285714286	0
H	0	0	0	0	0
N	0	0.0816326530612245	0	0	0
Q	0	0.0408163265306122	0	0	0
D	0.144578313253012	0.448979591836735	0	0.0285714285714286	0
E	0	0.163265306122449	0	0	0
P	0	0	0	0	0
C	0.036144578313253	0	0	0	0
