	-4	-3	-2	-1	0
W	0.12987012987013	0.036144578313253	0	1	0
F	0.415584415584416	0	0	0	0
Y	0.12987012987013	0	0	0	0
M	0.0259740259740260	0	0.08	0	0
L	0.0519480519480520	0	0	0	0.0675675675675676
I	0.0259740259740260	0	0.04	0	0.081081081081081
V	0.0259740259740260	0	0.02	0	0.851351351351351
A	0	0.0542168674698795	0	0	0
G	0	0.108433734939759	0	0	0
S	0.0173160173160173	0.253012048192771	0.12	0	0
T	0	0.036144578313253	0.7	0	0
R	0.0346320346320346	0.0240963855421687	0	0	0
K	0	0	0.04	0	0
H	0	0.036144578313253	0	0	0
N	0.0259740259740260	0.108433734939759	0	0	0
Q	0.0519480519480520	0.072289156626506	0	0	0
D	0.0519480519480520	0.108433734939759	0	0	0
E	0	0.144578313253012	0	0	0
P	0.0129870129870130	0.0180722891566265	0	0	0
C	0	0	0	0	0
