	-4	-3	-2	-1	0
W	0.12565445026178	0.0120967741935484	0	1	0
F	0.31413612565445	0	0	0	0
Y	0.18848167539267	0	0.0129870129870130	0	0
M	0.0209424083769634	0	0.0129870129870130	0	0
L	0.00349040139616056	0	0.00432900432900433	0	0.0478260869565217
I	0.0104712041884817	0	0.064935064935065	0	0.0521739130434783
V	0.0157068062827225	0	0.0064935064935065	0	0.9
A	0.00523560209424084	0.00604838709677419	0.0064935064935065	0	0
G	0.0261780104712042	0.108870967741935	0	0	0
S	0.0314136125654450	0.129032258064516	0.0952380952380952	0	0
T	0.00523560209424084	0.0483870967741935	0.714285714285714	0	0
R	0.0174520069808028	0	0.0303030303030303	0	0
K	0.0104712041884817	0.0120967741935484	0.0129870129870130	0	0
H	0.0837696335078534	0.0241935483870968	0	0	0
N	0.0523560209424084	0.060483870967742	0	0	0
Q	0	0.108870967741935	0.0259740259740260	0	0
D	0.0418848167539267	0.338709677419355	0.0129870129870130	0	0
E	0	0.145161290322581	0	0	0
P	0.0157068062827225	0.00604838709677419	0	0	0
C	0.031413612565445	0	0	0	0
