	-4	-3	-2	-1	0
W	0.117647058823529	0	0.0458015267175573	0.945945945945946	0
F	0.235294117647059	0	0	0	0.0491803278688525
Y	0.274509803921569	0.0437956204379562	0	0	0
M	0	0	0.0458015267175573	0	0
L	0.0261437908496732	0	0	0	0.0163934426229508
I	0	0	0.137404580152672	0	0.0491803278688525
V	0.0392156862745098	0	0	0	0.885245901639344
A	0	0.0218978102189781	0	0	0
G	0	0.0218978102189781	0	0.0540540540540541	0
S	0.0130718954248366	0.189781021897810	0.0610687022900763	0	0
T	0	0.0218978102189781	0.66412213740458	0	0
R	0.0392156862745098	0	0	0	0
K	0	0	0	0	0
H	0	0.0875912408759124	0	0	0
N	0.0784313725490196	0.218978102189781	0	0	0
Q	0.0784313725490196	0.218978102189781	0	0	0
D	0	0.175182481751825	0	0	0
E	0	0	0	0	0
P	0.0588235294117647	0	0	0	0
C	0.0392156862745098	0	0.0458015267175573	0	0
