	-4	-3	-2	-1	0
W	0.0676691729323308	0	0.0277777777777778	1	0
F	0.180451127819549	0	0.0277777777777778	0	0
Y	0.270676691729323	0	0.111111111111111	0	0
M	0.0451127819548872	0	0	0	0
L	0.0225563909774436	0	0	0	0
I	0	0	0.194444444444444	0	0
V	0.0112781954887218	0	0.0416666666666667	0	1
A	0	0	0	0	0
G	0.0112781954887218	0.0191082802547771	0	0	0
S	0.0075187969924812	0.00636942675159236	0.0462962962962963	0	0
T	0.0112781954887218	0	0.236111111111111	0	0
R	0.0451127819548872	0	0.0648148148148148	0	0
K	0.0676691729323308	0	0.111111111111111	0	0
H	0	0.0191082802547771	0.0833333333333333	0	0
N	0.157894736842105	0	0.0277777777777778	0	0
Q	0.0225563909774436	0	0.0277777777777778	0	0
D	0.0225563909774436	0.78343949044586	0	0	0
E	0	0.171974522292994	0	0	0
P	0.0112781954887218	0	0	0	0
C	0.0451127819548872	0	0	0	0
