	-4	-3	-2	-1	0
W	0	0	0.0338983050847458	0.991150442477876	0
F	0	0	0	0	0.0344827586206897
Y	0.0297029702970297	0	0	0	0
M	0.0594059405940594	0	0	0	0
L	0.0099009900990099	0	0	0	0
I	0.0297029702970297	0	0	0	0
V	0	0	0	0.0088495575221239	0.96551724137931
A	0	0	0	0	0
G	0.0594059405940594	0.00928792569659443	0.932203389830508	0	0
S	0.0099009900990099	0.0247678018575851	0	0	0
T	0	0	0	0	0
R	0.297029702970297	0	0	0	0
K	0.0594059405940594	0	0	0	0
H	0.0594059405940594	0	0	0	0
N	0.0297029702970297	0	0	0	0
Q	0.0891089108910891	0	0.0338983050847458	0	0
D	0.178217821782178	0.928792569659443	0	0	0
E	0.0594059405940594	0.0371517027863777	0	0	0
P	0	0	0	0	0
C	0.0297029702970297	0	0	0	0
