	-4	-3	-2	-1	0
W	0.107784431137725	0	0	0.939130434782609	0
F	0.287425149700599	0	0	0.0260869565217391	0
Y	0.107784431137725	0.0419580419580420	0	0	0
M	0.107784431137725	0.0419580419580420	0.0495867768595041	0	0
L	0.0598802395209581	0.0139860139860140	0.0330578512396694	0	0
I	0.0718562874251497	0	0.0991735537190083	0	0.05
V	0.0179640718562874	0	0	0	0.95
A	0.0179640718562874	0.0209790209790210	0	0	0
G	0.0179640718562874	0.0629370629370629	0	0	0
S	0.0119760479041916	0.195804195804196	0.0991735537190083	0	0
T	0	0.0209790209790210	0.570247933884298	0	0
R	0.0119760479041916	0.0139860139860140	0.0495867768595041	0.00869565217391304	0
K	0	0	0	0	0
H	0	0.0839160839160839	0	0	0
N	0.0359281437125748	0.0419580419580420	0.0495867768595041	0	0
Q	0.0718562874251497	0.0839160839160839	0	0	0
D	0.0359281437125748	0.335664335664336	0.0495867768595041	0.0260869565217391	0
E	0.0359281437125748	0.0419580419580420	0	0	0
P	0	0	0	0	0
C	0	0	0	0	0
