	-4	-3	-2	-1	0
W	0.0825688073394495	0	0.827586206896552	0.96551724137931	0
F	0.0825688073394495	0	0.137931034482759	0.0344827586206897	0
Y	0.137614678899083	0	0.0344827586206897	0	0
M	0	0	0	0	0
L	0.0275229357798165	0	0	0	0
I	0	0.107784431137725	0	0	0
V	0.055045871559633	0.0718562874251497	0	0	1
A	0	0.0359281437125748	0	0	0
G	0.0688073394495413	0.179640718562874	0	0	0
S	0.0825688073394495	0.323353293413174	0	0	0
T	0.0412844036697248	0.0538922155688623	0	0	0
R	0.0642201834862385	0.0479041916167665	0	0	0
K	0.055045871559633	0.107784431137725	0	0	0
H	0.055045871559633	0.0359281437125748	0	0	0
N	0.137614678899083	0.0359281437125748	0	0	0
Q	0	0	0	0	0
D	0.055045871559633	0	0	0	0
E	0.0275229357798165	0	0	0	0
P	0	0	0	0	0
C	0.0275229357798165	0	0	0	0
