	-4	-3	-2	-1	0
W	0.192307692307692	0	0	0.942857142857143	0
F	0.346153846153846	0	0	0.0571428571428571	0
Y	0.153846153846154	0	0	0	0
M	0	0	0	0	0
L	0.0641025641025641	0	0	0	0
I	0	0	0.12	0	0.0555555555555556
V	0.0192307692307692	0	0	0	0.944444444444445
A	0	0	0	0	0
G	0	0	0	0	0
S	0.0128205128205128	0.0526315789473684	0.2	0	0
T	0	0	0.66	0	0
R	0.0384615384615385	0	0.02	0	0
K	0.0384615384615385	0	0	0	0
H	0.0384615384615385	0	0	0	0
N	0.0384615384615385	0	0	0	0
Q	0.0384615384615385	0.0631578947368421	0	0	0
D	0	0.757894736842105	0	0	0
E	0	0.126315789473684	0	0	0
P	0.0192307692307692	0	0	0	0
C	0	0	0	0	0
