	-4	-3	-2	-1	0
W	0.189873417721519	0.0483870967741935	0	0.993377483443709	0
F	0.265822784810127	0	0	0	0
Y	0.151898734177215	0	0	0	0
M	0.0759493670886076	0	0.072289156626506	0	0
L	0.0253164556962025	0	0	0	0.0131578947368421
I	0	0	0.072289156626506	0	0
V	0.0189873417721519	0	0	0	0.986842105263158
A	0	0	0	0	0
G	0.0569620253164557	0.266129032258065	0	0	0
S	0.0126582278481013	0.177419354838710	0.0602409638554217	0.00662251655629139	0
T	0.0379746835443038	0.0241935483870968	0.72289156626506	0	0
R	0.0126582278481013	0	0	0	0
K	0.0379746835443038	0	0	0	0
H	0	0	0	0	0
N	0.0379746835443038	0	0.036144578313253	0	0
Q	0.0379746835443038	0.0483870967741935	0	0	0
D	0	0.387096774193548	0	0	0
E	0	0.0483870967741935	0.036144578313253	0	0
P	0	0	0	0	0
C	0.0379746835443038	0	0	0	0
