	-4	-3	-2	-1	0
W	0.117647058823529	0.0382165605095541	0.385321100917431	0.81159420289855	0
F	0.196078431372549	0.0382165605095541	0.440366972477064	0	0
Y	0.0784313725490196	0	0.110091743119266	0	0
M	0.0392156862745098	0.0764331210191083	0	0	0
L	0.0392156862745098	0	0.0091743119266055	0	0.0172413793103448
I	0.117647058823529	0	0	0	0.103448275862069
V	0.0196078431372549	0.0191082802547771	0	0	0.879310344827586
A	0	0.0191082802547771	0	0	0
G	0.0392156862745098	0.0382165605095541	0	0.0144927536231884	0
S	0.065359477124183	0.140127388535032	0	0.00966183574879227	0
T	0.0196078431372549	0.0191082802547771	0	0	0
R	0.0130718954248366	0	0	0.0193236714975845	0
K	0.0784313725490196	0	0	0	0
H	0	0.191082802547771	0.055045871559633	0	0
N	0.0784313725490196	0.0382165605095541	0	0	0
Q	0	0.0764331210191083	0	0	0
D	0.0392156862745098	0.229299363057325	0	0.144927536231884	0
E	0	0.0764331210191083	0	0	0
P	0.0588235294117647	0	0	0	0
C	0	0	0	0	0
