	-4	-3	-2	-1	0
W	0.218978102189781	0	0	1	0
F	0.218978102189781	0	0	0	0
Y	0.131386861313869	0	0	0	0
M	0.0875912408759124	0.0428571428571429	0	0	0
L	0.0291970802919708	0	0	0	0.0198019801980198
I	0	0	0.0638297872340425	0	0
V	0.0218978102189781	0	0	0	0.98019801980198
A	0	0	0	0	0
G	0	0.107142857142857	0	0	0
S	0.0145985401459854	0.0571428571428571	0.255319148936170	0	0
T	0.0218978102189781	0.0214285714285714	0.574468085106383	0	0
R	0.0583941605839416	0	0.0425531914893617	0	0
K	0	0	0.0638297872340425	0	0
H	0.0875912408759124	0.0857142857142857	0	0	0
N	0.0437956204379562	0	0	0	0
Q	0	0.0428571428571429	0	0	0
D	0.0437956204379562	0.514285714285714	0	0	0
E	0	0.128571428571429	0	0	0
P	0.0218978102189781	0	0	0	0
C	0	0	0	0	0
