	-4	-3	-2	-1	0
W	0.042006	0.008699	0.026881	0.989263	0.001646
F	0.164263	0.005564	0.199295	0.001803	0.003213
Y	0.112539	0.005564	0.095846	0.000235	0.001646
M	0.013793	0.002429	0.030016	0.000235	0.003213
L	0.042006	0.003997	0.014342	0.001803	0.252429
I	0.02163	0.003997	0.135031	0.000235	0.114498
V	0.040439	0.003997	0.097414	0.000235	0.612931
A	0.015361	0.013401	0.000235	0.001803	0.003213
G	0.107837	0.781426	0.017476	0.000235	7.8e-05
S	0.073354	0.107445	0.022179	0.000235	7.8e-05
T	0.042006	0.003997	0.078605	0.000235	0.001646
R	0.073354	0.018103	0.133464	0.000235	0.001646
K	0.035737	0.007132	0.04569	0.000235	0.001646
H	0.073354	0.002429	0.040987	0.000235	7.8e-05
N	0.051411	0.003997	0.019044	0.000235	7.8e-05
Q	0.012226	0.011834	0.008072	0.000235	7.8e-05
D	0.038871	0.005564	0.009639	0.000235	0.001646
E	0.010658	0.003997	0.014342	0.000235	7.8e-05
P	0.015361	0.002429	0.001803	0.000235	7.8e-05
C	0.013793	0.003997	0.009639	0.001803	7.8e-05
