	-4	-3	-2	-1	0
W	0.181818181818182	0	0	0.99	0
F	0.272727272727273	0.0495867768595041	0	0	0
Y	0.227272727272727	0	0	0	0
M	0	0	0	0	0
L	0	0	0	0	0.04
I	0.090909090909091	0.0495867768595041	0	0	0
V	0	0.0495867768595041	0.0309278350515464	0	0.96
A	0	0.0247933884297521	0	0	0
G	0	0.0743801652892562	0	0	0
S	0.0151515151515152	0.0826446280991736	0.144329896907216	0	0
T	0.0227272727272727	0.0247933884297521	0.742268041237113	0	0
R	0.0303030303030303	0	0.0206185567010309	0.01	0
K	0.0454545454545455	0	0.0618556701030928	0	0
H	0.0454545454545455	0.0991735537190083	0	0	0
N	0	0.148760330578512	0	0	0
Q	0	0.0991735537190083	0	0	0
D	0	0.297520661157025	0	0	0
E	0.0454545454545455	0	0	0	0
P	0.0227272727272727	0	0	0	0
C	0	0	0	0	0
