	-4	-3	-2	-1	0
W	0	0	0.098360655737705	0.967741935483871	0
F	0	0	0.426229508196721	0	0.0625
Y	0.132352941176471	0	0.360655737704918	0.032258064516129	0
M	0	0	0	0	0
L	0.0294117647058824	0	0	0	0
I	0.0441176470588235	0	0.0655737704918033	0	0
V	0	0	0	0	0.9375
A	0	0	0	0	0
G	0.0220588235294118	0.155844155844156	0.0163934426229508	0	0
S	0.0147058823529412	0.0129870129870130	0	0	0
T	0.0661764705882353	0	0	0	0
R	0.0294117647058824	0.0129870129870130	0	0	0
K	0.308823529411765	0	0	0	0
H	0	0	0	0	0
N	0.0441176470588235	0	0	0	0
Q	0	0.506493506493506	0	0	0
D	0.308823529411765	0.0779220779220779	0	0	0
E	0	0.233766233766234	0	0	0
P	0	0	0	0	0
C	0	0	0.0327868852459016	0	0
