	-4	-3	-2	-1	0
W	0.0591133004926108	0	0	1	0
F	0.325123152709360	0	0	0	0
Y	0.266009852216749	0	0.0451127819548872	0	0
M	0.0295566502463054	0	0	0	0
L	0	0	0	0	0.0952380952380952
I	0	0	0	0	0.0476190476190476
V	0	0	0.0225563909774436	0	0.857142857142857
A	0.0147783251231527	0.0176470588235294	0	0	0
G	0.0147783251231527	0.105882352941176	0	0	0
S	0.0295566502463054	0.117647058823529	0.075187969924812	0	0
T	0	0.0176470588235294	0.766917293233083	0	0
R	0.00985221674876847	0	0	0	0
K	0.0295566502463054	0	0.0451127819548872	0	0
H	0.118226600985222	0.0352941176470588	0.0451127819548872	0	0
N	0.0295566502463054	0	0	0	0
Q	0	0.105882352941176	0	0	0
D	0.0295566502463054	0.388235294117647	0	0	0
E	0	0.211764705882353	0	0	0
P	0.0147783251231527	0	0	0	0
C	0.0295566502463054	0	0	0	0
