	-4	-3	-2	-1	0
W	0	0	0	1	0
F	0.100418410041841	0	0.924418604651163	0	0.0338983050847458
Y	0.0251046025104603	0	0.0523255813953488	0	0
M	0	0	0.0174418604651163	0	0
L	0.00836820083682008	0	0	0	0
I	0	0.0476190476190476	0	0	0
V	0	0	0	0	0.966101694915254
A	0	0.0238095238095238	0	0	0
G	0.225941422594142	0	0	0	0
S	0.0502092050209205	0.80952380952381	0	0	0
T	0.0125523012552301	0.0238095238095238	0	0	0
R	0.0502092050209205	0	0.00581395348837209	0	0
K	0.0251046025104603	0	0	0	0
H	0.0753138075313808	0	0	0	0
N	0.301255230125523	0	0	0	0
Q	0.0251046025104603	0	0	0	0
D	0.100418410041841	0	0	0	0
E	0	0	0	0	0
P	0	0.0952380952380952	0	0	0
C	0	0	0	0	0
