	-4	-3	-2	-1	0
W	0.0177514792899408	0	0.180722891566265	0.428571428571429	0
F	0.0177514792899408	0.112359550561798	0.686746987951807	0	0
Y	0.0355029585798817	0.49438202247191	0.0542168674698795	0	0
M	0	0.0449438202247191	0	0	0
L	0	0.0224719101123595	0	0	0.046242774566474
I	0.0532544378698225	0	0	0	0
V	0.00887573964497041	0	0	0	0.953757225433526
A	0	0	0	0	0
G	0	0	0.0180722891566265	0	0
S	0	0.097378277153558	0	0	0
T	0.0177514792899408	0.0561797752808989	0	0	0
R	0.00591715976331361	0.0149812734082397	0.0240963855421687	0.165413533834586	0
K	0.0177514792899408	0.0224719101123595	0	0.338345864661654	0
H	0	0	0	0.0225563909774436	0
N	0	0	0	0.0225563909774436	0
Q	0.0177514792899408	0	0	0	0
D	0.585798816568047	0	0	0.0225563909774436	0
E	0.21301775147929	0	0.036144578313253	0	0
P	0.00887573964497041	0	0	0	0
C	0	0.134831460674157	0	0	0
