	-4	-3	-2	-1	0
W	0.117647058823529	0.0861244019138756	0.288135593220339	1	0
F	0.0705882352941176	0.114832535885167	0.457627118644068	0	0
Y	0.141176470588235	0.0574162679425837	0.169491525423729	0	0
M	0.0705882352941176	0	0	0	0
L	0.00784313725490196	0	0	0	0
I	0.0235294117647059	0	0	0	0
V	0	0	0	0	1
A	0	0.0143540669856459	0	0	0
G	0.0470588235294118	0.430622009569378	0	0	0
S	0.0156862745098039	0.076555023923445	0	0	0
T	0.0588235294117647	0	0	0	0
R	0	0.0191387559808612	0	0	0
K	0	0.0287081339712919	0	0	0
H	0.141176470588235	0.0574162679425837	0.0847457627118644	0	0
N	0.0705882352941176	0.0287081339712919	0	0	0
Q	0.0235294117647059	0	0	0	0
D	0.117647058823529	0	0	0	0
E	0.0941176470588235	0.0574162679425837	0	0	0
P	0	0	0	0	0
C	0	0.0287081339712919	0	0	0
