	-4	-3	-2	-1	0
W	0.104651162790698	0	0	0.976076555023923	0
F	0.279069767441860	0	0	0	0
Y	0.174418604651163	0	0.0594059405940594	0	0
M	0	0	0	0	0
L	0.0116279069767442	0	0	0	0.0769230769230769
I	0.0697674418604651	0	0	0	0
V	0	0.0205479452054795	0.0297029702970297	0	0.923076923076923
A	0	0	0	0	0
G	0.0174418604651163	0.0410958904109589	0	0.0143540669856459	0
S	0.0116279069767442	0.136986301369863	0.178217821782178	0	0
T	0.0174418604651163	0.0205479452054795	0.712871287128713	0	0
R	0.0348837209302326	0	0.0198019801980198	0.00956937799043062	0
K	0.0348837209302326	0	0	0	0
H	0.174418604651163	0.0410958904109589	0	0	0
N	0.0348837209302326	0.0410958904109589	0	0	0
Q	0	0.205479452054795	0	0	0
D	0.0348837209302326	0.410958904109589	0	0	0
E	0	0.0821917808219178	0	0	0
P	0	0	0	0	0
C	0	0	0	0	0
