	-4	-3	-2	-1	0
W	0.073469387755102	0	0	0.978260869565217	0
F	0.391836734693878	0	0.0416666666666667	0	0
Y	0.220408163265306	0	0.0416666666666667	0	0
M	0	0.0273972602739726	0	0	0
L	0.00816326530612245	0	0	0	0.0444444444444444
I	0.0244897959183673	0	0.0416666666666667	0	0
V	0.0122448979591837	0	0.0208333333333333	0	0.955555555555556
A	0	0	0	0	0
G	0.0122448979591837	0.0273972602739726	0	0	0
S	0.00816326530612245	0.0821917808219178	0.0833333333333333	0	0
T	0	0.0410958904109589	0.729166666666667	0	0
R	0.0163265306122449	0	0	0	0
K	0.0244897959183673	0	0	0	0
H	0.0979591836734694	0.0821917808219178	0.0416666666666667	0	0
N	0.0244897959183673	0.0273972602739726	0	0	0
Q	0	0.109589041095890	0	0	0
D	0.0489795918367347	0.301369863013699	0	0	0
E	0.0244897959183673	0.301369863013699	0	0	0
P	0.0122448979591837	0	0	0	0
C	0	0	0	0.0217391304347826	0
