	-4	-3	-2	-1	0
W	0.377483443708609	0	0	0.990291262135922	0
F	0.23841059602649	0	0	0	0.0370370370370370
Y	0.23841059602649	0	0.0335195530726257	0	0
M	0	0	0	0	0
L	0	0	0	0	0
I	0	0	0.402234636871508	0	0.0370370370370370
V	0	0.00970873786407767	0.11731843575419	0.00970873786407767	0.925925925925926
A	0.00993377483443709	0	0	0	0
G	0	0	0	0	0
S	0.00662251655629139	0	0.0111731843575419	0	0
T	0.00993377483443709	0	0.0670391061452514	0	0
R	0	0	0.268156424581006	0	0
K	0	0	0.100558659217877	0	0
H	0.0596026490066225	0	0	0	0
N	0.0596026490066225	0	0	0	0
Q	0	0	0	0	0
D	0	0.970873786407767	0	0	0
E	0	0.0194174757281553	0	0	0
P	0	0	0	0	0
C	0	0	0	0	0
