	-4	-3	-2	-1	0
W	0.0875912408759124	0	0.237288135593220	1	0
F	0.175182481751825	0	0.305084745762712	0	0
Y	0.218978102189781	0	0.203389830508475	0	0
M	0.0437956204379562	0	0	0	0
L	0.0437956204379562	0	0	0	0.0210526315789474
I	0	0	0.0677966101694915	0	0
V	0	0	0.0338983050847458	0	0.978947368421053
A	0.0218978102189781	0	0	0	0
G	0.0218978102189781	0.0169491525423729	0.0169491525423729	0	0
S	0.0145985401459854	0.0338983050847458	0	0	0
T	0.0218978102189781	0	0.0338983050847458	0	0
R	0.0875912408759124	0	0	0	0
K	0.131386861313869	0	0	0	0
H	0.0437956204379562	0	0.101694915254237	0	0
N	0.0437956204379562	0	0	0	0
Q	0	0	0	0	0
D	0	0.813559322033898	0	0	0
E	0	0.135593220338983	0	0	0
P	0.0437956204379562	0	0	0	0
C	0	0	0	0	0
