	-4	-3	-2	-1	0
W	0	0	0	1	0
F	0.0458015267175572	0	0.365853658536585	0	0
Y	0.0458015267175572	0	0	0	0
M	0	0	0	0	0
L	0	0	0	0	0.0121951219512195
I	0	0	0.0365853658536585	0	0.475609756097561
V	0	0	0	0	0.51219512195122
A	0	0	0	0	0
G	0.801526717557252	1	0	0	0
S	0.0458015267175572	0	0.024390243902439	0	0
T	0	0	0.292682926829268	0	0
R	0.0152671755725191	0	0.097560975609756	0	0
K	0	0	0.0365853658536585	0	0
H	0.0458015267175572	0	0.0731707317073171	0	0
N	0	0	0.0365853658536585	0	0
Q	0	0	0	0	0
D	0	0	0.0365853658536585	0	0
E	0	0	0	0	0
P	0	0	0	0	0
C	0	0	0	0	0
