	-4	-3	-2	-1	0
W	0.0230769230769231	0	0.160714285714286	0.909090909090909	0
F	0.0692307692307692	0	0	0	0.18018018018018
Y	0.115384615384615	0.0365853658536585	0	0	0
M	0.0692307692307692	0	0	0	0
L	0.00769230769230769	0	0	0	0
I	0	0	0	0	0.036036036036036
V	0	0	0	0	0.783783783783784
A	0	0	0	0	0
G	0.0576923076923077	0.0914634146341463	0.767857142857143	0	0
S	0.138461538461538	0.115853658536585	0	0	0
T	0.0346153846153846	0	0	0	0
R	0.138461538461538	0.0426829268292683	0	0	0
K	0.138461538461538	0.0182926829268293	0	0	0
H	0.0230769230769231	0	0	0.0202020202020202	0
N	0	0.164634146341463	0	0	0
Q	0.0230769230769231	0	0	0	0
D	0.138461538461538	0.51219512195122	0.0535714285714286	0.0606060606060606	0
E	0.0230769230769231	0.0182926829268293	0.0178571428571429	0.0101010101010101	0
P	0	0	0	0	0
C	0	0	0	0	0
