	-4	-3	-2	-1	0
W	0.115942028985507	0	0	0.785714285714286	0
F	0.115942028985507	0	0	0	0
Y	0.289855072463768	0	0	0	0
M	0	0	0	0	0
L	0.0193236714975845	0	0	0	0
I	0	0	0.048	0	0
V	0	0	0	0	1
A	0	0	0	0	0
G	0.0289855072463768	0.4875	0	0	0
S	0	0.025	0.064	0	0
T	0	0	0.888	0	0
R	0.00966183574879227	0	0	0	0
K	0.0289855072463768	0	0	0	0
H	0	0	0	0	0
N	0	0	0	0.0238095238095238	0
Q	0	0	0	0	0
D	0.260869565217391	0.2625	0	0.190476190476190	0
E	0.0289855072463768	0.225	0	0	0
P	0.101449275362319	0	0	0	0
C	0	0	0	0	0
