	-4	-3	-2	-1	0
W	0.193548387096774	0	0	1	0
F	0.154838709677419	0	0.137931034482759	0	0
Y	0.154838709677419	0	0	0	0
M	0	0	0	0	0
L	0.0129032258064516	0	0	0	0
I	0	0	0	0	0
V	0	0	0	0	1
A	0	0	0	0	0
G	0.116129032258065	0.825503355704698	0.0172413793103448	0	0
S	0.0516129032258065	0.161073825503356	0	0	0
T	0.0193548387096774	0	0.844827586206896	0	0
R	0.0645161290322581	0.0134228187919463	0	0	0
K	0.0387096774193548	0	0	0	0
H	0.154838709677419	0	0	0	0
N	0.0387096774193548	0	0	0	0
Q	0	0	0	0	0
D	0	0	0	0	0
E	0	0	0	0	0
P	0	0	0	0	0
C	0	0	0	0	0
