	-4	-3	-2	-1	0
W	0.208092485549133	0	0	0.978260869565217	0
F	0.173410404624277	0	0	0	0
Y	0.173410404624277	0.0387096774193548	0	0	0
M	0	0	0.08	0	0
L	0.0115606936416185	0	0	0	0.0287769784172662
I	0	0	0.12	0.0217391304347826	0.0431654676258993
V	0.0173410404624277	0	0	0	0.928057553956835
A	0	0.0193548387096774	0	0	0
G	0.0173410404624277	0.0387096774193548	0	0	0
S	0.0115606936416185	0.129032258064516	0.12	0	0
T	0.0346820809248555	0.0967741935483871	0.6	0	0
R	0.023121387283237	0	0	0	0
K	0	0	0.04	0	0
H	0.138728323699422	0.0774193548387097	0	0	0
N	0.0346820809248555	0.0387096774193548	0	0	0
Q	0.069364161849711	0.232258064516129	0	0	0
D	0.0346820809248555	0.232258064516129	0.04	0	0
E	0	0.0774193548387097	0	0	0
P	0.0520231213872832	0.0193548387096774	0	0	0
C	0	0	0	0	0
