	-4	-3	-2	-1	0
W	0.0327868852459016	0	0.0388349514563107	0.981818181818182	0
F	0.098360655737705	0	0.660194174757282	0.0181818181818182	0
Y	0.163934426229508	0	0.135922330097087	0	0
M	0.0327868852459016	0	0	0	0
L	0	0	0	0	0.0119760479041916
I	0	0	0.0194174757281553	0	0.0359281437125748
V	0.0163934426229508	0	0	0	0.952095808383233
A	0	0	0	0	0
G	0.19672131147541	0.98780487804878	0.00970873786407767	0	0
S	0.0546448087431694	0.0121951219512195	0	0	0
T	0.0327868852459016	0	0.0194174757281553	0	0
R	0.0109289617486339	0	0.0194174757281553	0	0
K	0	0	0	0	0
H	0.19672131147541	0	0.058252427184466	0	0
N	0.0655737704918033	0	0.0388349514563107	0	0
Q	0.0327868852459016	0	0	0	0
D	0.0327868852459016	0	0	0	0
E	0	0	0	0	0
P	0.0327868852459016	0	0	0	0
C	0	0	0	0	0
