	-4	-3	-2	-1	0
W	0.0530973451327434	0	0	1	0
F	0.31858407079646	0	0.0560747663551402	0	0
Y	0.0530973451327434	0	0	0	0
M	0.0530973451327434	0	0	0	0
L	0	0	0	0	0.0186915887850467
I	0.0530973451327434	0	0.0560747663551402	0	0.112149532710280
V	0	0	0	0	0.869158878504673
A	0	0	0	0	0
G	0.0265486725663717	0.0967741935483871	0	0	0
S	0	0.129032258064516	0.0747663551401869	0	0
T	0	0	0.757009345794392	0	0
R	0.0176991150442478	0	0	0	0
K	0	0	0.0560747663551402	0	0
H	0.15929203539823	0.064516129032258	0	0	0
N	0.0530973451327434	0.064516129032258	0	0	0
Q	0.0530973451327434	0.129032258064516	0	0	0
D	0.0530973451327434	0.387096774193548	0	0	0
E	0	0.129032258064516	0	0	0
P	0	0	0	0	0
C	0.106194690265487	0	0	0	0
