	-4	-3	-2	-1	0
W	0	0	0	0.0540540540540541	0
F	0.0576923076923077	0	0	0	0
Y	0	0	0	0	0
M	0	0	0	0	0
L	0	0	0	0	0.540983606557377
I	0	0	0	0.0540540540540541	0.0491803278688525
V	0	0	0	0	0.368852459016393
A	0	0	0	0	0
G	0	0	0	0	0
S	0	0.194444444444444	0	0.072072072072072	0.0163934426229508
T	0	0	1	0.0270270270270270	0
R	0.942307692307692	0	0	0.792792792792793	0
K	0	0	0	0	0
H	0	0	0	0	0
N	0	0	0	0	0
Q	0	0	0	0	0
D	0	0.0277777777777778	0	0	0
E	0	0.777777777777778	0	0	0
P	0	0	0	0	0.0245901639344262
C	0	0	0	0	0
