	-4	-3	-2	-1	0
W	0	0	0	0.0676691729323308	0
F	0.300884955752212	0	0	0	0
Y	0	0	0	0	0
M	0	0	0	0	0
L	0.0353982300884956	0	0	0	0.04
I	0.0353982300884956	0	0	0	0.18
V	0.0088495575221239	0	0	0	0.78
A	0	0.0252100840336134	0	0	0
G	0	0.168067226890756	0	0	0
S	0.0294985250737463	0.184873949579832	0.105660377358491	0	0
T	0.0619469026548673	0	0.89433962264151	0	0
R	0.200589970501475	0	0	0.548872180451128	0
K	0.265486725663717	0	0	0.383458646616541	0
H	0	0	0	0	0
N	0	0	0	0	0
Q	0.0176991150442478	0	0	0	0
D	0	0.0168067226890756	0	0	0
E	0	0.605042016806723	0	0	0
P	0.0442477876106195	0	0	0	0
C	0	0	0	0	0
