	-4	-3	-2	-1	0
W	0.080267558528428	0.0240963855421687	0	0.788732394366197	0
F	0.54180602006689	0	0	0.0140845070422535	0
Y	0.040133779264214	0	0	0.169014084507042	0
M	0	0	0	0	0
L	0.0668896321070234	0	0.00966183574879227	0	0.246153846153846
I	0.040133779264214	0	0	0	0.0307692307692308
V	0	0.0120481927710843	0	0	0.692307692307692
A	0.0100334448160535	0	0	0	0
G	0	0	0	0	0
S	0	0.0481927710843374	0.0386473429951691	0	0
T	0	0.506024096385542	0.942028985507246	0	0
R	0.140468227424749	0.0481927710843374	0.00966183574879227	0	0
K	0.040133779264214	0.289156626506024	0	0	0
H	0.020066889632107	0	0	0.0140845070422535	0
N	0.020066889632107	0.0240963855421687	0	0	0
Q	0	0.0481927710843374	0	0	0
D	0	0	0	0	0
E	0	0	0	0	0.0307692307692308
P	0	0	0	0	0
C	0	0	0	0.0140845070422535	0
