	-4	-3	-2	-1	0
W	0.229007633587786	0	0	0	0
F	0	0	0	0	0
Y	0	0	0	0	0
M	0.0229007633587786	0	0	0	0
L	0.16793893129771	0	0.0904977375565611	0	0
I	0	0	0	0	0.0506329113924051
V	0	0.0437956204379562	0	0	0.949367088607595
A	0	0	0	0	0
G	0	0	0	0	0
S	0	0	0	0.532467532467532	0
T	0	0.0802919708029197	0.909502262443439	0	0
R	0.213740458015267	0	0	0.467532467532468	0
K	0.343511450381679	0	0	0	0
H	0	0	0	0	0
N	0.0229007633587786	0	0	0	0
Q	0	0.0291970802919708	0	0	0
D	0	0	0	0	0
E	0	0.686131386861314	0	0	0
P	0	0	0	0	0
C	0	0.160583941605839	0	0	0
