	-4	-3	-2	-1	0
W	0.110769230769231	0	0	0.768844221105528	0
F	0.387692307692308	0	0	0.0150753768844221	0.495412844036697
Y	0.0184615384615385	0	0	0.135678391959799	0
M	0.0369230769230769	0	0	0	0.055045871559633
L	0.00615384615384615	0	0	0	0.44954128440367
I	0.0184615384615385	0	0	0	0
V	0	0	0	0	0
A	0	0	0	0	0
G	0.0276923076923077	0	0	0	0
S	0.00615384615384615	0.384279475982533	0.0294117647058824	0	0
T	0	0.0393013100436681	0.970588235294118	0	0
R	0	0	0	0.0201005025125628	0
K	0	0	0	0.0301507537688442	0
H	0.0553846153846154	0	0	0.0301507537688442	0
N	0.0553846153846154	0.0786026200873362	0	0	0
Q	0.0738461538461539	0	0	0	0
D	0	0.497816593886463	0	0	0
E	0	0	0	0	0
P	0	0	0	0	0
C	0.203076923076923	0	0	0	0
