	-4	-3	-2	-1	0
W	0	0	0	0	0
F	0	0	0	0	0
Y	0.0294117647058824	0	0	0	0
M	0	0	0	0	0
L	0	0	0	0	0.0769230769230769
I	0	0	0	0	0
V	0	0	0	0	0.923076923076923
A	0	0	0	0	0
G	0	0	0	0	0
S	0	0.0153550863723608	0.647058823529412	0.939226519337017	0
T	0	0.00575815738963532	0.352941176470588	0.0165745856353591	0
R	0.823529411764706	0	0	0.0441988950276243	0
K	0.147058823529412	0	0	0	0
H	0	0	0	0	0
N	0	0.0115163147792706	0	0	0
Q	0	0.0690978886756238	0	0	0
D	0	0	0	0	0
E	0	0.89827255278311	0	0	0
P	0	0	0	0	0
C	0	0	0	0	0
