	-4	-3	-2	-1	0
W	0	0.119700748129676	0	0.24	0
F	0.0228136882129278	0	0	0.296470588235294	0
Y	0.0684410646387833	0	0	0.0141176470588235	0
M	0	0	0	0	0
L	0	0	0	0.0941176470588235	0.0287769784172662
I	0.0456273764258555	0	0.0223880597014925	0.0705882352941176	0.0863309352517986
V	0.0114068441064639	0	0	0.0141176470588235	0.884892086330935
A	0	0	0	0.00705882352941177	0
G	0	0	0	0	0
S	0	0.154613466334165	0.0373134328358209	0.00941176470588235	0
T	0	0.0374064837905237	0.940298507462687	0.00705882352941177	0
R	0.509505703422053	0	0	0.0141176470588235	0
K	0.228136882129278	0	0	0	0
H	0.0456273764258555	0.104738154613466	0	0	0
N	0	0.119700748129676	0	0	0
Q	0.0684410646387833	0.104738154613466	0	0.0141176470588235	0
D	0	0.0299251870324190	0	0.197647058823529	0
E	0	0.329177057356608	0	0.0141176470588235	0
P	0	0	0	0.00705882352941177	0
C	0	0	0	0	0
