	-4	-3	-2	-1	0
W	0.13330480179147	0.0558941024652431	0.0768774429775856	0.218914663039280	7.84685666701979e-306
F	0.0916435337362911	0.0547231611580913	0.235232557441908	0.221917184138586	3.67501537032137e-35
Y	0.0896366349199335	0.0135940183189023	0.251482792476023	0.0614847989993903	8.64530430791051e-59
M	0.0847226963299857	0.0904447787930002	0.016600186981372	0.0165558205097141	1.47733783751656e-05
L	0.0277007519938567	0.00161744978973130	0.0104434780157190	0.0247115946872927	4.4109704298686e-07
I	0.000410965938630033	0.00787758197206256	0.0501006601831142	0.00410580019419306	0.244695071576598
V	0.00330714109339838	0.084634167020723	0.0433526359676304	0.00297394492017242	0.656981694359812
A	0.0331419371943338	0.0950669919999694	0.0195481519129391	0.00299695070132193	0.0400382432993036
G	0.00617087928675547	0.0241253605909433	0.00310762859732031	0.00126249192770175	0.00668048053168925
S	0.0391893372685588	0.0451536111227330	0.0137646416801274	0.00337193078087294	0.00572438491411042
T	0.0248272393121083	0.0607517636665769	0.0215639348692109	0.00686369996530469	0.0303320945460199
R	0.0642187668695434	0.168474372927483	0.0558354197720056	0.163734454483839	1.23002582038899e-09
K	0.0710580952994476	0.112543647043742	0.0433721253260959	0.140781804479463	2.83284312374147e-07
H	0.0438989093090199	0.00708598486100504	0.0292122158330115	0.0957038835787226	3.69986554553129e-08
N	0.058267404563623	0.00894484038282758	0.00533502701938804	0.00509703913155977	0.000467192834545638
Q	0.0830436984931626	0.0756335689269040	0.0464898325638022	0.01699434005713	0.000178382479253732
D	0.0968551132863151	0.0161968173031922	0.0171121977237193	0.00642394541208743	0.00380281638279595
E	0.048602093313566	0.0772328305886116	0.0605690706590272	0.00578835194978127	0.0110841030874598
P	5.9051915263709e-16	4.95106825810472e-06	2.31387304239841e-69	0.000317301043586261	1.47572832077098e-61
C	0	0	0	0	0
