	-4	-3	-2	-1	0
W	0.596350075100726	4.80346399260994e-05	0.000523497600685106	0.898147058873595	0
F	0.0367138122405729	2.40109905414929e-05	0.00674757699730757	0.0560396114331293	2.04297953254546e-156
Y	0.00667969138028767	2.70569744991235e-06	0.00135704359485606	0.0290443935174548	6.52624566675874e-241
M	0.0211361435189555	5.80126447891025e-05	0.00147316493869209	0.000694998399467706	7.6677020490358e-10
L	0.00328291396307719	3.10360390694716e-19	7.41228796576622e-05	9.98315193755987e-05	2.68096979633170e-12
I	0.000176198612260245	2.31847953730795e-06	0.000316100448832708	0.000279947087607538	0.0131217274988680
V	0.00022058042025844	5.25570654117937e-06	0.000734767297789902	0.000515316533949192	0.986263613988352
A	0.000459313630724299	5.8679477330886e-05	0.000443733862000153	6.80621736262395e-05	0.000210539532785837
G	6.39214820785463e-05	2.28608637812586e-05	6.24528249525934e-06	3.52475744704968e-05	9.46645728041631e-06
S	0.000859382468666288	0.000672787945764168	0.00190942221406392	7.8185496637163e-05	2.60624969729968e-05
T	0.00139883008377661	1.96944243306492e-05	0.952713398712463	0.00163602086772698	0.000353130935941774
R	0.316175220580451	5.51885520020313e-05	0.00155821696948308	0.00268324121618078	1.29196799809068e-27
K	0.00978439981840662	4.59707981306882e-05	0.0026044995559872	0.000331098378687538	1.11944080539470e-28
H	0.000408269987562984	1.03849213054929e-05	0.00298927019649026	0.00554468081845158	4.91051495362835e-39
N	0.000505981484058008	0.000187826726762253	0.000563174320011636	0.000358812143478813	3.99791517951036e-07
Q	0.00226750670780109	0.000221275532077063	0.00464478166479695	0.00421257764599729	1.86872649578557e-08
D	0.00068678288831671	0.0374632420615282	0.000527373991647031	2.47644166188777e-05	1.25358634557976e-05
E	0.00283097563201944	0.961101750538202	0.0208136094727401	0.000206017626178631	2.50397810960802e-06
P	1.21294877639687e-23	5.13224449140213e-19	1.71039247410494e-150	1.34277366217206e-07	1.15393939810287e-96
C	0	0	0	0	0
