	-4	-3	-2	-1	0
W	0.167280240878241	0.00035746578377825	0.0199887973777994	0.0953734884718778	0
F	0.095925592385264	0.000803788077165662	0.0761061608419631	0.601647731703462	5.1937693407062e-46
Y	0.0884512017678791	0.000452417537824791	0.083486058704918	0.0527936738627331	2.90524232683647e-55
M	0.0562995067641303	0.051837890031105	0.0258742523819894	0.00454172235490998	0.000101936534101884
L	0.0172462169320422	0.00126037247948571	0.0195221469843876	0.00623603664930493	8.0240642482081e-12
I	0.0289003010257995	5.97725053167899e-05	0.0219856486359215	0.000255705285048307	0.260763729890311
V	0.0253295610644401	0.00398351753589985	0.0434389383058046	5.44396302165322e-05	0.7225215642344
A	0.0208387187459694	0.0913128442674463	0.00529779303996612	0.000450929069403962	0.00558464033719369
G	0.0094947966693488	0.0393464973820424	0.00143710315064532	0.000542724006949772	0.000499820167129452
S	0.0329074206479654	0.433112747486326	0.0145705417064916	0.00186425087820705	0.000734534117522944
T	0.0267309242752816	0.0233703549702979	0.540147789888542	0.000710662408999734	0.00781812454017312
R	0.0552810120744147	0.0833063816532473	0.035464654950611	0.0123350537151590	2.19440927530326e-08
K	0.0785295527513375	0.0809770675979415	0.0301723718322312	0.00912073214097889	1.06007136351054e-07
H	0.0115390673946853	0.00599445769174174	0.00689599428674347	0.186510476777513	2.80050864938568e-15
N	0.0164082052195888	0.0463515246451653	0.00334794143684575	0.00688468889701968	3.18986630148677e-05
Q	0.203312619389482	0.0481444863334126	0.0235468055099939	0.0104164126670617	8.0954191134315e-05
D	0.0354052141698044	0.0331069816435328	0.0110204190357907	0.00472172105569823	0.000523475289592842
E	0.0301198478443262	0.0562214279926488	0.0376965819293559	0.00544909046190565	0.00133919407616914
P	6.14586546684866e-19	4.38562112187366e-09	6.42659110015133e-91	9.04599635507946e-05	1.39606359242539e-44
C	0	0	0	0	0
