	-4	-3	-2	-1	0
W	0.199322169511082	0.055583882751901	0.0152861749286642	0.225958710849046	0
F	0.0837796686610293	0.0226349880125905	0.0432324769499546	0.29927780259762	2.39938038471293e-163
Y	0.0867326622107834	0.0494125441243441	0.0558953522534092	0.309133181331583	8.2927886655625e-257
M	0.0599341248651326	0.0654234933239236	0.0317313063346661	0.00627012229152064	8.21929730005715e-11
L	0.0175367914972336	0.00739968126075474	0.0558012530256715	0.0248082069780387	1.11071520127639e-10
I	0.00246425008249003	0.0136947731245567	0.347915812278428	0.000561202718804883	0.00449347722039367
V	0.00437992029888973	0.02306770966575	0.192762450675512	0.000871985203253954	0.963526286667854
A	0.0112843125397458	0.0639650937527764	0.00994265500399443	0.00180015201177539	0.00782321460238703
G	0.0110891209611274	0.0114029400636589	0.00107317458820907	0.000405250191512593	0.000992114045055935
S	0.0168953823772971	0.0802993629342742	0.00981896971096836	0.00148121987809583	0.00187384688786952
T	0.0365360809055351	0.0516851740820125	0.0331472292498082	0.00305784797694711	0.0163590505112842
R	0.137994938183659	0.21003886196705	0.065697032957971	0.0395202720804676	1.53667270202334e-13
K	0.0399586471314076	0.0947015325854054	0.0404181739479521	0.00971194999660619	1.54059076090144e-06
H	0.0172435847542236	0.00378144530279343	0.00714805306138821	0.0635351571517732	4.7729794730916e-35
N	0.0477738469430655	0.0139693408449212	0.00784582282182843	0.00345269457551353	5.1316277097903e-05
Q	0.0608198587903489	0.0703619320512744	0.042582756802423	0.00592175226127136	0.000254697410836188
D	0.0958888924903298	0.0217831628848555	0.0129908934447636	0.00150829320479220	0.000655104728503573
E	0.0703657477966194	0.140794081252379	0.0267104119643883	0.00270086589036327	0.00396935086453873
P	4.04838009437277e-16	1.47776907640445e-11	7.16946390203091e-66	2.33328110140763e-05	1.04712953896893e-48
C	0	0	0	0	0
