	-4	-3	-2	-1	0
W	0.54657030027263	0.00209369407712095	0.00372488302015682	0.796199706411142	2.93103874712598e-295
F	0.0485035661940451	0.00535239702630751	0.0345030027083617	0.157729949940579	9.44048625825202e-60
Y	0.0170163822572584	0.00470671440284539	0.0428194776114581	0.0258650381918623	3.69409652802586e-71
M	0.0661287410163247	0.00902235913062836	0.0216149751259555	0.000965240350210686	4.84272777002488e-05
L	0.0102711242328878	0.000475714713546319	0.00495103673050299	0.00125432068285246	3.81417976590713e-12
I	0.0158286657454537	9.20262592862871e-06	0.0372431622823076	0.00152907549335146	0.147116122815275
V	0.00697359102549102	5.81162500449971e-06	0.0259833060953284	0.000984845924411358	0.846256704793508
A	0.00879054430507379	0.0199995141433594	0.00295922685274708	3.57531297213445e-05	0.000722256398901045
G	0.00294740566286855	0.00340484656284504	0.00078564948933664	2.33989035289404e-05	0.000256296414036837
S	0.0627670819082444	0.0979520508153759	0.00338109475207011	0.000370630358868266	0.000363008136504760
T	0.0180757938359392	0.0290281306375625	0.0178154441101591	0.00371182450463193	0.00413110022753191
R	0.0362755962229849	0.227646435059170	0.0171059213823901	0.00341051514078714	8.06140785159143e-07
K	0.0280586876514575	0.263645583411379	0.0200499702990132	0.000659325590630607	9.57951998550168e-06
H	0.0132025718230456	0.0070674899954465	0.00955021163762942	0.00646686127706247	2.28878771710707e-15
N	0.0272050252588448	0.0208024071621621	0.00954902189468554	0.000277601682777921	6.02037886207106e-06
Q	0.0217033822516218	0.230855697321154	0.0431313293355746	0.000314962789056038	3.76964769756177e-05
D	0.0576634061396829	0.0190966883736441	0.0197783537032083	7.54827762655171e-05	0.000214258185025072
E	0.0120181341961183	0.0588350773683774	0.685053932969115	0.000124801053848787	0.000837723231092667
P	2.75171335572939e-14	1.85548142615865e-07	1.58338038996996e-89	6.65798411271087e-07	1.51521430106460e-58
C	0	0	0	0	0
