	-4	-3	-2	-1	0
W	0.547901832107816	0.0202828316693376	0.00199836307302676	0.0636580466661309	0
F	0.208150672539089	0.00550458964239753	0.0131977302992953	0.819147564980951	6.36306117165157e-205
Y	0.0317925505014323	0.00648978485569767	0.0121046916008778	0.0365372767431818	0
M	0.0307993442223135	0.00047578646837699	0.00119273177659107	0.00141448575109786	3.33381668710343e-17
L	0.00689947010376196	6.0353132494898e-11	0.00327813107911905	0.00338246790532388	5.9529390723303e-19
I	0.000613558111701038	2.49768847729586e-07	0.00451301078278472	0.00153336493262878	0.000563082026238862
V	0.00101684272284726	6.78962629623799e-05	0.00450348219479774	0.00150469467498107	0.995493050309093
A	0.00263588434467901	0.00293722280853002	0.00023896687044558	9.46260708103687e-05	0.000771234602757887
G	0.00155647149365826	0.000480127976657687	2.28430558129797e-05	1.03565646148523e-05	3.49249167858542e-05
S	0.0382711825337754	0.0125722937885985	0.0098581865623616	0.000142980055788791	0.000162977999808296
T	0.00812442822903607	0.00390992708292846	0.872793950558408	0.00098974428162064	0.00295406969654052
R	0.0215571827901799	0.00263720827599805	0.00957343800320503	0.0245696288250012	1.58196636532837e-29
K	0.0184255210433595	0.00221140174043268	0.00208968036283009	0.00180709629132142	2.39248083296962e-23
H	0.00560772257488869	0.00122347000996846	0.00372485923083121	0.040191645466919	1.89402009196855e-39
N	0.0208029240136935	0.0110242855928066	0.000907763213512122	0.000510537948677934	7.80723627435596e-08
Q	0.00663501330903051	0.00835381114164397	0.0225348789775045	0.00390616661635027	1.50367618347459e-10
D	0.0243979283443131	0.875796368459147	0.007597841329554	0.000257509583688756	1.97625924938386e-05
E	0.0248114710144249	0.0460327443410688	0.0298694510290420	0.000340749892432144	8.19633551528333e-07
P	4.21203316408941e-27	5.42467632932996e-11	7.30770787098214e-135	1.05674847949050e-06	2.21658479904825e-81
C	0	0	0	0	0
