	-4	-3	-2	-1	0
W	0.129230218038374	0.00756568657525663	0.00289916977164658	0.441952142621251	4.59673270951923e-305
F	0.0784880162276667	0.00910802356750343	0.00540053439657	0.0812627254577723	8.62733825802186e-44
Y	0.0553765256420551	0.00743153767095983	0.00765246672494462	0.0330442744893814	1.60005930884394e-40
M	0.153391868213961	0.00616787591476676	0.00524931177661726	0.00810283470472817	1.60908096284647e-05
L	0.0295933315623084	1.15811283963341e-05	0.00509770504306331	0.0107021024049032	1.10758622038742e-09
I	0.00756164555884921	0.000283390516587009	0.00523047813429449	0.00685012962696065	0.130254359765477
V	0.0219868336098368	0.000127439270798682	0.00669246780803215	0.00733316292833957	0.803816161851628
A	0.0158328000795380	0.0784146754521706	0.00392188433332948	0.00298392572819487	0.0243183189345392
G	0.00596035867612378	0.0256332500259760	0.00113662033273895	0.000798994717244642	0.00315256866391727
S	0.0277672057245908	0.190588264529088	0.00708197483997123	0.00747681528674408	0.00613248899517511
T	0.0529872848227866	0.0191901675455625	0.00408917600099504	0.0313294628357904	0.0249554094126857
R	0.0448239160403513	0.227658411517610	0.0230317660662068	0.241497419069015	2.43871058826646e-07
K	0.140751695089118	0.0228339077453976	0.00542643849367231	0.0336474257360116	0.000115352221934875
H	0.0390106529759221	0.016459828541541	0.00645530291905574	0.0689840923533343	2.25880760457660e-09
N	0.0310224920452062	0.139454380454400	0.00334906264427720	0.00562225931939172	0.000249670684137478
Q	0.0401133359871014	0.0465750583884909	0.0332596139756317	0.0100104445893107	0.000138447546426276
D	0.0273648209200197	0.0275766451416618	0.0363414377303539	0.00522600521456902	0.00160105929405868
E	0.098736998785989	0.174919509418404	0.8376845890086	0.00299245722927564	0.00524982458293873
P	2.01529017021056e-13	3.66595428283646e-07	1.56323133739228e-70	0.00018332568778155	2.04065493344796e-84
C	0	0	0	0	0
