	-4	-3	-2	-1	0
W	0.823710683463675	6.04675760604895e-06	0.00259826402505156	0.994161781312236	0
F	0.0110048641798698	1.32171900732606e-05	0.00461036909391016	0.00266804495625898	1.65750660395966e-104
Y	0.0269177807728686	0.000120634208949672	0.00461319568188222	0.00192993744358060	9.9112320560767e-265
M	0.0224555015752352	0.000257834922309142	0.00356980262995145	2.87553972667559e-05	1.54585233295456e-08
L	0.000888927661651233	6.05234349008309e-20	0.000165807770381367	2.83266849261245e-05	1.86505222439642e-15
I	0.00198257972922789	3.44971352943212e-05	0.00212661571786633	5.76689434784967e-05	0.02979574641932
V	0.000380406122713113	6.75921997515943e-06	0.00738558253113932	1.44328374162173e-05	0.969388066190233
A	0.00213321563422774	0.000306854890655799	0.000715188463298305	1.50358900990325e-06	7.55346746548449e-05
G	0.000370490254190325	3.51154946827533e-05	4.36026918393856e-06	4.72836397180023e-07	4.68046054301289e-06
S	0.0319859834438554	0.00631138753179973	0.0166682536354135	1.86373260257072e-06	8.29097811865196e-06
T	0.00170745961325902	0.000188214823013854	0.870887328891447	3.13378005726617e-05	0.000714610101845278
R	0.00960666907561131	0.000508739233609626	0.00906708974957884	0.000357899738280815	1.80353317804337e-14
K	0.00411290067766615	2.07506505322651e-05	0.00931114506503148	9.68717132080893e-05	8.70756116517033e-10
H	0.00838778343034482	2.66304349618522e-06	0.00844564775302402	0.000458003734907905	5.35992316846611e-30
N	0.00386365418039027	0.000218257121762324	0.00203718145664782	2.88584354680964e-05	1.03757471195441e-07
Q	0.0104253243162907	0.000483027517547151	0.00576189246286923	0.000116431479114929	1.56833855156617e-07
D	0.0339008888477636	0.230007171845687	0.0213039611303401	3.91047566546262e-06	7.11572862518418e-06
E	0.00616488702115958	0.761478828412675	0.0307283136729837	1.38983734223146e-05	5.67852603447394e-06
P	2.2634505345878e-23	3.30523136149927e-13	1.93785868706036e-137	5.16187111588065e-10	8.36398067489365e-72
C	0	0	0	0	0
