	-4	-3	-2	-1	0
W	0.00339448149622884	0.00215596072032922	0.000734099043076043	0.0461192917980695	0
F	0.00137110743468646	0.0270009935958387	0.00399531551171044	0.0592725325376967	0
Y	0.00117651699759805	0.0712169428463067	0.0250768211045186	0.247910548852776	0
M	0.00430581084000006	0.0137947885447336	0.00530397091630994	0.0184389355491397	1.75548281069532e-11
L	0.00212334558929758	0.00875103090217098	0.000255296860322634	0.00396503069190608	1.02442836067027e-12
I	8.95450898644572e-05	0.095410901626718	0.00181125056553707	0.0746382324154843	0.00260903422733724
V	0.000106322404081179	0.129201058353166	0.0106746274834715	0.0277739106484338	0.994545265562923
A	0.000215381505523252	0.00127514936937134	0.00113727203323287	0.00259336640231382	0.00156599451634434
G	2.64542874779209e-05	0.000240022156996022	2.74936878420213e-05	0.000623230319514147	0.000294909617713312
S	0.00095425576630291	0.0166794031390325	0.00522263705396402	0.0297993428278925	0.000254654738089957
T	0.00130792911897628	0.0997789053167341	0.626205961377204	0.0573190269920779	0.00065989887709821
R	0.785959446937113	0.0250624638916121	0.209092168054402	0.0462767401785876	2.67531313559295e-76
K	0.186443390595667	0.0146123082105027	0.0476800576352728	0.0219099637717869	2.11538258487625e-38
H	0.000851222752846103	0.00309563146369696	0.0208767386931118	0.00444688708150288	1.38088821716027e-91
N	0.00208586335320841	0.0454531949952611	0.000901995483703778	0.00817583680507319	3.85291643855974e-07
Q	0.00497836255282882	0.101109731015777	0.0195494178836082	0.0130715284769762	1.75219096097243e-07
D	0.00171500488057863	0.253226702204162	0.00314180986421907	0.0655504884756879	1.30661665231422e-05
E	0.00289555839772145	0.0919348116475915	0.0183130667484939	0.272056637142088	5.66157646518326e-05
P	1.27022441235370e-56	1.42168021762960e-69	9.54150991592376e-95	5.84690329920553e-05	1.06150538422206e-185
C	0	0	0	0	0
