
Last position-specific scoring matrix computed, weighted observed percentages rounded down, information per position, and relative weight of gapless real matches to pseudocounts
           A  R  N  D  C  Q  E  G  H  I  L  K  M  F  P  S  T  W  Y  V   A   R   N   D   C   Q   E   G   H   I   L   K   M   F   P   S   T   W   Y   V
    1 E   -1 -1  3  1 -3  1  4 -2 -1 -4 -4  0 -3 -4 -2  3  0 -4 -3 -3    0   0  18   3   0   0  49   0   0   0   0   0   0   0   0  30   0   0   0   0  0.56 0.17
    2 P   -1 -3 -3 -2 -4 -2 -2 -3 -3 -4 -4 -1 -3 -5  9 -1 -2 -5 -4 -3    0   0   0   0   0   0   0   0   0   0   0   2   0   0  98   0   0   0   0   0  2.20 0.18
    3 W    2 -3 -4 -4 -2 -2 -1 -2 -3 -2 -2 -3 -2  0 -3 -2 -2 11  1 -1   30   0   0   0   0   0   4   0   0   0   3   0   0   0   0   0   0  60   0   3  1.42 0.19
    4 Q    4  0 -2 -2 -2  2 -1  0 -2 -3 -3  2 -2 -3 -2  0 -1 -3 -3 -2   61   0   0   0   0  14   0   4   0   0   0  22   0   0   0   0   0   0   0   0  0.42 0.19
    5 F   -3 -3 -3 -4 -3 -3 -3 -4  1 -2 -1 -3 -1  5 -4 -3 -3  1  7 -2    0   0   0   0   0   0   0   0   0   0   0   0   0  32   0   0   0   0  68   0  1.08 0.19
    6 S    3 -2 -1 -2 -2 -1 -1  1 -2 -3 -3 -1 -2 -1 -2  4  0 -3  1 -2   36   0   0   0   0   0   0  10   0   0   0   0   0   2   0  47   0   0   5   0  0.42 0.19
    7 M    2 -2 -3 -2  8 -2 -3 -1 -3 -1  0 -2  2 -3 -3 -1 -1 -3 -3  0   26   2   0   3  43   0   0   4   0   0   5   0   9   0   0   0   0   0   0   7  0.57 0.19
    8 L   -2 -1 -4 -4 -2 -3 -3 -4 -3  1  5 -3  3  0 -4 -3 -2 -3 -2  1    0   3   0   0   0   0   0   0   0   0  78   0   6   0   0   0   0   0   0   9  0.53 0.19
    9 A    4 -2 -2 -2  2 -2 -2  3 -3 -3 -3 -2 -2 -3 -2  0 -1 -3 -3 -1   65   0   0   0   4   0   0  28   0   0   0   0   0   0   0   0   0   0   0   0  0.55 0.19
   10 A    5 -2 -2 -3  2 -2 -2 -1 -2 -2 -2 -1 -2 -3 -2  1 -1 -3 -3 -1   94   0   0   0   4   0   0   0   0   0   0   0   0   0   0   0   0   0   0   0  0.62 0.19
   11 Y   -3 -2 -3 -4 -3 -2 -3 -4  1 -2 -2 -3 -2  3 -4 -2 -2  2  8 -2    0   0   0   0   0   0   0   0   0   0   0   0   0   0   0   0   0   0  98   0  1.24 0.19
   12 M   -2 -2 -3 -4 -2 -1 -3 -3 -2  1  1 -2  8 -1 -3 -2 -1 -2 -2  0    0   0   0   0   0   0   0   0   0   0   0   0  89   0   0   0   0   0   0   0  0.64 0.19
   13 F   -3 -4 -4 -4 -3 -4 -4 -4 -2 -1  1 -4 -1  8 -4 -3 -3  0  2 -1    0   0   0   0   0   0   0   0   0   0   6   0   0  89   0   0   0   0   0   0  1.01 0.23
   14 L   -3 -3 -4 -4 -3 -3 -4 -4 -3  0  3 -4  2  6 -4 -3 -2 -1  1 -1    0   0   0   0   0   0   0   0   0   0  34   0   6  54   0   0   0   0   0   0  0.65 0.23
   15 L   -2 -3 -4 -4 -2 -3 -4 -5 -4  1  5 -3  1  0 -4 -3 -2 -2 -2  0    0   0   0   0   0   0   0   0   0   0  94   0   0   0   0   0   0   0   0   0  0.68 0.23
   16 I   -2 -4 -4 -4 -2 -4 -4 -5 -4  6  1 -3  1 -1 -4 -3 -1 -3 -2  2    0   0   0   0   0   0   0   0   0  91   0   0   2   0   0   0   0   0   0   0  0.65 0.23
   17 M   -1 -3 -4 -4 -2 -3 -4 -4 -4  3  4 -3  3 -1 -4 -3 -2  1 -2  1    2   0   0   0   0   0   0   0   0  18  60   0   7   0   0   0   0   2   0   6  0.49 0.23
   18 L    0 -3 -3 -3 -2 -2 -3 -2 -3  1  2 -2  0 -1 -3 -1  3 -3 -2  3    7   0   0   0   0   0   0   2   0   1  27   0   0   1   0   0  29   0   0  28  0.27 0.24
   19 G    0 -3 -1 -2  1 -3 -3  7 -3 -4 -4 -2 -4 -4 -3 -1 -2 -3 -4 -4    2   0   0   0   4   0   0  90   0   0   0   0   0   0   0   0   0   0   0   0  1.17 0.24
   20 F   -3 -4 -4 -4 -3 -4 -4 -4 -2  0  0 -4 -1  8 -5 -3 -3  0  2 -1    0   0   0   0   0   0   0   0   0   3   0   0   0  93   0   0   0   0   0   0  1.11 0.24
   21 P   -2 -3 -3 -2 -4 -2 -2 -3 -3 -4 -4 -2 -3 -5  9 -1 -2 -5 -4 -3    0   0   0   0   0   0   0   0   0   0   0   0   0   0  95   1   0   0   0   0  2.16 0.24
   22 I   -2 -4 -4 -4 -2 -3 -4 -4 -3  5  1 -3  0 -1 -4 -3 -1 -4 -2  4    0   0   0   0   0   0   0   0   1  60   1   0   0   0   0   0   0   0   0  34  0.59 0.24
   23 N   -2 -1  7  1 -4 -1 -1 -1  0 -4 -4 -1 -3 -4 -3  0 -1 -5 -3 -4    0   0  96   0   0   0   0   0   0   0   0   0   0   0   0   0   0   0   0   0  1.10 0.25
   24 F   -3 -4 -4 -4 -3 -4 -4 -1 -2 -1  0 -4 -1  8 -5 -3 -3  0  2 -2    0   0   0   0   0   0   0   5   0   0   0   0   0  92   0   1   0   0   0   0  1.08 0.25
   25 L   -2 -3 -4 -5 -2 -3 -4 -5 -4  1  5 -3  2  0 -4 -3 -2 -3 -2  0    0   0   0   0   0   0   0   0   0   0  96   0   1   0   0   0   0   0   0   0  0.75 0.25
   26 T   -1 -2 -1 -2 -2 -2 -2 -3 -3 -2 -2 -2 -2 -3 -2  1  6 -3 -3 -1    0   0   0   0   0   0   0   0   0   0   0   0   0   0   0   0  98   0   0   0  0.85 0.26
   27 L   -2 -3 -4 -5 -2 -3 -4 -5 -4  1  5 -3  2  0 -4 -3 -2 -3 -2  0    0   0   0   0   0   0   0   0   0   0  96   0   1   0   0   0   0   0   0   0  0.76 0.26
   28 Y   -3 -3 -2 -4 -3 -2 -3 -4  1 -2 -2 -3 -2  3 -4 -3 -3  2  8 -2    0   0   1   0   0   0   0   0   0   0   0   0   0   4   0   0   0   0  91   0  1.27 0.26
   29 V   -1 -4 -4 -4 -2 -3 -3 -4 -4  2  0 -3  0 -2 -3 -3  0 -4 -2  6    0   0   0   0   0   0   0   0   0   0   0   0   0   0   0   0   1   0   0  96  0.70 0.26
   30 T   -1 -2 -1 -2 -2 -2 -2 -3 -3 -2 -2 -2 -2 -3 -2  1  7 -3 -3 -1    0   0   0   0   0   0   0   0   0   0   0   0   0   0   0   1  98   0   0   0  0.87 0.26
   31 V   -2 -4 -4 -4 -2 -4 -4 -5 -4  5  3 -4  1 -1 -4 -3 -2 -3 -2  2    0   0   0   0   0   0   0   0   0  57  30   0   1   0   0   0   0   0   0   8  0.59 0.26
   32 Q   -2 -1 -1  1 -5  3  6 -3 -1 -4 -4  1 -3 -4 -2 -1 -2 -4 -3 -3    0   0   1   0   0  16  80   0   0   0   0   2   0   0   0   1   0   0   0   0  0.95 0.26
   33 H   -3 -1  1 -2 -4  0 -1 -3 10 -4 -4 -2 -3 -2 -3 -2 -2 -3  1 -4    0   0   2   0   0   0   0   0  97   0   0   0   0   0   0   0   1   0   0   0  1.46 0.26
   34 K   -2  2 -1 -2 -4  1  0 -3 -2 -4 -4  7 -2 -4 -2 -1 -2 -4 -3 -3    0   0   0   0   0   0   0   0   0   0   0 100   0   0   0   0   0   0   0   0  0.94 0.26
   35 K   -2  2 -1 -2 -4  1  0 -3 -2 -4 -4  7 -2 -4 -2 -1 -2 -4 -3 -3    0   0   0   0   0   0   0   0   0   0   0 100   0   0   0   0   0   0   0   0  0.94 0.26
   36 L   -2 -3 -5 -5 -2 -3 -4 -5 -4  1  5 -4  2  0 -4 -4 -2 -3 -2  0    0   0   0   0   0   0   0   0   0   0 100   0   0   0   0   0   0   0   0   0  0.83 0.26
   37 R   -2  7 -1 -3 -5  0 -1 -3 -1 -4 -3  2 -2 -4 -3 -2 -2 -4 -3 -4    0 100   0   0   0   0   0   0   0   0   0   0   0   0   0   0   0   0   0   0  1.21 0.26
   38 T   -1 -2 -1 -2 -2 -1 -2 -3 -3 -2 -2 -1 -2 -3 -2  1  6 -4 -3 -1    0   0   0   0   0   1   0   0   0   0   0   0   0   0   0   2  95   0   0   0  0.84 0.26
   39 P    0 -3 -3 -2 -4 -2 -2 -3 -3 -4 -4 -2 -3 -5  8 -1 -2 -5 -4 -3    9   0   0   0   0   0   0   0   0   0   0   0   0   0  90   0   0   0   0   0  2.02 0.26
   40 L   -2 -3 -5 -5 -2 -3 -4 -5 -2  1  5 -4  1  0 -4 -4 -2 -3 -2  0    0   0   0   0   0   0   0   0   1   0  99   0   0   0   0   0   0   0   0   0  0.81 0.26
   41 N   -3 -1  8  1 -4 -1 -1 -1  0 -4 -5 -1 -3 -4 -3  0 -1 -5 -3 -4    0   0 100   0   0   0   0   0   0   0   0   0   0   0   0   0   0   0   0   0  1.21 0.26
   42 Y   -3 -3 -3 -4 -3 -2 -3 -4  1 -2 -2 -3 -2  3 -4 -3 -3  2  9 -2    0   0   0   0   0   0   0   0   0   0   0   0   0   0   0   0   0   0  98   0  1.37 0.26
   43 I   -2 -4 -4 -4 -2 -4 -4 -5 -4  6  1 -4  0 -1 -4 -2 -1 -4 -2  2    0   0   0   0   0   0   0   0   0  92   1   0   0   0   0   4   0   0   0   4  0.75 0.26
   44 L   -2 -3 -5 -5 -2 -3 -4 -5 -4  1  5 -4  1  0 -4 -4 -2 -3 -2  0    0   0   0   0   0   0   0   0   0   0  99   0   0   0   0   0   0   0   0   0  0.81 0.26
   45 L   -2 -3 -5 -5 -2 -3 -4 -5 -4  1  5 -4  1  0 -4 -4 -2 -3 -2  0    0   0   0   0   0   0   0   0   0   0  99   0   0   0   0   0   0   0   0   0  0.82 0.26
   46 N   -3 -1  8  1 -4 -1 -1 -1  0 -4 -5 -1 -3 -4 -3  0 -1 -5 -3 -4    0   0 100   0   0   0   0   0   0   0   0   0   0   0   0   0   0   0   0   0  1.21 0.26
   47 L   -2 -3 -5 -5 -2 -3 -4 -5 -4  1  5 -4  2  0 -4 -4 -2 -3 -2  0    0   0   0   0   0   0   0   0   0   0  99   0   1   0   0   0   0   0   0   0  0.82 0.26
   48 A    6 -2 -3 -3 -1 -2 -2 -1 -3 -2 -2 -2 -2 -3 -2  0 -1 -4 -3 -1   99   0   0   0   0   0   0   0   0   0   0   0   0   0   0   0   0   0   0   1  0.77 0.26
   49 V   -1 -4 -4 -4 -2 -3 -4 -4 -4  2  0 -3  0  0 -4 -3 -1 -4 -2  6    0   0   0   0   0   0   0   0   0   4   0   0   0   5   0   0   0   0   0  91  0.70 0.26
   50 A    6 -2 -2 -3 -1 -2 -2  1 -3 -2 -3 -2 -2 -3 -2  1 -1 -4 -3 -1   92   0   0   0   0   0   0   5   0   0   0   0   0   0   0   2   0   0   0   0  0.72 0.26
   51 D   -3 -2  5  6 -4 -1  0 -1 -1 -4 -5 -1 -4 -4 -3 -1 -1 -5 -4 -4    0   0  39  59   0   0   0   1   0   0   0   0   0   0   0   0   0   0   0   0  1.01 0.26
   52 L   -2 -3 -4 -5 -2 -3 -4 -5  1  1  5 -3  1  0 -4 -3 -2 -3 -2  0    0   0   0   0   0   0   0   0   6   0  94   0   0   0   0   0   0   0   0   0  0.75 0.26
   53 F   -3 -4 -4 -5 -3 -4 -4 -4 -2 -1  0 -4 -1  8 -5 -3 -3  1  3 -2    0   0   0   0   0   0   0   0   0   0   3   0   0  97   0   0   0   1   0   0  1.24 0.26
   54 M   -2 -2 -3 -4 -2 -1 -3 -4 -3  1  1 -2  9 -1 -4 -2 -2 -2 -2  0    0   0   0   0   0   0   0   0   0   0   0   0  98   0   0   0   0   0   0   2  0.96 0.26
   55 V   -1 -4 -4 -4 -2 -3 -4 -4 -4  2  0 -3  0 -2 -3 -3 -1 -4 -2  6    0   0   0   0   0   0   0   0   0   4   0   0   0   0   0   0   0   0   0  96  0.75 0.26
   56 F   -3 -4 -4 -5 -2 -4 -4 -4 -3  2  1 -4  0  7 -5 -3 -3  0  2  0    0   0   0   0   1   0   0   0   0  17  11   0   0  70   0   0   0   0   0   1  0.87 0.26
   57 G   -1 -3 -1 -2 -1 -3 -3  7 -3 -5 -5 -3 -4 -4 -3 -1 -3 -4 -4 -4    0   0   0   0   2   0   0  98   0   0   0   0   0   0   0   0   0   0   0   0  1.38 0.26
   58 G   -1 -3 -1 -2 -4 -3 -3  7 -3 -5 -5 -3 -4 -4 -3 -1 -3 -4 -4 -4    0   0   0   0   0   0   0 100   0   0   0   0   0   0   0   0   0   0   0   0  1.42 0.26
   59 F   -3 -4 -4 -5 -3 -4 -4 -4 -2 -1  0 -4 -1  8 -5 -3 -3  0  3 -2    0   0   0   0   0   0   0   0   0   0   0   0   0 100   0   0   0   0   0   0  1.29 0.26
   60 T   -1 -2 -1 -2 -2 -2 -2 -3 -3 -2 -2 -2 -2 -3 -1  1  7 -4 -3 -1    0   0   0   0   0   0   0   0   0   0   0   0   0   0   2   0  98   0   0   0  0.87 0.26
   61 T   -1 -2 -1 -2 -2 -2 -2 -3 -3 -1 -2 -2 -1 -3 -2  1  6 -4 -3  0    0   0   0   0   0   0   0   0   0   0   0   0   0   0   0   1  95   0   0   3  0.84 0.26
   62 T   -1 -2 -1 -2 -2 -2 -2 -3 -3 -2 -2 -2 -2 -3 -2  1  7 -4 -3 -1    0   0   0   0   0   0   0   0   0   0   0   0   0   0   0   0 100   0   0   0  0.90 0.26
   63 L   -1 -3 -3 -4 -2 -2 -3 -4 -3  1  2 -3  8  0 -4 -3 -2 -2 -2  1    2   0   0   0   0   0   0   0   0   6  12   0  74   3   0   0   0   0   0   3  0.74 0.26
   64 Y   -3 -3 -3 -4 -3 -2 -3 -4  1 -2 -2 -3 -2  3 -4 -3 -3  2  9 -1    0   0   0   0   0   0   0   0   0   1   0   0   0   1   0   0   0   1  95   2  1.33 0.26
   65 T   -1 -2 -1 -2 -2 -1 -2 -2 -3 -2 -2 -1 -2 -3 -2  2  6 -4 -3 -1    0   0   0   0   0   0   0   0   0   0   0   0   0   0   0   7  93   0   0   0  0.84 0.26
   66 S    1 -2  0 -1 -2 -1 -1 -1 -2 -3 -3 -1 -2 -3 -2  6  1 -4 -3 -3    6   0   0   0   0   0   0   0   0   0   0   0   0   0   0  94   0   0   0   0  0.77 0.26
   67 L   -1 -3 -3 -4 -2 -2 -3 -4 -3  1  3 -3  8  0 -4 -3 -2 -2 -2  0    2   0   0   0   0   0   0   0   0   2  21   0  74   0   0   0   0   0   0   2  0.77 0.26
   68 H   -3 -1  2 -2 -4  0 -1 -3  9 -4 -4 -1 -3 -2 -3 -2 -2 -3  1 -4    0   1  10   0   0   0   0   0  88   0   0   0   0   0   0   0   0   0   1   0  1.33 0.26
   69 G    0 -3 -1 -2 -4 -3 -3  7 -3 -5 -5 -2 -4 -4 -3 -1 -3 -4 -4 -4    2   0   0   0   0   0   0  98   0   0   0   0   0   0   0   0   0   0   0   0  1.39 0.26
   70 Y   -3 -3 -3 -4 -3 -2 -3 -4  1 -2 -2 -3 -2  3 -4 -3 -3  2  9 -2    0   0   0   0   0   0   0   0   0   0   0   0   0   2   0   0   0   0  97   0  1.38 0.26
   71 F   -3 -4 -4 -5 -3 -4 -4 -4 -2 -1  0 -4 -1  8 -5 -3 -3  0  3 -2    0   0   0   0   0   0   0   0   0   0   0   0   0 100   0   0   0   0   0   0  1.29 0.26
   72 V   -1 -4 -4 -4 -2 -3 -4 -4 -4  3  0 -3  0 -2 -3 -3 -1 -4 -2  6    0   0   0   0   0   0   0   0   0   5   0   0   0   0   0   0   0   0   0  95  0.75 0.26
   73 F   -3 -3 -4 -5 -3 -4 -4 -5 -3  1  4 -4  1  5 -4 -4 -2 -1  0  0    0   0   0   0   0   0   0   0   0   1  64   0   0  34   0   0   0   0   0   0  0.71 0.26
   74 G   -1 -3 -1 -2 -4 -3 -3  7 -3 -5 -5 -3 -4 -4 -3 -1 -3 -4 -4 -4    0   0   0   0   0   0   0 100   0   0   0   0   0   0   0   0   0   0   0   0  1.42 0.26
   75 P   -2  7 -1 -3 -4  0 -1 -3  0 -4 -3  1 -2 -4  2 -1 -1 -4 -3 -2    0  78   0   0   0   1   1   0   1   0   0   0   0   0  12   1   3   0   0   3  0.88 0.26
   76 T   -1 -3 -2 -3 -2 -2 -3 -4 -3  1  4 -3  1 -1 -2 -1  3 -3 -2  0    3   0   1   0   0   0   0   0   0   2  61   0   1   0   1   3  27   0   0   0  0.44 0.26
   77 G   -1 -3 -1 -2 -4 -3 -3  7 -3 -5 -5 -3 -4 -4 -3 -1 -3 -4 -4 -4    0   0   0   0   0   0   0 100   0   0   0   0   0   0   0   0   0   0   0   0  1.42 0.26
   78 C   -1 -5 -4 -5 11 -4 -5 -4 -4 -2 -2 -4 -2 -3 -4 -2 -2 -3 -4 -2    0   0   0   0 100   0   0   0   0   0   0   0   0   0   0   0   0   0   0   0  1.91 0.26
   79 N   -3 -1  7  1 -4 -1 -1 -1  0 -3 -4 -1 -2 -4 -3  0 -1 -5 -2 -4    0   1  94   1   0   0   0   0   0   1   0   0   1   0   0   0   0   0   2   0  1.08 0.26
   80 L   -2 -3 -4 -5 -2 -3 -4 -5 -4  3  4 -4  2  0 -4 -3 -2 -3 -2  1    0   0   0   0   0   0   0   0   0  26  65   0   2   1   0   0   0   0   0   6  0.63 0.26
   81 E   -2 -1 -1  1 -5  1  7 -3 -1 -4 -4  0 -3 -4 -2 -1 -2 -4 -3 -4    0   0   0   0   0   0 100   0   0   0   0   0   0   0   0   0   0   0   0   0  1.12 0.26
   82 G    0 -3 -1 -2 -3 -3 -3  7 -3 -4 -4 -2 -4 -4 -3 -1 -2 -3 -4 -4    6   0   0   0   0   0   0  89   0   0   0   0   0   0   0   0   0   0   0   0  1.17 0.26
   83 F   -3 -4 -4 -4 -3 -4 -4 -4 -2 -1  0 -4 -1  8 -5 -3 -3  0  3 -2    0   0   0   0   0   0   0   0   0   0   3   0   0  86   0   0   0   0   5   0  1.06 0.26
   84 F   -3 -4 -4 -4 -1 -4 -4 -4 -2 -1  0 -4  0  8 -4 -3 -3  0  2 -2    0   0   0   0   2   0   0   0   0   0   0   0   1  90   0   2   0   0   0   0  1.06 0.26
   85 A    6 -2 -2 -3 -1 -2 -2 -1 -3 -2 -2 -2 -2 -3 -2  0 -1 -4 -3 -1   94   0   0   0   0   0   0   0   0   0   0   0   0   0   0   0   0   0   0   0  0.69 0.26
   86 T   -1 -2 -1 -2 -2 -2 -2 -3 -3 -2 -2 -2 -2 -3 -2  1  6 -3 -3 -1    0   0   0   0   0   0   0   0   0   0   0   0   0   0   0   0  94   0   0   0  0.80 0.26
   87 L   -2 -3 -3 -4 -2 -3 -3 -4  3  0  5 -3  1  0 -4 -3 -2 -3 -1  0    1   0   0   0   0   0   0   0  11   0  76   0   2   2   0   0   1   0   0   2  0.52 0.26
   88 G   -1 -3 -1 -2 -3 -3 -3  7 -3 -5 -5 -2 -4 -4 -3 -1 -2 -3 -4 -4    0   0   0   0   0   0   0  94   0   0   0   0   0   0   0   1   0   0   0   0  1.26 0.26
   89 G   -1 -3 -1 -2 -3 -3 -3  7 -3 -5 -5 -2 -4 -4 -3 -1 -3 -3 -4 -4    0   0   0   0   0   0   0  94   0   0   0   0   0   0   0   0   0   0   0   0  1.28 0.26
   90 E   -2 -1 -1  1 -4  2  6 -3 -1 -3 -4  0 -2 -4 -2 -1 -2 -4 -3 -3    0   0   0   0   0   3  89   0   0   1   0   0   1   0   0   0   0   0   0   0  0.92 0.26
   91 I   -2 -4 -3 -4 -2 -3 -4 -4 -4  6  1 -3  3 -1 -4 -3 -2 -3 -2  2    0   0   1   0   0   0   0   0   0  79   1   0  12   0   0   0   0   0   0   1  0.62 0.26
   92 A    4 -2 -1 -2 -2 -2 -2  3 -2 -3 -3 -2 -2 -3 -2  2 -1 -4 -3 -2   49   0   0   0   0   0   0  23   0   0   0   0   0   0   0  22   0   0   0   0  0.49 0.26
   93 L   -2 -3 -4 -5 -2 -3 -4 -5 -4  1  5 -3  2  0 -4 -3 -2 -3 -2  0    0   0   0   0   0   0   0   0   0   0  94   0   1   0   0   0   0   0   0   0  0.72 0.26
   94 W   -4 -4 -5 -5 -3 -3 -4 -3 -3 -4 -3 -4 -2  0 -5 -4 -3 12  2 -4    0   0   0   0   0   0   0   0   0   0   0   0   0   0   0   0   0  94   0   0  2.69 0.26
   95 S    0 -2  0 -1  3 -1 -1 -1 -2 -3 -3 -1 -2 -3 -2  5  1 -4 -3 -2    1   0   0   0   7   0   0   0   0   0   0   0   0   0   0  86   0   0   0   0  0.65 0.26
   96 L   -2 -3 -4 -5 -2 -3 -4 -5 -4  2  5 -3  1  0 -4 -3 -2 -3 -2  0    0   0   0   0   0   0   0   0   0   7  87   0   0   0   0   0   0   0   0   0  0.68 0.26
   97 V   -1 -3 -4 -4 -2 -3 -3 -4 -4  2  0 -3  1 -2 -3 -2 -1 -4 -2  6    2   0   0   0   0   0   0   0   0   0   0   0   2   0   0   0   0   0   0  91  0.63 0.26
   98 V   -1 -3 -4 -4 -2 -3 -3 -4 -4  2  0 -3  0 -2 -3 -2  1 -4 -2  5    1   0   0   0   0   0   0   0   0   4   0   0   0   0   0   0   6   0   0  83  0.58 0.26
   99 L   -2 -3 -4 -5 -2 -3 -4 -5 -4  1  5 -3  1  0 -4 -3 -2 -3 -2  0    0   0   0   0   0   0   0   0   0   0  94   0   0   0   0   0   0   0   0   0  0.73 0.26
  100 A    5 -2 -2 -3 -1 -2 -2 -1 -3 -2 -2 -2 -2 -3 -2  1 -1 -4 -3 -1   89   0   0   0   0   0   0   0   0   0   0   0   0   0   0   3   0   0   0   2  0.64 0.26
  101 I   -2 -4 -4 -4 -2 -4 -4 -5 -4  5  1 -4  1 -1 -4 -3 -1 -4 -2  4    0   0   0   0   0   0   0   0   0  65   0   0   1   1   0   0   0   0   0  27  0.61 0.26
  102 E   -2 -1 -1  1 -5  1  7 -3 -1 -4 -4  0 -3 -4 -2 -1 -2 -4 -3 -4    0   0   0   0   0   0 100   0   0   0   0   0   0   0   0   0   0   0   0   0  1.12 0.26
  103 R   -2  7 -1 -3 -5  0 -1 -3 -1 -4 -3  2 -2 -4 -3 -2 -2 -4 -3 -4    0 100   0   0   0   0   0   0   0   0   0   0   0   0   0   0   0   0   0   0  1.21 0.26
  104 Y   -3 -4 -5 -5 -3 -3 -4 -4 -2 -3 -3 -4 -2  1 -5 -4 -3 12  4 -4    0   0   0   0   0   0   0   0   0   0   0   0   0   0   0   0   0  84  16   0  2.48 0.26
  105 V   -2 -3 -4 -4 -2 -3 -4 -5 -4  3  3 -3  3 -1 -4 -3 -1 -3 -2  4    0   0   0   0   0   0   0   0   0  21  25   0  12   0   0   0   0   0   0  43  0.54 0.26
  106 V   -1 -4 -4 -4 -2 -3 -4 -4 -4  2  0 -3  0 -2 -3 -3 -1 -4 -2  6    0   0   0   0   0   0   0   0   0   0   0   0   0   0   0   0   0   0   0  99  0.75 0.26
  107 V   -1 -4 -4 -4 -2 -3 -4 -4 -4  2  0 -3  0 -2 -3 -3 -1 -4 -2  6    0   0   0   0   0   0   0   0   0   1   0   0   0   0   0   0   0   0   0  99  0.76 0.26
  108 C   -1 -5 -4 -5 11 -4 -5 -4 -4 -2 -2 -4 -2 -3 -4 -2 -2 -3 -4 -2    0   0   0   0 100   0   0   0   0   0   0   0   0   0   0   0   0   0   0   0  1.91 0.26
  109 K   -2  2 -1 -2 -4  1  0 -3 -2 -4 -4  7 -2 -4 -2 -1 -2 -4 -3 -3    0   0   0   0   0   0   0   0   0   0   0 100   0   0   0   0   0   0   0   0  0.94 0.26
  110 P   -2 -3 -3 -2 -4 -2 -2 -3 -3 -4 -4 -2 -4 -5  9 -2 -2 -5 -4 -3    0   0   0   0   0   0   0   0   0   0   0   0   0   0 100   0   0   0   0   0  2.34 0.26
  111 M   -2 -4 -4 -4 -2 -3 -4 -5 -4  5  1 -3  5  0 -4 -3 -2 -3 -2  2    0   0   0   0   0   0   0   0   0  68   0   0  22   3   0   0   0   0   0   7  0.65 0.26
  112 S    1 -2  0 -1 -2 -1 -1 -1 -2 -3 -3 -1 -2 -3 -2  5  1 -4 -3 -2    7   0   0   0   0   0   0   2   0   0   0   0   0   0   0  85   6   0   0   0  0.69 0.26
  113 N   -2 -1  7  1 -4 -1 -1 -1  1 -4 -5  0 -3 -4 -3  0 -1 -5 -3 -4    0   0  94   0   0   0   0   1   2   0   0   2   0   0   0   1   0   0   0   0  1.12 0.26
  114 F   -3 -4 -4 -5 -3 -4 -4 -4 -2 -1  0 -4 -1  8 -5 -3 -3  0  3 -2    0   0   0   0   0   0   0   0   0   0   0   0   0 100   0   0   0   0   0   0  1.29 0.26
  115 R   -2  7 -1 -3 -5  0 -1 -3  0 -4 -3  2 -2 -4 -3 -2 -2 -4 -3 -4    0  98   0   0   0   0   0   0   2   0   0   0   0   0   0   0   0   0   0   0  1.18 0.26
  116 F   -3 -4 -4 -5 -3 -4 -4 -4 -2 -1  0 -4 -1  8 -5 -3 -3  0  3 -2    0   0   0   0   0   0   0   0   0   0   2   0   0  98   0   0   0   0   0   0  1.26 0.26
  117 G   -1 -3 -1 -2 -3 -3 -3  7 -3 -4 -4 -2 -3 -4 -3  0  0 -4 -4 -4    0   0   0   0   0   0   0  87   0   0   0   0   0   0   0   3  10   0   0   0  1.16 0.26
  118 E   -2 -1 -1  1 -5  2  7 -3 -1 -4 -4  0 -3 -4 -2 -1 -2 -4 -3 -4    0   0   0   0   0   2  97   0   0   0   0   0   0   0   0   1   0   0   0   0  1.08 0.26
  119 N   -2 -1  7  2 -4  0  0 -2  0 -4 -3  0 -3 -4 -3  0  0 -5 -3 -4    0   0  77   8   0   1   4   0   0   0   2   4   0   0   0   2   2   0   0   0  0.87 0.26
  120 H   -3 -1  0 -2 -4  0 -1 -3 10 -4 -4 -2 -3 -2 -3 -2 -3 -3  1 -4    0   0   0   0   0   0   0   0 100   0   0   0   0   0   0   0   0   0   0   0  1.52 0.26
  121 A    6 -2 -2 -3 -1 -2 -2 -1 -3 -2 -2 -2 -2 -3 -2  1 -1 -4 -3 -1   94   0   0   0   0   0   0   0   0   0   0   0   0   0   0   3   0   0   0   0  0.70 0.26
  122 I   -2 -4 -4 -4 -2 -4 -4 -5 -4  6  1 -4  0  0 -4 -3 -1 -4 -2  2    0   0   0   0   0   0   0   0   0  85   2   0   0   1   0   0   2   0   0   6  0.69 0.26
  123 M   -1 -2 -3 -4 -2 -1 -3 -4 -3  1  1 -2  8  0 -3 -2 -1 -2 -2  0    4   0   0   0   0   0   0   0   0   5   0   0  87   1   0   1   0   0   0   0  0.79 0.26
  124 G   -1 -3 -1 -2 -4 -3 -3  7 -3 -5 -5 -2 -4 -4 -3 -1 -3 -4 -4 -4    0   0   0   0   0   0   0  97   0   0   0   0   0   0   0   0   0   0   0   0  1.34 0.26
  125 V   -2 -3 -4 -4 -2 -3 -4 -4 -4  2  3 -3  1 -1 -4 -3 -1 -3 -2  4    0   0   0   0   0   0   0   0   0   0  44   0   0   0   0   0   0   0   0  53  0.55 0.26
  126 A    4 -3 -2 -3  1 -2 -2  1 -3  0 -1 -2 -1 -3 -2  1  0 -4 -3  1   50   0   0   0   3   0   0  10   0   2   2   0   1   0   0   8   4   0   0  16  0.32 0.26
  127 F   -2 -4 -4 -4  1 -4 -4 -4 -2 -1  1 -4  0  7 -4 -3 -2  1  2 -1    4   0   0   0   4   0   0   0   0   0   7   0   2  75   0   0   1   1   0   3  0.85 0.26
  128 T    0 -2  0 -2  0 -1 -2 -2 -3 -2 -2 -1 -2 -3 -2  2  6 -4 -3 -1    2   0   1   0   1   0   0   0   0   0   0   0   0   0   0  10  82   0   0   0  0.70 0.26
  129 W   -4 -4 -5 -5 -3 -3 -4 -4 -3 -4 -3 -4 -2  0 -5 -4 -3 12  2 -4    0   0   0   0   0   0   0   0   0   0   0   0   0   0   0   0   0  97   0   0  2.79 0.26
  130 V   -1 -3 -4 -4 -2 -3 -4 -4 -4  4  1 -3  2  2 -3 -2  0 -3 -1  4    2   0   0   0   0   0   0   0   0  28   7   0   5   9   0   1   4   0   0  42  0.42 0.26
  131 M    0 -2 -3 -4 -2 -1 -3 -1 -3  0  1 -2  8 -1 -3 -2 -2 -2 -2  0    6   0   0   0   0   0   0   6   0   0   0   0  85   1   0   0   0   0   0   0  0.73 0.26
  132 A    6 -2 -2 -3 -1 -2 -2  0 -3 -2 -2 -2 -2 -3 -2  0 -1 -4 -3 -1   96   0   0   0   0   0   0   1   0   0   0   0   0   0   0   0   0   0   0   0  0.72 0.26
  133 L    1 -3  0 -3  7 -2 -3 -2 -3 -1  2 -2  0 -2 -3  2 -1 -3 -3 -1    9   0   6   0  27   0   0   1   0   1  26   0   2   0   0  24   0   0   0   0  0.38 0.26
  134 A    4 -2 -1 -2 -1 -1 -1 -1 -2 -3 -3 -1 -2 -3 -2  4  1 -4 -3 -2   54   0   0   0   0   0   0   0   0   0   0   0   0   0   0  39   4   0   0   0  0.53 0.26
  135 C   -1 -4 -4 -5 11 -4 -5 -4 -4 -2 -2 -4 -2 -3 -4 -2 -2 -3 -3 -2    0   0   0   0  97   0   0   0   0   0   0   0   0   0   0   0   0   0   0   0  1.81 0.26
  136 A    5 -2 -2 -2  0 -2 -2 -1 -2 -2 -3 -2 -2 -3 -2  2  0 -4 -3 -1   76   0   0   0   1   0   0   0   0   0   0   0   0   0   0  17   2   0   0   0  0.58 0.26
  137 A    1 -3 -4 -4 -2 -3 -3 -1 -4  2  0 -3  0 -1 -3 -2 -1 -4 -2  5   15   0   0   0   0   0   0   4   0   2   2   0   1   3   0   0   0   0   0  71  0.45 0.26
  138 P   -2 -3 -3 -2 -4 -2 -2 -3 -3 -4 -4 -2 -4 -5  9 -2 -2 -5 -4 -3    0   0   0   0   0   0   0   0   0   0   0   0   0   0  97   0   0   0   0   0  2.22 0.26
  139 P   -2 -3 -3 -2 -4 -2 -2 -3 -3 -4 -4 -2 -4 -5  9 -2 -2 -5 -4 -3    0   0   0   0   0   0   0   0   0   0   0   0   0   0  97   0   0   0   0   0  2.22 0.26
  140 L   -2 -3 -4 -5 -2 -3 -4 -5 -4  1  5 -3  1  0 -4 -3 -2 -3 -2  0    0   0   0   0   0   0   0   0   0   0  96   0   0   0   0   0   0   0   0   0  0.76 0.26
  141 V   -1 -3 -4 -4 -2 -3 -4 -4 -4  2  2 -3  0  2 -4 -3 -1 -3 -1  5    1   0   0   0   0   0   0   0   0   3  23   0   0  11   0   0   0   0   0  59  0.48 0.26
  142 G   -1 -3 -1 -2 -4 -3 -3  7 -3 -5 -5 -2 -4 -4 -3 -1 -3 -3 -4 -4    0   0   0   0   0   0   0  96   0   0   0   0   0   0   0   0   0   0   0   0  1.31 0.26
  143 W   -4 -4 -5 -5 -3 -3 -4 -4 -3 -4 -3 -4 -2  0 -5 -4 -3 12  2 -4    0   0   0   0   0   0   0   0   0   0   0   0   0   1   0   0   0  96   0   0  2.77 0.26
  144 S    1 -2  0 -1 -2 -1 -1 -1 -2 -3 -4 -1 -2 -3 -2  6  1 -4 -3 -3    0   0   0   0   0   0   0   0   0   0   0   0   0   0   0 100   0   0   0   0  0.81 0.26
  145 R   -2  7 -1 -3 -5  0 -1 -3 -1 -4 -3  2 -2 -4 -3 -2 -2 -4 -3 -4    0 100   0   0   0   0   0   0   0   0   0   0   0   0   0   0   0   0   0   0  1.21 0.26
  146 Y   -3 -3 -3 -4 -4 -2 -3 -4  1 -2 -2 -3 -2  3 -4 -3 -3  2  9 -2    0   0   0   0   0   0   0   0   0   0   0   0   0   4   0   0   0   0  96   0  1.38 0.26
  147 I   -2 -4 -4 -4 -2 -4 -4 -5 -4  6  1 -4  1 -1 -4 -3 -2 -4 -2  2    0   0   0   0   0   0   0   0   0 100   0   0   0   0   0   0   0   0   0   0  0.85 0.26
  148 P   -2 -3 -3 -2 -4 -2 -2 -3 -3 -4 -4 -2 -4 -5  9 -2 -2 -5 -4 -3    0   0   0   0   0   0   0   0   0   0   0   0   0   0 100   0   0   0   0   0  2.34 0.26
  149 E   -2 -1 -1  1 -5  1  7 -3 -1 -4 -4  0 -3 -4 -2 -1 -2 -4 -3 -4    0   0   0   0   0   0  99   0   0   0   0   0   0   0   0   0   0   0   0   0  1.11 0.26
  150 G    0 -3 -1 -2 -4 -3 -3  7 -3 -5 -5 -2 -4 -4 -3 -1 -3 -4 -4 -4    1   0   0   0   0   0   0  98   0   0   0   0   0   0   0   0   0   0   0   0  1.39 0.26
  151 M   -2 -2 -3 -4 -2 -1 -3 -4 -3  1  2 -2  9 -1 -4 -2 -2 -2 -2  0    0   0   0   0   0   0   0   0   0   0   6   0  93   0   0   0   0   0   0   0  0.92 0.26
  152 Q   -2  0 -1 -1 -4  7  1 -3  0 -4 -3  1 -1 -4 -2 -1 -2 -3 -2 -3    0   0   0   0   0  99   0   0   0   0   0   0   0   0   0   0   0   0   0   0  1.10 0.26
  153 C   -1 -5 -4 -5 11 -4 -5 -3 -4 -2 -2 -4 -2 -3 -4 -2 -2 -3 -3 -1    0   0   0   0  97   0   0   1   0   0   0   0   0   0   0   0   0   0   0   3  1.81 0.26
  154 S    1 -2  0 -1 -2 -1 -1 -1 -2 -3 -3 -1 -2 -3 -2  6  1 -4 -3 -3    4   0   0   0   0   1   0   1   0   0   0   0   0   0   0  94   1   0   0   0  0.76 0.26
  155 C   -1 -5 -4 -5 11 -4 -5 -4 -4 -2 -2 -4 -2 -3 -4 -2 -2 -3 -3 -2    0   0   0   0  99   0   0   0   0   0   0   0   0   0   0   0   0   0   0   0  1.89 0.26
  156 G   -1 -3 -1 -2 -4 -3 -3  7 -3 -5 -5 -3 -4 -4 -3 -1 -3 -4 -4 -4    0   0   0   0   0   0   0 100   0   0   0   0   0   0   0   0   0   0   0   0  1.42 0.26
  157 I   -1 -4 -4 -4 -2 -3 -4 -5 -4  5  0 -4  0 -1 -4 -3 -1 -4 -2  5    0   0   0   0   0   0   0   0   0  39   0   0   0   0   0   0   0   0   0  60  0.67 0.26
  158 D   -3 -3  1  7 -5 -1  1 -2 -2 -4 -5 -2 -4 -5 -2 -1 -2 -6 -4 -4    0   0   1  99   0   0   0   0   0   0   0   0   0   0   0   0   0   0   0   0  1.35 0.26
  159 Y   -3 -3 -3 -4 -4 -2 -3 -4  1 -2 -2 -3 -2  3 -4 -3 -3  2  9 -2    0   0   0   0   0   0   0   0   0   0   0   0   0   0   0   0   0   0 100   0  1.43 0.26
  160 Y   -3 -3 -3 -4 -4 -2 -3 -4  1 -2 -2 -3 -2  3 -4 -3 -3  2  9 -2    0   0   0   0   0   0   0   0   0   0   0   0   0   1   0   0   0   0  99   0  1.42 0.26
  161 T   -1 -2 -1 -2 -2 -2 -2 -3 -3 -2 -2 -2 -2 -3 -2  1  7 -4 -3 -1    0   0   0   0   0   0   0   0   0   0   0   0   0   0   0   0 100   0   0   0  0.90 0.26
  162 P   -2  6 -1 -3 -2  0 -1 -4 -1 -3  0  1 -1 -3  0 -2 -2 -4 -3 -3    0  75   1   0   1   0   0   0   0   0  16   0   1   0   5   0   0   0   0   0  0.75 0.26
  163 H    5  0 -1 -2 -2 -1 -1 -1 -1 -2 -3  1 -2 -3 -2  0 -1 -4 -3 -1   76   3   3   0   0   0   0   0   2   0   0  14   0   0   0   1   0   0   0   1  0.53 0.26
  164 E   -1 -1 -2  0 -4  1  5 -3 -1 -4 -4  0 -3 -5  5 -1 -2 -4 -3 -3    1   0   0   0   0   0  67   0   0   0   0   0   0   0  32   0   0   0   0   0  1.04 0.26
  165 E   -1 -3 -1  0 -4 -1  2  6 -3 -5 -5 -2 -4 -4 -3 -1 -2 -4 -4 -4    0   0   0   3   0   0  19  78   0   0   0   0   0   0   0   0   0   0   0   0  1.03 0.26
  166 T   -2 -4 -4 -4 -3 -4 -4 -4 -2  1  0 -4 -1  6 -4 -3 -1  0  3  2    0   0   0   0   0   0   0   0   0  10   2   0   0  57   0   1   4   0  10  16  0.69 0.26
  167 N   -2 -1  7  1 -4 -1  0 -1  2 -4 -5 -1 -3 -4 -3  0 -1 -5 -2 -4    0   0  94   0   0   0   2   0   4   0   0   0   0   0   0   0   0   0   0   0  1.12 0.26
  168 N   -2 -1  8  1 -4 -1 -1 -1  0 -4 -5 -1 -3 -4 -3  0 -1 -5 -3 -4    0   0  99   0   0   0   0   0   0   0   0   0   0   0   0   0   1   0   0   0  1.19 0.26
  169 E   -2 -1 -1  1 -5  1  6 -3 -1 -4 -4  0 -3 -4 -2 -1 -1 -4 -3 -3    0   0   0   3   0   0  93   0   0   0   0   0   0   0   0   0   2   0   0   0  1.01 0.26
  170 S    0 -2  0 -1 -2 -1 -1 -1 -2 -3 -3 -1 -2 -3 -2  6  1 -4 -3 -2    0   0   0   0   0   0   0   0   0   1   0   0   0   0   0  89   3   0   0   0  0.66 0.26
  171 F   -3 -4 -4 -4 -3 -4 -4 -4 -2 -1  0 -4 -1  8 -4 -3 -3  0  3 -2    0   0   0   0   0   0   0   0   0   0   1   0   0  90   0   0   0   0   2   0  1.09 0.26
  172 V   -1 -3 -4 -4 -2 -3 -3 -4 -4  2  0 -3  0 -2 -3 -3 -1 -4 -2  6    0   0   0   0   0   0   0   0   0   0   0   0   0   0   0   0   0   0   0  93  0.65 0.26
  173 I   -2 -4 -4 -4 -2 -3 -4 -4 -4  6  1 -3  1 -1 -4 -3 -1 -3 -2  3    0   0   0   0   0   0   0   0   0  67   2   0   2   0   0   0   0   0   0  21  0.58 0.26
  174 Y   -3 -2 -3 -4 -3 -2 -3 -4  1 -2 -2 -2 -2  2 -4 -3 -3  1  8 -2    0   0   0   0   0   0   0   0   1   0   0   1   0   0   0   0   0   0  91   0  1.21 0.26
  175 M   -2 -2 -3 -4 -2 -1 -3 -4 -2  0  1 -2  9 -1 -3 -2 -2 -2 -2  0    0   0   0   0   0   0   0   0   0   0   0   0  93   0   0   0   0   0   0   0  0.84 0.26
  176 F   -3 -4 -4 -4 -3 -4 -4 -4 -2 -1  0 -4 -1  8 -4 -3 -3  0  2 -2    0   0   0   0   0   0   0   0   0   0   1   0   0  92   0   0   0   0   0   0  1.10 0.26
  177 V   -1 -3 -3 -3  1 -3 -3 -3 -3  3  1 -3  0 -1 -3  0  3 -3 -2  3    2   0   0   0   3   0   0   0   0  22   9   0   0   1   0   5  23   0   0  29  0.28 0.26
  178 V   -1 -4 -4 -4  9 -3 -4 -4 -4  0 -1 -4 -1 -2 -4 -2 -1 -3 -3  3    0   0   0   0  51   0   0   0   0   0   2   0   0   0   0   0   0   0   0  40  0.88 0.26
  179 H   -3 -1  0 -2 -4  0 -1 -3 10 -4 -4 -2 -2 -2 -3 -2 -3 -3  1 -4    0   0   0   0   0   0   0   0  93   0   0   0   0   0   0   0   0   0   0   0  1.34 0.26
  180 F    0 -4 -4 -4 -3 -4 -4 -3 -2 -1  0 -4 -1  8 -4 -3 -3  0  2 -2    9   0   0   0   0   0   0   0   0   0   2   0   0  82   0   0   0   0   0   0  0.90 0.26
  181 I   -1 -3 -2 -3  5 -2 -3 -3 -3  1  2 -3  2 -1 -3  1  2 -3 -2  0    3   0   0   0  16   0   0   0   0  12  22   0   7   2   0  15  15   0   0   2  0.24 0.26
  182 I   -2 -4 -4 -4 -1 -3 -4 -3 -4  5  1 -3  0 -1 -3 -3  0 -3 -2  2    0   0   0   0   1   0   0   2   0  68   4   0   0   1   0   0   8   0   0   9  0.48 0.26
  183 P   -2 -3 -3 -2 -4 -2 -2 -3 -3 -4 -4 -2 -3 -5  8 -2 -2 -5 -4 -3    0   0   0   0   0   0   0   0   0   0   0   0   0   0  93   0   0   0   0   0  2.08 0.26
  184 L   -2 -3 -4 -4 -2 -3 -4 -4 -3  1  4 -3  5  2 -4 -3 -2 -2 -1  0    0   0   0   0   0   0   0   0   0   2  58   0  22  11   0   0   1   0   0   0  0.52 0.26
  185 I    0 -3 -2 -3  3 -2 -2 -3 -3  1 -1 -2  0  2 -3  1  4 -3 -1  1    5   0   0   0   8   0   0   0   0   9   1   0   1  11   0   9  38   0   0   9  0.25 0.26
  186 V   -1 -3 -3 -4 -2 -3 -3 -4 -4  4  0 -3  0 -1 -3 -2  0 -4 -2  4    0   0   1   0   0   0   0   0   0  37   0   0   0   0   0   0   6   0   0  49  0.48 0.26
  187 I   -2 -4 -3 -4 -2 -3 -4 -4 -4  5  1 -3  0 -1 -4 -3 -1 -4 -2  4    0   0   1   0   0   0   0   0   0  61   0   0   0   0   0   0   0   0   0  31  0.58 0.26
  188 F   -2 -3 -3 -4 -1 -3 -3 -3 -2 -1 -1 -3 -1  7 -4  0 -1  0  2 -2    0   0   0   0   2   0   0   1   0   0   0   0   0  73   0  13   4   0   0   0  0.73 0.26
  189 F   -3 -4 -4 -4 -3 -4 -4 -4 -2 -1  0 -4 -1  8 -5 -3 -3  0  2 -2    0   0   0   0   0   0   0   0   0   0   0   0   0  93   0   0   0   0   0   0  1.12 0.26
  190 C   -1 -4 -4 -5 11 -4 -5 -4 -4 -2 -2 -4 -2 -3 -4 -2 -2 -3 -3 -2    0   0   0   0  96   0   0   0   0   0   0   0   0   0   0   0   0   0   0   0  1.79 0.26
  191 Y   -3 -3 -3 -4 -3 -2 -3 -4  1 -2 -2 -3 -2  2 -4 -3 -3  2  9 -2    0   0   0   0   0   0   0   0   0   0   0   0   0   0   0   0   0   0  96   0  1.33 0.26
  192 G   -1 -3 -1 -2 -4 -3 -3  7 -3 -5 -5 -2 -4 -4 -3 -1 -2 -4 -4 -4    0   0   0   0   0   0   0  97   0   0   0   0   0   0   0   2   0   0   0   0  1.35 0.26
  193 Q   -2  7  0 -2 -5  1 -1 -3 -1 -4 -3  2 -2 -4 -3 -2 -2 -4 -3 -4    0  93   2   0   0   5   0   0   0   0   0   0   0   0   0   0   0   0   0   0  1.11 0.26
  194 L   -2 -3 -5 -5 -2 -3 -4 -5 -4  1  5 -4  2  0 -4 -4 -2 -3 -2  0    0   0   0   0   0   0   0   0   0   0  99   0   1   0   0   0   0   0   0   0  0.82 0.26
  195 V   -2 -3 -4 -5 -2 -3 -4 -5 -4  1  5 -3  1 -1 -4 -3 -2 -3 -2  3    0   0   0   0   0   0   0   0   0   0  69   0   0   0   0   0   0   0   0  31  0.64 0.26
  196 F   -1 -5 -4 -5 11 -4 -5 -4 -4 -2 -2 -4 -2  0 -4 -2 -2 -3 -2 -2    0   0   0   0  93   0   0   0   0   0   0   0   0   7   0   0   0   0   0   0  1.71 0.26
  197 T    5 -2 -2 -3 -1 -2 -2 -1 -3 -2 -2 -2 -2 -3 -2  1  3 -4 -3 -1   70   0   0   0   0   0   0   0   0   0   0   0   0   0   0   0  30   0   0   0  0.60 0.26
  198 V   -1 -4 -4 -4 -2 -3 -4 -4 -4  2  0 -3  0 -2 -3 -3 -1 -4 -2  6    0   0   0   0   0   0   0   0   0   0   0   0   0   0   0   0   0   0   0 100  0.77 0.26
  199 K   -2  2 -1 -2 -4  1  0 -3 -2 -4 -4  6 -2 -4 -2 -1 -2 -4 -3 -3    0   2   0   0   0   2   0   0   0   0   0  96   0   0   0   0   0   0   0   0  0.91 0.26
  200 E    0 -1 -1  2 -4  1  6 -2 -1 -4 -4  0 -3 -4 -2 -1 -2 -4 -3 -2    6   0   0   8   0   0  82   2   0   0   0   0   0   0   0   0   0   0   0   2  0.86 0.26
  201 A    6 -2 -3 -3 -1 -2 -2 -1 -3 -2 -2 -2 -2 -3 -2  1 -1 -4 -3 -1  100   0   0   0   0   0   0   0   0   0   0   0   0   0   0   0   0   0   0   0  0.78 0.26
  202 A    6 -2 -3 -3 -1 -2 -2 -1 -3 -2 -2 -2 -2 -3 -2  1 -1 -4 -3 -1  100   0   0   0   0   0   0   0   0   0   0   0   0   0   0   0   0   0   0   0  0.78 0.26
  203 A    6 -2 -3 -3 -1 -2 -2 -1 -3 -2 -2 -2 -2 -3 -2  1 -1 -4 -3 -1  100   0   0   0   0   0   0   0   0   0   0   0   0   0   0   0   0   0   0   0  0.78 0.26
  204 Q    5 -1 -2 -2 -2  4  0 -1 -2 -3 -2 -1 -2 -4 -2  0 -1 -3 -3 -2   66   0   0   0   0  33   0   0   0   0   2   0   0   0   0   0   0   0   0   0  0.57 0.26
  205 Q   -2  0 -1 -1 -4  8  1 -3  0 -4 -3  1 -1 -4 -2 -1 -2 -3 -2 -3    0   0   0   0   0 100   0   0   0   0   0   0   0   0   0   0   0   0   0   0  1.12 0.26
  206 Q   -2  0 -1 -1 -4  8  1 -3  0 -4 -3  1 -1 -4 -2 -1 -2 -3 -2 -3    0   0   0   0   0 100   0   0   0   0   0   0   0   0   0   0   0   0   0   0  1.12 0.26
  207 E   -2 -1 -1  1 -5  1  7 -3 -1 -4 -4  0 -3 -4 -2 -1 -2 -4 -3 -4    0   0   0   0   0   0 100   0   0   0   0   0   0   0   0   0   0   0   0   0  1.12 0.26
  208 S    1 -2  0 -1 -2 -1 -1 -1 -2 -3 -4 -1 -2 -3 -2  6  1 -4 -3 -3    0   0   0   0   0   0   0   0   0   0   0   0   0   0   0 100   0   0   0   0  0.81 0.26
  209 A    0 -1 -1  1 -4  1  6 -3 -1 -4 -4  0 -3 -4 -2 -1 -2 -4 -3 -3   10   0   0   0   0   0  90   0   0   0   0   0   0   0   0   0   0   0   0   0  0.97 0.26
  210 T   -1 -2 -1 -2 -2 -2 -2 -3 -3 -2 -2 -2 -2 -3 -2  1  7 -4 -3 -1    0   0   0   0   0   0   0   0   0   0   0   0   0   0   0   2  98   0   0   0  0.88 0.26
  211 T   -1 -2 -1 -2 -2 -2 -2 -3 -3 -2 -2 -2 -2 -3 -2  1  7 -4 -3 -1    0   0   0   0   0   0   0   0   0   0   0   0   0   0   0   0 100   0   0   0  0.90 0.26
  212 Q   -2  0 -1 -1 -4  8  1 -3  0 -4 -3  1 -1 -4 -2 -1 -2 -3 -2 -3    0   0   0   0   0 100   0   0   0   0   0   0   0   0   0   0   0   0   0   0  1.12 0.26
  213 K   -2  7 -1 -2 -5  0 -1 -3 -1 -4 -3  3 -2 -4 -3 -2 -2 -4 -3 -4    0  90   0   0   0   0   0   0   0   0   0  10   1   0   0   0   0   0   0   0  1.10 0.26
  214 A    6 -2 -2 -3 -1 -2 -2 -1 -3 -2 -2 -2 -2 -3 -2  1 -1 -4 -3 -1   99   0   0   0   0   0   0   0   0   0   0   0   0   0   0   1   0   0   0   0  0.77 0.26
  215 E   -2 -1 -1  1 -5  2  7 -3 -1 -4 -4  0 -3 -4 -2 -1 -2 -4 -3 -4    0   0   0   0   0   2  98   0   0   0   0   0   0   0   0   0   0   0   0   0  1.10 0.26
  216 K   -2  7 -1 -2 -5  0 -1 -3 -1 -4 -3  3 -2 -4 -3 -1 -2 -4 -3 -4    0  80   0   0   0   0   0   0   0   0   0  20   0   0   0   0   0   0   0   0  1.02 0.26
  217 E   -2 -1 -1  1 -5  1  7 -3 -1 -4 -4  0 -3 -4 -2 -1 -2 -4 -3 -4    0   0   0   0   0   0 100   0   0   0   0   0   0   0   0   0   0   0   0   0  1.12 0.26
  218 V   -1 -4 -4 -4 -2 -3 -4 -4 -4  2  0 -3  0 -2 -3 -3 -1 -4 -2  6    0   0   0   0   0   0   0   0   0   0   0   0   0   0   0   0   0   0   0 100  0.77 0.26
  219 T   -1 -2 -1 -2 -2 -1 -2 -2 -2 -2 -2 -1 -2 -3 -2  3  6 -4 -3 -1    0   0   0   0   0   0   0   0   0   0   0   0   0   0   0  19  80   0   0   0  0.75 0.26
  220 R   -2  7 -1 -3 -5  0 -1 -3 -1 -4 -3  2 -2 -4 -3 -2 -2 -4 -3 -4    0 100   0   0   0   0   0   0   0   0   0   0   0   0   0   0   0   0   0   0  1.21 0.26
  221 M   -2 -2 -2 -3 -2 -1 -2 -2 -2 -1  0 -2  6 -1 -2 -2 -2 -2 -2 -1    0   0   0   0   0   0   0   0   0   0   0   0  41   0   0   0   0   0   0   0 -0.03 0.26
  222 V   -1 -2 -2 -2  1 -2 -2 -2 -2  0 -1 -2 -1 -2 -2 -2 -1 -2 -2  2    0   0   0   0   3   0   0   0   0   0   0   0   0   0   0   0   0   0   0  26 -0.26 0.26
  223 I   -2 -2 -2 -2 -2 -2 -2 -2 -2  1 -1 -2 -1 -2 -2 -2 -2 -2 -2  2    0   0   0   0   0   0   0   0   0  11   0   0   0   0   0   0   0   0   0  16 -0.28 0.26
  224 I   -2 -2 -2 -2 -2 -2 -2 -2 -2  1  1 -2  2 -1 -2 -2 -2 -2 -2 -1    0   0   0   0   0   0   0   0   0   8  12   0   7   0   0   0   0   0   0   0 -0.30 0.26
  225 M   -2 -2 -2 -2 -2 -2 -2 -2 -2 -1 -1 -2  5 -1 -2 -2 -2 -2 -2 -1    0   0   0   0   0   0   0   0   0   0   0   0  26   0   0   0   0   0   0   0 -0.22 0.26
  226 V   -1 -2 -2 -2 -2 -2 -2  1 -2 -1 -1 -2 -1 -2 -2 -2 -2 -2 -2  1    0   0   0   0   0   0   1  10   0   0   2   0   1   0   0   0   0   0   0  12 -0.32 0.26
  227 I   -2 -2 -2 -2 -2 -2 -2 -2 -2  1 -1 -2 -1  1 -2 -2 -2 -2 -1  0    1   0   0   0   0   0   0   0   0   8   0   0   0   8   0   0   0   0   0   8 -0.31 0.26
  228 A    1 -2 -2 -2 -2 -2 -2  0 -2 -2 -2 -2 -2 -2 -2  0 -1 -2 -2 -2   14   0   0   0   0   0   0   4   0   0   0   0   0   0   0   8   0   0   0   0 -0.29 0.26
  229 F   -2 -2 -2 -2 -2 -2 -2 -2 -1 -2 -2 -2 -2  2 -2 -2 -2 -1  4 -2    0   0   0   0   0   0   0   0   0   0   0   0   0   9   0   0   0   0  17   0 -0.20 0.26
  230 L   -2 -2 -2 -2 -1 -2 -2 -2 -1  0  2 -2 -1 -1 -2 -2 -2 -2 -2 -1    0   0   0   0   1   0   0   0   1   2  23   0   0   0   0   0   0   0   0   0 -0.28 0.26
  231 I   -2 -2 -2 -2 -2 -2 -2 -2 -2  0 -1 -2  0 -2 -2 -2 -1 -2 -2  2    0   0   0   0   0   0   0   0   0   5   0   0   2   0   0   1   1   0   0  18 -0.30 0.26
  232 C   -2 -1 -2 -2  6 -2 -2 -2 -2 -2 -2 -2 -2 -2 -2 -1 -2 -2 -2 -2    0   2   0   0  23   0   0   0   0   0   0   0   0   0   0   1   0   0   0   0 -0.11 0.26
  233 W   -2 -2 -2 -2 -2 -2 -2 -2 -2 -2 -2 -2 -2 -1 -2 -2 -2  8  0 -2    0   0   0   0   0   0   0   0   0   0   0   0   0   0   0   0   0  26   0   0  0.14 0.26
  234 L   -2 -2 -2 -2  1 -2 -2 -2 -2  0  0 -2 -1 -2 -2 -1  0  0 -2  0    0   0   0   0   4   0   0   0   0   2   7   0   1   0   0   1   6   1   0   5 -0.32 0.26
  235 P   -2 -2 -2 -2 -2 -2 -2 -2 -2 -2 -2 -2 -2 -2  5 -2 -2 -2 -2 -2    0   0   0   0   0   0   0   0   0   0   0   0   0   0  26   0   0   0   0   0 -0.00 0.26
  236 Y   -2 -2 -2 -2 -2 -2 -2 -2 -1 -2 -2 -2 -2  0 -2 -2 -2  0  5 -2    0   0   0   0   0   0   0   0   0   0   0   0   0   0   0   0   0   0  26   0 -0.15 0.26
  237 A    2 -2 -2 -1 -2 -2 -2 -1 -2 -2 -2 -2 -2 -2 -2 -1 -1 -2 -2 -2   24   0   0   1   0   0   0   2   0   0   0   0   0   0   0   0   0   0   0   0 -0.27 0.26
  238 G   -1 -2 -1 -2 -2 -2 -2  0 -2 -2 -2 -2 -2 -2 -2  2 -1 -2 -2 -2    0   0   0   0   0   0   0   5   0   0   0   0   0   0   0  22   0   0   0   0 -0.27 0.26
  239 V   -1 -2 -2 -2 -2 -2 -2 -2 -2  0 -1 -2 -1 -2 -2 -2  0 -2 -2  2    0   0   0   0   0   0   0   0   0   0   0   0   1   0   0   0   5   0   0  20 -0.30 0.26
  240 A    2 -2 -2 -2 -2 -2 -2 -1 -2 -2 -2 -2 -2 -2 -2 -1 -1 -2 -2 -2   25   0   0   0   0   0   0   0   0   0   0   0   0   0   0   1   0   0   0   0 -0.26 0.26
  241 F   -2 -2 -2 -2 -2 -2 -2 -2 -2 -2 -2 -2 -2 -1 -2 -2 -2  8  0 -2    0   1   0   0   0   0   0   0   0   0   0   0   0   1   0   0   0  24   0   0  0.09 0.26
  242 Y   -2 -2 -2 -2 -2 -2 -2 -2 -1 -2 -2 -2 -2  1 -2 -2 -2  1  5 -2    0   0   0   0   0   0   0   0   0   0   0   0   0   3   0   0   0   1  27   0 -0.10 0.26
  243 I   -2 -2 -2 -2 -1 -2 -2 -2 -2  3 -1 -2  0 -1 -2 -2 -2 -2 -2  0    0   0   0   0   1   0   0   0   0  28   0   0   1   0   0   1   0   0   0   0 -0.23 0.26
  244 F   -2 -2 -2 -3 -2 -2 -3 -2 -2 -1 -1 -2 -1  5 -3 -2 -2 -1  1 -2    0   0   0   0   0   0   0   0   0   0   0   0   0  38   0   0   0   0   0   0  0.00 0.26
  245 T   -1 -2 -1 -2  4 -2 -2 -2 -2 -2 -2 -2 -2 -3 -2  0  4 -3 -2 -1    0   0   0   0  12   0   0   0   0   0   2   0   0   0   0   2  48   0   0   0  0.19 0.26
  246 H   -3 -1  4 -1 -4  0 -1 -2  9 -4 -4 -1 -3 -3 -3 -1 -2 -4  0 -4    0   0  27   0   0   0   0   0  73   0   0   0   0   0   0   0   0   0   0   0  1.16 0.26
  247 Q   -2  1 -1 -1 -4  7  1 -3  1 -4 -3  2 -1 -4 -2 -1 -2 -3 -2 -3    0   2   0   0   0  84   0   0   3   0   0  12   0   0   0   0   0   0   0   0  0.94 0.26
  248 G   -1 -3 -1 -2 -4 -3 -3  7 -3 -5 -5 -3 -4 -4 -3 -1 -3 -3 -3 -4    0   0   0   0   0   0   0  99   0   0   0   0   0   0   0   0   0   0   1   0  1.39 0.26
  249 S    2 -2  0 -1  0 -1 -1 -1 -2 -3 -3 -1 -2 -3 -2  5  2 -4 -3 -2   14   0   0   0   2   0   0   0   0   0   0   0   0   1   0  71  11   0   0   0  0.59 0.26
  250 D   -2 -1  1  2 -4  2  6 -3 -1 -3 -4  0 -3 -4 -2  0  0 -4 -3 -3    0   0   5  10   0   6  68   0   0   1   0   0   0   0   0   5   5   0   0   0  0.75 0.26
  251 F   -3 -4 -4 -5 -3 -4 -4 -4 -2 -1  0 -4  0  8 -5 -3 -3  0  3 -1    0   0   0   0   0   0   0   0   0   1   0   0   1  97   0   0   0   0   0   0  1.23 0.26
  252 G   -1 -3 -1 -2 -4 -3 -3  7 -3 -5 -5 -3 -4 -4 -3 -1 -3 -4 -4 -4    0   0   0   0   0   0   0 100   0   0   0   0   0   0   0   0   0   0   0   0  1.42 0.26
  253 P   -1 -3 -3 -2 -4 -2 -2 -3 -3 -4 -4 -2 -4 -5  9 -2 -2 -5 -4 -3    2   0   0   0   0   0   0   0   0   0   0   0   0   0  98   0   0   0   0   0  2.29 0.26
  254 I   -2 -4 -4 -4 -2 -3 -4 -5 -4  4  2 -4  0  0 -4 -3 -1 -3 -2  5    0   0   0   0   0   0   0   0   0  25  20   0   0   2   0   0   0   0   0  54  0.58 0.26
  255 F   -3 -4 -4 -5 -3 -4 -4 -4 -2 -1  0 -4 -1  8 -5 -3 -3  0  3 -1    0   0   0   0   0   0   0   0   0   0   6   0   0  88   0   0   1   0   2   3  1.09 0.26
  256 M   -2 -2 -3 -4 -2 -1 -3 -4 -3  1  1 -2  9 -1 -4 -2 -2 -2 -2  0    0   0   0   0   0   0   0   0   0   0   0   0  99   0   0   0   0   0   0   1  0.97 0.26
  257 T    0 -2 -1 -2 -2 -2 -2 -2 -3 -2 -2 -2 -2 -3 -2  1  6 -4 -3 -1    2   0   0   0   0   0   0   0   0   0   0   0   0   0   0   1  96   0   0   0  0.85 0.26
  258 I   -1 -4 -4 -4 -2 -3 -4 -3 -4  5  3 -4  1  0 -4 -3 -1 -3 -2  2    2   0   0   0   0   0   0   2   0  50  32   0   0   1   0   0   0   0   0  13  0.55 0.26
  259 P   -2 -3 -3 -2 -4 -2 -2 -3 -3 -4 -4 -2 -4 -5  9 -2 -2 -5 -4 -3    0   0   0   0   0   0   0   0   0   0   0   0   0   0 100   0   0   0   0   0  2.34 0.26
  260 A    5 -2 -2 -2 -1 -1 -2 -1 -2 -2 -3 -1 -2 -3 -2  2  0 -4 -3 -1   79   0   0   0   0   0   0   0   0   0   0   0   0   0   0  20   1   0   0   0  0.64 0.26
  261 F   -3 -4 -4 -5 -3 -4 -4 -4 -2 -1  0 -4 -1  8 -5 -3 -3  0  3 -2    0   0   0   0   0   0   0   0   0   0   2   0   0  97   0   0   0   0   0   0  1.23 0.26
  262 F   -3 -4 -4 -5 -3 -4 -4 -4 -2 -1  0 -4 -1  8 -5 -3 -3  0  3 -2    0   0   0   0   0   0   0   0   0   0   0   0   0  99   0   0   0   0   0   0  1.26 0.26
  263 A    6 -2 -2 -3 -1 -2 -2 -1 -3 -2 -2 -2 -2 -3 -2  1 -1 -4 -3 -1   98   0   0   0   0   0   0   0   0   0   0   0   0   0   0   2   0   0   0   0  0.76 0.26
  264 K   -2  2 -1 -2 -4  1  0 -2 -2 -4 -4  7 -2 -4 -2 -1 -2 -4 -3 -3    0   0   0   0   0   0   0   0   0   0   0 100   0   0   0   0   0   0   0   0  0.93 0.26
  265 T    1 -2  0 -1 -2 -1 -1 -1 -2 -3 -3 -1 -2 -3 -2  5  3 -4 -3 -2    3   0   0   0   0   0   0   2   0   0   0   0   0   0   0  79  17   0   0   0  0.67 0.25
  266 S    2 -2  0 -1 -2 -1 -1 -1 -2 -3 -3 -1 -2 -3 -2  5  1 -4 -3 -2   15   0   0   0   0   0   0   1   0   0   0   0   0   0   0  83   0   0   0   0  0.66 0.23
  267 A    5 -2 -1 -2 -1 -1 -1 -1 -2 -3 -3 -1 -2 -3 -2  3  0 -4 -3 -1   67   0   0   0   0   0   0   0   0   0   0   0   0   0   0  32   1   0   0   0  0.59 0.23
  268 V   -2 -4 -4 -4 -2 -4 -4 -5 -4  5  2 -4  1 -1 -4 -3 -1 -3 -2  3    0   0   0   0   0   0   0   0   0  57  20   0   0   0   0   0   0   0   0  23  0.61 0.23
  269 Y   -3 -3 -3 -4 -3 -2 -3 -4  1 -2 -2 -3 -2  3 -4 -3 -3  2  9 -2    0   0   0   0   0   0   0   0   0   0   0   0   0   0   0   0   0   0 100   0  1.37 0.23
  270 N   -2 -1  8  1 -4  0 -1 -1  0 -4 -5 -1 -3 -4 -3  0 -1 -5 -3 -4    0   0  99   0   0   1   0   0   0   0   0   0   0   0   0   0   0   0   0   0  1.14 0.23
  271 P   -2 -3 -3 -2 -4 -2 -2 -3 -3 -4 -3 -2 -3 -5  9 -2 -2 -5 -4 -3    0   0   0   0   0   0   0   0   0   0   1   0   0   0  99   0   0   0   0   0  2.26 0.23
  272 V   -1 -3 -4 -4 -1 -3 -4 -4 -4  2  3 -3  5 -1 -4 -3 -1 -3 -2  3    1   0   0   0   1   0   0   0   0   8  38   0  26   0   0   0   0   0   0  25  0.50 0.23
  273 I   -2 -4 -4 -4 -2 -4 -4 -5 -4  6  1 -4  1 -1 -4 -3 -1 -4 -2  2    0   0   0   0   0   0   0   0   0  99   0   0   1   0   0   0   0   0   0   0  0.77 0.22
  274 Y   -3 -3 -3 -4 -3 -2 -3 -4  1 -2 -2 -3 -2  3 -4 -3 -2  2  9 -2    0   0   0   0   0   0   0   0   0   0   0   0   0   0   0   0   0   0 100   0  1.35 0.22
  275 I   -2 -4 -4 -4 -2 -4 -4 -5 -4  6  1 -4  1 -1 -4 -3 -1 -4 -2  3    0   0   0   0   0   0   0   0   0  85   0   0   0   0   0   0   0   0   0  15  0.71 0.22
  276 M   -1 -4 -4 -4 10 -3 -4 -3 -4 -1  0 -4  2 -1 -4 -2 -2 -3 -3  0    0   0   0   0  75   0   0   2   0   0   8   0  10   3   0   0   0   0   0   4  1.22 0.22
  277 M   -2 -2 -3 -4 -2 -1 -3 -4 -3  1  3 -2  8 -1 -4 -3 -2 -2 -2  0    0   0   0   0   0   0   0   0   0   0  19   0  81   0   0   0   0   0   0   0  0.78 0.22
  278 N   -2 -1  7  1 -4 -1 -1 -1  0 -4 -5 -1 -3 -4 -3  0 -1 -5 -3 -4    0   0  99   0   0   0   0   0   0   0   0   0   0   0   0   0   0   0   0   0  1.12 0.22

                      K         Lambda
Standard Ungapped    0.1431     0.3314
Standard Gapped      0.0410     0.2670
PSI Ungapped         0.1804     0.3179
PSI Gapped           0.0552     0.2670
