	106	107	108	109	110
W	0.286652796201717	0.00248046647540946	0.025984053278742	0.997794510866697	0
F	0.146504286893794	0.00339650598572267	0.0890000153826993	0.00174259094043144	3.71202734602547e-260
Y	0.238618393390517	0.00567064913764581	0.0612580136547186	0.000235013804098076	6.30464819016869e-318
M	0.0367809088481959	0.00746713465544803	0.0113834589007335	1.83316839407825e-05	6.88843328370693e-12
L	0.00802730907023529	2.51234344455147e-05	0.00400938044693125	6.78426207190601e-06	3.18837919854234e-23
I	0.00436261560501282	0.000618611657816241	0.0314705058309374	6.7211883413268e-06	0.00100042667636575
V	0.00282803351366107	0.000532880430705296	0.0286367245533494	7.3587516758698e-06	0.996852965561817
A	0.00551527677177672	0.0154411006602847	0.00161155444187612	1.54707597469852e-06	0.000815204722318587
G	0.000679759408362442	0.00169805113423040	3.43676000406099e-06	8.01621567143629e-08	1.78508164487076e-05
S	0.0342553666204334	0.082161166641424	0.0084174862172587	1.33001402820447e-06	4.00863053310185e-05
T	0.0493191657501838	0.0208602582857714	0.302192687736975	9.70015804471427e-06	0.00124817564742348
R	0.0887884345960426	0.0150426517391058	0.0326067923692115	2.79632618520491e-05	1.40685759616378e-22
K	0.0217928981303786	0.00165014382637833	0.0325558029488369	1.25783722849645e-05	8.9665296370922e-12
H	0.0108993318508779	0.00215569245004757	0.0426114421407075	0.000122301067645375	6.06687565452243e-37
N	0.0180935741292520	0.0136789511422800	0.0093325687877854	1.45979396890304e-06	8.9710597688823e-08
Q	0.0197981966292079	0.0103532332887864	0.0759800459250575	6.05132369169266e-06	1.70676331740724e-08
D	0.0195219747027853	0.0805944630544356	0.0546677095862474	2.27923132206954e-06	1.12270970403292e-05
E	0.00756167788756597	0.736172916000063	0.188278321037928	3.39609914485225e-06	1.39563791695196e-05
P	9.5159594324903e-37	1.51298106789114e-30	2.84790416773585e-130	1.94262896207515e-09	3.12538485296287e-100
C	0	0	0	0	0
