	85	86	87	88	89
W	0.0205084954166780	0.00751762268817686	0.00731507347583054	0.302334997156845	0
F	0.0247344692812482	0.0255551906426899	0.0263115905092264	0.236797218039345	0
Y	0.0253829285434298	0.0197600621028630	0.0312786475568051	0.15711358228413	0
M	0.0506212177296298	0.0657893177704581	0.041403943761807	0.0212627512545086	7.43223156363495e-07
L	0.0427628445261196	0.0192290205154008	0.00893308729291572	0.0316211069574564	1.70455647319238e-07
I	0.00279383058002073	0.151121945228222	0.0325242388240103	0.0384403344146837	0.0742827131841215
V	0.00269117819222145	0.243443100219657	0.0516142201136514	0.0437653122834978	0.920843942690086
A	0.00478189021105091	0.0075231728399913	0.0105688350224476	0.00526919430327528	0.00166371673855786
G	9.56642680819713e-05	0.00010875018731676	6.27712779558782e-05	0.000284034435277291	0.000135313146702553
S	0.0151577030436205	0.0195569731770023	0.0248926320156949	0.008236563667988	0.000316692729156554
T	0.00492091307997717	0.202157449415169	0.300567018613155	0.0500817395863379	0.00241414428455566
R	0.333962729636805	0.0253613128649667	0.152736557869262	0.0132250649930727	1.27912888127339e-39
K	0.280410487334602	0.0251323385739843	0.125716662799604	0.0205302765532318	1.81858006937367e-16
H	0.0082437483081461	0.00388778565532794	0.0345932597112086	0.00549621197276705	3.01757235298357e-48
N	0.0466579924192937	0.00655349829189364	0.00837518509331081	0.00227820049853631	1.57574282392779e-06
Q	0.0545412447134756	0.0670859941324965	0.081244344002884	0.0173605729572999	3.9914866061689e-06
D	0.0354249733976574	0.0288037535111225	0.0117055546488789	0.00755414042456432	4.24518490287692e-05
E	0.0463076893179424	0.081412712183261	0.0501563774113521	0.0382288749168766	0.000294544469557371
P	2.61208409654446e-57	8.0944937466405e-68	3.39969743947024e-99	0.000119823300306015	5.60700412094779e-167
C	0	0	0	0	0
