REMARK  Neural network secondary structure prediction for 2jwk.tab
REMARK     H-Helix    E-Strand   L-Coil 

DATA FIRST_RESID 1

DATA SEQUENCE     SVPVILEVAG IGKYAISIGG ERQEGLTEEM VTQLSRQEFD KDNNTLFLVG 
DATA PREDICTED_SS LLEEEEEEEL LLEEEEEELL EEEELLLHHH HHHHHHHHHH HLLLLEEEEE 
DATA CONFIDENCE   0548999844 3369999767 3885278799 9999999999 5599379999 


DATA SEQUENCE     GAKEVPYEEV IKALNLLHLA GIK
DATA PREDICTED_SS ELLHLLHHHH HHHHHHHHHL LLL
DATA CONFIDENCE   6111778999 9999999963 980

VARS RESID RESNAME CS_CNT CS_CNT_R2 Q_H Q_E Q_L CONFIDENCE SS_CLASS
FORMAT %4d %1s %2d %2d %8.3f %8.3f %8.3f %4.2f %s

    2 S  9  4    0.333    0.333    0.333 0.00 L
    3 V 13  5    0.056    0.214    0.730 0.52 L
    4 P 15  4    0.000    0.709    0.291 0.42 E
    5 V 16  6    0.000    0.935    0.065 0.87 E
    6 I 18  6    0.002    0.990    0.008 0.98 E
    7 L 18  6    0.007    0.990    0.004 0.98 E
    8 E 18  6    0.004    0.987    0.009 0.98 E
    9 V 18  6    0.000    0.949    0.051 0.90 E
   10 A 17  6    0.000    0.731    0.269 0.46 E
   11 G 17  5    0.000    0.274    0.726 0.45 L
   12 I 16  6    0.000    0.341    0.659 0.32 L
   13 G 17  5    0.000    0.346    0.654 0.31 L
   14 K 17  6    0.000    0.808    0.192 0.62 E
   15 Y 18  6    0.002    0.995    0.003 0.99 E
   16 A 18  6    0.010    0.987    0.003 0.98 E
   17 I 18  6    0.007    0.989    0.003 0.98 E
   18 S 18  6    0.004    0.984    0.012 0.97 E
   19 I 17  6    0.000    0.851    0.149 0.70 E
   20 G 16  5    0.000    0.167    0.833 0.67 L
   21 G 16  5    0.015    0.116    0.869 0.75 L
   22 E 17  6    0.000    0.694    0.306 0.39 E
   23 R 18  6    0.000    0.925    0.075 0.85 E
   24 Q 18  6    0.000    0.925    0.075 0.85 E
   25 E 17  6    0.000    0.781    0.219 0.56 E
   26 G 17  5    0.009    0.350    0.641 0.29 L
   27 L 17  6    0.027    0.131    0.843 0.71 L
   28 T 18  6    0.046    0.049    0.905 0.86 L
   29 E 18  6    0.873    0.014    0.113 0.76 H
   30 E 18  6    0.993    0.000    0.007 0.99 H
   31 M 18  6    0.994    0.001    0.005 0.99 H
   32 V 18  6    0.994    0.001    0.005 0.99 H
   33 T 18  6    0.996    0.001    0.003 0.99 H
   34 Q 18  6    0.994    0.002    0.004 0.99 H
   35 L 18  6    0.995    0.001    0.004 0.99 H
   36 S 18  6    0.992    0.001    0.007 0.98 H
   37 R 18  6    0.993    0.000    0.007 0.99 H
   38 Q 18  6    0.989    0.000    0.011 0.98 H
   39 E 18  6    0.986    0.001    0.013 0.97 H
   40 F 18  6    0.983    0.000    0.017 0.97 H
   41 D 18  6    0.964    0.000    0.036 0.93 H
   42 K 17  6    0.792    0.000    0.208 0.58 H
   43 D 17  5    0.212    0.000    0.788 0.58 L
   44 N 17  6    0.010    0.003    0.986 0.98 L
   45 N 18  6    0.000    0.037    0.963 0.93 L
   46 T 18  6    0.000    0.318    0.682 0.36 L
   47 L 18  6    0.000    0.870    0.130 0.74 E
   48 F 18  6    0.006    0.994    0.000 0.99 E
   49 L 18  6    0.014    0.986    0.000 0.97 E
   50 V 17  6    0.009    0.989    0.002 0.98 E
   51 G 16  5    0.000    0.958    0.042 0.92 E
   52 G 16  5    0.000    0.813    0.187 0.63 E
   53 A 17  6    0.030    0.413    0.557 0.14 L
   54 K 18  6    0.380    0.096    0.524 0.14 L
   55 E 17  6    0.552    0.042    0.406 0.15 H
   56 V 15  5    0.116    0.019    0.865 0.75 L
   57 P 15  4    0.062    0.112    0.825 0.71 L
   58 Y 16  6    0.939    0.022    0.039 0.90 H
   59 E 18  6    0.988    0.000    0.012 0.98 H
   60 E 18  6    0.989    0.001    0.010 0.98 H
   61 V 18  6    0.996    0.000    0.004 0.99 H
   62 I 18  6    0.994    0.000    0.006 0.99 H
   63 K 18  6    0.987    0.001    0.011 0.98 H
   64 A 18  6    0.993    0.000    0.007 0.99 H
   65 L 18  6    0.992    0.001    0.007 0.98 H
   66 N 18  6    0.993    0.001    0.006 0.99 H
   67 L 18  6    0.995    0.000    0.005 0.99 H
   68 L 18  6    0.990    0.001    0.010 0.98 H
   69 H 18  6    0.977    0.000    0.023 0.95 H
   70 L 18  6    0.840    0.000    0.160 0.68 H
   71 A 17  6    0.314    0.001    0.685 0.37 L
   72 G 17  5    0.043    0.010    0.947 0.90 L
   73 I 16  6    0.044    0.049    0.908 0.86 L
   74 K 11  5    0.333    0.333    0.333 0.00 L
