24  107   1   1     0.000    0.000    0.000   0.000   0.000   0.000   0.000 t000_ G
24  106   2   2     0.000    0.000    0.000   0.000   0.000   0.000   0.000 t000_ G
24  105   3   3     0.000    0.000    0.000   0.000   0.000   0.000   0.000 t000_ S
24  104   4   4     0.000    0.000    0.000   0.000   0.000   0.000   0.000 t000_ N
24  103   5   5     0.000    0.000    0.000   0.000   0.000   0.000   0.000 t000_ A
24  102   6   6     0.000    0.000    0.000   0.000   0.000   0.000   0.000 t000_ T
24  101   7   7     0.000    0.000    0.000   0.000   0.000   0.000   0.000 t000_ A
24  100   8   8     0.000    0.000    0.000   0.000   0.000   0.000   0.000 t000_ P
24   99   9   9     0.000    0.000    0.000   0.000   0.000   0.000   0.000 t000_ F
24   98  10  10     0.000    0.000    0.000   0.000   0.000   0.000   0.000 t000_ F
24   97  11  11     0.000    0.000    0.000   0.000   0.000   0.000   0.000 t000_ E
24   96  12  12     0.000    0.000    0.000   0.000   0.000   0.000   0.000 t000_ M
24   95  13  13     0.000    0.000    0.000   0.000   0.000   0.000   0.000 t000_ K
24   94  14  14     0.000    0.000    0.000   0.000   0.000   0.000   0.000 t000_ L
24   93  15  15     0.000    0.000    0.000   0.000   0.000   0.000   0.000 t000_ K
24   92  16  16     0.000    0.000    0.000   0.000   0.000   0.000   0.000 t000_ H
24   91  17  17     0.000    0.000    0.000   0.000   0.000   0.000   0.000 t000_ Y
24   90  18  18     0.000    0.000    0.000   0.000   0.000   0.000   0.000 t000_ K
24   89  19  19     0.000    0.000    0.000   0.000   0.000   0.000   0.000 t000_ I
24   88  20  20     0.000    0.000    0.000   0.000   0.000   0.000   0.000 t000_ F
24   87  21  21     0.000    0.000    0.000   0.000   0.000   0.000   0.000 t000_ E
24   86  22  22     0.000    0.000    0.000   0.000   0.000   0.000   0.000 t000_ G
24   85  23  23     0.000    0.000    0.000   0.000   0.000   0.000   0.000 t000_ M
24   84  24  24     0.000    0.000    0.000   0.000   0.000   0.000   0.000 t000_ P
24   83  25  25     0.000    0.000    0.000   0.000   0.000   0.000   0.000 t000_ V
24   82  26  26     0.000    0.000    0.000   0.000   0.000   0.000   0.000 t000_ T
24   81  27  27     0.000    0.000    0.000   0.000   0.000   0.000   0.000 t000_ F
24   80  28  28     0.000    0.000    0.000   0.000   0.000   0.000   0.000 t000_ T
24   79  29  29     0.000    0.000    0.000   0.000   0.000   0.000   0.000 t000_ C
24   78  30  30     0.000    0.000    0.000   0.000   0.000   0.000   0.000 t000_ R
24   77  31  31     0.000    0.000    0.000   0.000   0.000   0.000   0.000 t000_ V
24   76  32  32     0.000    0.000    0.000   0.000   0.000   0.000   0.000 t000_ A
24   75  33  33     0.000    0.000    0.000   0.000   0.000   0.000   0.000 t000_ G
24   74  34  34     0.000    0.000    0.000   0.000   0.000   0.000   0.000 t000_ N
24   73  35  35     0.000    0.000    0.000   0.000   0.000   0.000   0.000 t000_ P
24   72  36  36     0.000    0.000    0.000   0.000   0.000   0.000   0.000 t000_ K
24   71  37  37     0.000    0.000    0.000   0.000   0.000   0.000   0.000 t000_ P
24   70  38  38     0.000    0.000    0.000   0.000   0.000   0.000   0.000 t000_ K
24   69  39  39     0.000    0.000    0.000   0.000   0.000   0.000   0.000 t000_ I
24   68  40  40     0.000    0.000    0.000   0.000   0.000   0.000   0.000 t000_ Y
24   67  41  41     0.000    0.000    0.000   0.000   0.000   0.000   0.000 t000_ W
24   66  42  42     0.000    0.000    0.000   0.000   0.000   0.000   0.000 t000_ F
24   65  43  43     0.000    0.000    0.000   0.000   0.000   0.000   0.000 t000_ K
24   64  44  44     0.000    0.000    0.000   0.000   0.000   0.000   0.000 t000_ D
24   63  45  45     0.000    0.000    0.000   0.000   0.000   0.000   0.000 t000_ G
24   62  46  46     0.000    0.000    0.000   0.000   0.000   0.000   0.000 t000_ K
24   61  47  47     0.000    0.000    0.000   0.000   0.000   0.000   0.000 t000_ Q
24   60  48  48     0.000    0.000    0.000   0.000   0.000   0.000   0.000 t000_ I
24   59  49  49     0.000    0.000    0.000   0.000   0.000   0.000   0.000 t000_ S
24   58  50  50     0.000    0.000    0.000   0.000   0.000   0.000   0.000 t000_ P
24   57  51  51     0.000    0.000    0.000   0.000   0.000   0.000   0.000 t000_ K
24   56  52  52     0.000    0.000    0.000   0.000   0.000   0.000   0.000 t000_ S
24   55  53  53     0.000    0.000    0.000   0.000   0.000   0.000   0.000 t000_ D
24   54  54  54     0.000    0.000    0.000   0.000   0.000   0.000   0.000 t000_ H
24   53  55  55     0.000    0.000    0.000   0.000   0.000   0.000   0.000 t000_ Y
24   52  56  56     0.000    0.000    0.000   0.000   0.000   0.000   0.000 t000_ T
24   51  57  57     0.000    0.000    0.000   0.000   0.000   0.000   0.000 t000_ I
24   50  58  58     0.000    0.000    0.000   0.000   0.000   0.000   0.000 t000_ Q
24   49  59  59     0.000    0.000    0.000   0.000   0.000   0.000   0.000 t000_ R
24   48  60  60     0.000    0.000    0.000   0.000   0.000   0.000   0.000 t000_ D
24   47  61  61     0.000    0.000    0.000   0.000   0.000   0.000   0.000 t000_ L
24   46  62  62     0.000    0.000    0.000   0.000   0.000   0.000   0.000 t000_ D
24   45  63  63     0.000    0.000    0.000   0.000   0.000   0.000   0.000 t000_ G
24   44  64  64     0.000    0.000    0.000   0.000   0.000   0.000   0.000 t000_ T
24   43  65  65     0.000    0.000    0.000   0.000   0.000   0.000   0.000 t000_ C
24   42  66  66     0.000    0.000    0.000   0.000   0.000   0.000   0.000 t000_ S
24   41  67  67     0.000    0.000    0.000   0.000   0.000   0.000   0.000 t000_ L
24   40  68  68     0.000    0.000    0.000   0.000   0.000   0.000   0.000 t000_ H
24   39  69  69     0.000    0.000    0.000   0.000   0.000   0.000   0.000 t000_ T
24   38  70  70     0.000    0.000    0.000   0.000   0.000   0.000   0.000 t000_ T
24   37  71  71     0.000    0.000    0.000   0.000   0.000   0.000   0.000 t000_ A
24   36  72  72     0.000    0.000    0.000   0.000   0.000   0.000   0.000 t000_ S
24   35  73  73     0.000    0.000    0.000   0.000   0.000   0.000   0.000 t000_ T
24   34  74  74     0.000    0.000    0.000   0.000   0.000   0.000   0.000 t000_ L
24   33  75  75     0.000    0.000    0.000   0.000   0.000   0.000   0.000 t000_ D
24   32  76  76     0.000    0.000    0.000   0.000   0.000   0.000   0.000 t000_ D
24   31  77  77     0.000    0.000    0.000   0.000   0.000   0.000   0.000 t000_ D
24   30  78  78     0.000    0.000    0.000   0.000   0.000   0.000   0.000 t000_ G
24   29  79  79     0.000    0.000    0.000   0.000   0.000   0.000   0.000 t000_ N
24   28  80  80     0.000    0.000    0.000   0.000   0.000   0.000   0.000 t000_ Y
24   27  81  81     0.000    0.000    0.000   0.000   0.000   0.000   0.000 t000_ T
24   26  82  82     0.000    0.000    0.000   0.000   0.000   0.000   0.000 t000_ I
24   25  83  83     0.000    0.000    0.000   0.000   0.000   0.000   0.000 t000_ M
24   24  84  84     0.000    0.000    0.000   0.000   0.000   0.000   0.000 t000_ A
24   23  85  85     0.000    0.000    0.000   0.000   0.000   0.000   0.000 t000_ A
24   22  86  86     0.000    0.000    0.000   0.000   0.000   0.000   0.000 t000_ N
24   21  87  87     0.000    0.000    0.000   0.000   0.000   0.000   0.000 t000_ P
24   20  88  88     0.000    0.000    0.000   0.000   0.000   0.000   0.000 t000_ Q
24   19  89  89     0.000    0.000    0.000   0.000   0.000   0.000   0.000 t000_ G
24   18  90  90     0.000    0.000    0.000   0.000   0.000   0.000   0.000 t000_ R
24   17  91  91     0.000    0.000    0.000   0.000   0.000   0.000   0.000 t000_ V
24   16  92  92     0.000    0.000    0.000   0.000   0.000   0.000   0.000 t000_ S
24   15  93  93     0.000    0.000    0.000   0.000   0.000   0.000   0.000 t000_ C
24   14  94  94     0.000    0.000    0.000   0.000   0.000   0.000   0.000 t000_ T
24   13  95  95     0.000    0.000    0.000   0.000   0.000   0.000   0.000 t000_ G
24   12  96  96     0.000    0.000    0.000   0.000   0.000   0.000   0.000 t000_ R
24   11  97  97     0.000    0.000    0.000   0.000   0.000   0.000   0.000 t000_ L
24   10  98  98     0.000    0.000    0.000   0.000   0.000   0.000   0.000 t000_ M
24    9  99  99     0.000    0.000    0.000   0.000   0.000   0.000   0.000 t000_ V
24    8 100 100     0.000    0.000    0.000   0.000   0.000   0.000   0.000 t000_ Q
24    7 101 101     0.000    0.000    0.000   0.000   0.000   0.000   0.000 t000_ A
24    6 102 102     0.000    0.000    0.000   0.000   0.000   0.000   0.000 t000_ V
24    5 103 103     0.000    0.000    0.000   0.000   0.000   0.000   0.000 t000_ N
24    4 104 104     0.000    0.000    0.000   0.000   0.000   0.000   0.000 t000_ Q
24    3 105 105     0.000    0.000    0.000   0.000   0.000   0.000   0.000 t000_ R
24    2 106 106     0.000    0.000    0.000   0.000   0.000   0.000   0.000 t000_ G
24    1 107 107     0.000    0.000    0.000   0.000   0.000   0.000   0.000 t000_ R
24    0 108 108     0.000    0.000    0.000   0.000   0.000   0.000   0.000 t000_ S
